"date","county","state","vehicle_primary_use","battery_electric_vehicles_bevs_","plug_in_hybrid_electric_vehicles_phevs_","electric_vehicle_ev_total","non_electric_vehicles","total_vehicles","percent_electric_vehicles"
"2017-01-31T00:00:00.000","NULL","NULL","Passenger","9","4","13","2597","2610","0.4980842911877394636015325670"
"2017-01-31T00:00:00.000","NULL","WA","Truck","0","0","0","1","1","0"
"2017-01-31T00:00:00.000","NULL","CA","Passenger","1","0","1","469","470","0.2127659574468085106382978723"
"2017-01-31T00:00:00.000","Adams","WA","Truck","0","0","0","5283","5283","0"
"2017-01-31T00:00:00.000","Adams","WA","Passenger","2","1","3","12501","12504","0.02399232245681381957773512476"
"2017-01-31T00:00:00.000","Allegheny","PA","Passenger","1","0","1","89","90","1.111111111111111111111111111"
"2017-01-31T00:00:00.000","Anne Arundel","MD","Passenger","0","2","2","516","518","0.3861003861003861003861003861"
"2017-01-31T00:00:00.000","Alameda","CA","Passenger","6","1","7","389","396","1.767676767676767676767676768"
"2017-01-31T00:00:00.000","Alexandria City","VA","Passenger","1","0","1","186","187","0.5347593582887700534759358289"
"2017-01-31T00:00:00.000","Asotin","WA","Passenger","4","4","8","12412","12420","0.06441223832528180354267310789"
"2017-01-31T00:00:00.000","Asotin","WA","Truck","0","0","0","6647","6647","0"
"2017-01-31T00:00:00.000","Arlington","VA","Passenger","1","1","2","176","178","1.123595505617977528089887640"
"2017-01-31T00:00:00.000","Benton","WA","Truck","0","0","0","40975","40975","0"
"2017-01-31T00:00:00.000","Benton","WA","Passenger","129","133","262","129559","129821","0.2018163471241170534813319879"
"2017-01-31T00:00:00.000","Bexar","TX","Passenger","1","4","5","1114","1119","0.4468275245755138516532618409"
"2017-01-31T00:00:00.000","Columbia","WA","Passenger","0","1","1","2363","2364","0.04230118443316412859560067682"
"2017-01-31T00:00:00.000","Brown","WI","Passenger","1","0","1","23","24","4.166666666666666666666666667"
"2017-01-31T00:00:00.000","Cascade","MT","Passenger","0","1","1","58","59","1.694915254237288135593220339"
"2017-01-31T00:00:00.000","Charles","MD","Passenger","0","1","1","89","90","1.111111111111111111111111111"
"2017-01-31T00:00:00.000","Clackamas","OR","Passenger","1","2","3","422","425","0.7058823529411764705882352941"
"2017-01-31T00:00:00.000","Canyon","ID","Passenger","0","1","1","105","106","0.9433962264150943396226415094"
"2017-01-31T00:00:00.000","Chelan","WA","Truck","0","0","0","21863","21863","0"
"2017-01-31T00:00:00.000","Clallam","WA","Passenger","74","68","142","48746","48888","0.2904598265423007691048928162"
"2017-01-31T00:00:00.000","Clallam","WA","Truck","0","0","0","21566","21566","0"
"2017-01-31T00:00:00.000","Ferry","WA","Passenger","2","1","3","4527","4530","0.06622516556291390728476821192"
"2017-01-31T00:00:00.000","Clark","NV","Passenger","1","3","4","888","892","0.4484304932735426008968609865"
"2017-01-31T00:00:00.000","Clark","WA","Passenger","681","450","1131","301465","302596","0.3737656809739718965220954672"
"2017-01-31T00:00:00.000","Chelan","WA","Passenger","54","28","82","52807","52889","0.1550416910888842670498591390"
"2017-01-31T00:00:00.000","Cumberland","NC","Passenger","1","0","1","657","658","0.1519756838905775075987841945"
"2017-01-31T00:00:00.000","Columbia","WA","Truck","0","0","0","1607","1607","0"
"2017-01-31T00:00:00.000","Dakota","MN","Passenger","0","1","1","42","43","2.325581395348837209302325581"
"2017-01-31T00:00:00.000","Contra Costa","CA","Passenger","1","0","1","254","255","0.3921568627450980392156862745"
"2017-01-31T00:00:00.000","District Of Columbia","DC","Passenger","0","3","3","236","239","1.255230125523012552301255230"
"2017-01-31T00:00:00.000","Cobb","GA","Passenger","0","1","1","75","76","1.315789473684210526315789474"
"2017-01-31T00:00:00.000","Gwinnett","GA","Passenger","0","1","1","91","92","1.086956521739130434782608696"
"2017-01-31T00:00:00.000","Clark","WA","Truck","0","0","0","79525","79525","0"
"2017-01-31T00:00:00.000","Collier","FL","Passenger","0","1","1","20","21","4.761904761904761904761904762"
"2017-01-31T00:00:00.000","Duval","FL","Passenger","1","1","2","367","369","0.5420054200542005420054200542"
"2017-01-31T00:00:00.000","Dane","WI","Passenger","1","0","1","184","185","0.5405405405405405405405405405"
"2017-01-31T00:00:00.000","Cowlitz","WA","Truck","0","0","0","28702","28702","0"
"2017-01-31T00:00:00.000","Douglas","WA","Passenger","29","19","48","27071","27119","0.1769976769054906154356724068"
"2017-01-31T00:00:00.000","Deschutes","OR","Passenger","1","1","2","234","236","0.8474576271186440677966101695"
"2017-01-31T00:00:00.000","Ferry","WA","Truck","0","0","0","3772","3772","0"
"2017-01-31T00:00:00.000","Fairfax City","VA","Passenger","1","0","1","6","7","14.28571428571428571428571429"
"2017-01-31T00:00:00.000","Dekalb","GA","Passenger","1","0","1","87","88","1.136363636363636363636363636"
"2017-01-31T00:00:00.000","Cowlitz","WA","Passenger","51","51","102","70074","70176","0.1453488372093023255813953488"
"2017-01-31T00:00:00.000","Dale","AL","Passenger","0","1","1","68","69","1.449275362318840579710144928"
"2017-01-31T00:00:00.000","Garfield","WA","Truck","0","0","0","965","965","0"
"2017-01-31T00:00:00.000","Franklin","OH","Passenger","1","0","1","116","117","0.8547008547008547008547008547"
"2017-01-31T00:00:00.000","Douglas","WA","Truck","0","0","0","11744","11744","0"
"2017-01-31T00:00:00.000","Glacier","MT","Passenger","0","1","1","4","5","20.0"
"2017-01-31T00:00:00.000","Dekalb","IN","Passenger","1","0","1","1","2","50.0"
"2017-01-31T00:00:00.000","Hamilton","IN","Passenger","1","0","1","67","68","1.470588235294117647058823529"
"2017-01-31T00:00:00.000","El Paso","CO","Passenger","1","1","2","878","880","0.2272727272727272727272727273"
"2017-01-31T00:00:00.000","Jefferson","WA","Truck","0","0","0","9697","9697","0"
"2017-01-31T00:00:00.000","Harnett","NC","Passenger","1","0","1","271","272","0.3676470588235294117647058824"
"2017-01-31T00:00:00.000","Juneau","AK","Passenger","0","1","1","51","52","1.923076923076923076923076923"
"2017-01-31T00:00:00.000","Franklin","WA","Truck","0","0","0","18439","18439","0"
"2017-01-31T00:00:00.000","Howard","MD","Passenger","0","1","1","97","98","1.020408163265306122448979592"
"2017-01-31T00:00:00.000","El Paso","TX","Passenger","0","1","1","595","596","0.1677852348993288590604026846"
"2017-01-31T00:00:00.000","Fulton","GA","Passenger","1","2","3","127","130","2.307692307692307692307692308"
"2017-01-31T00:00:00.000","Franklin","WA","Passenger","26","43","69","56236","56305","0.1225468430867596128230174940"
"2017-01-31T00:00:00.000","Garfield","WA","Passenger","0","0","0","1316","1316","0"
"2017-01-31T00:00:00.000","Island","WA","Passenger","102","127","229","60301","60530","0.3783247976210143730381628944"
"2017-01-31T00:00:00.000","Jefferson","WA","Passenger","88","56","144","23953","24097","0.5975847615885794912229738142"
"2017-01-31T00:00:00.000","Jefferson","NY","Passenger","1","1","2","266","268","0.7462686567164179104477611940"
"2017-01-31T00:00:00.000","Lane","OR","Passenger","0","1","1","289","290","0.3448275862068965517241379310"
"2017-01-31T00:00:00.000","Fairfax","VA","Passenger","0","3","3","861","864","0.3472222222222222222222222222"
"2017-01-31T00:00:00.000","Kitsap","WA","Passenger","562","277","839","174640","175479","0.4781198889895657030185948176"
"2017-01-31T00:00:00.000","Gallatin","MT","Passenger","0","1","1","77","78","1.282051282051282051282051282"
"2017-01-31T00:00:00.000","Kitsap","WA","Truck","1","0","1","53683","53684","0.001862752402950599806273750093"
"2017-01-31T00:00:00.000","Lewis","NY","Passenger","0","1","1","9","10","10.0"
"2017-01-31T00:00:00.000","Kittitas","WA","Truck","0","0","0","13868","13868","0"
"2017-01-31T00:00:00.000","Kittitas","WA","Passenger","16","16","32","27742","27774","0.1152156693310290199467127529"
"2017-01-31T00:00:00.000","Klickitat","WA","Passenger","21","24","45","15084","15129","0.2974419988102320047590719810"
"2017-01-31T00:00:00.000","Lincoln","WA","Passenger","2","4","6","7718","7724","0.07767995857068876229932677369"
"2017-01-31T00:00:00.000","Grant","WA","Passenger","16","26","42","61779","61821","0.06793807929344397534818265638"
"2017-01-31T00:00:00.000","Grant","WA","Truck","0","0","0","26046","26046","0"
"2017-01-31T00:00:00.000","Island","WA","Truck","1","0","1","21021","21022","0.004756921320521358576729140900"
"2017-01-31T00:00:00.000","Grays Harbor","WA","Passenger","26","27","53","44961","45014","0.1177411471986493091038343626"
"2017-01-31T00:00:00.000","Jackson","MO","Passenger","1","0","1","71","72","1.388888888888888888888888889"
"2017-01-31T00:00:00.000","Maricopa","AZ","Passenger","2","0","2","1806","1808","0.1106194690265486725663716814"
"2017-01-31T00:00:00.000","Grays Harbor","WA","Truck","0","0","0","20424","20424","0"
"2017-01-31T00:00:00.000","Guilford","NC","Passenger","1","0","1","34","35","2.857142857142857142857142857"
"2017-01-31T00:00:00.000","Marion","OR","Passenger","1","0","1","210","211","0.4739336492890995260663507109"
"2017-01-31T00:00:00.000","Maui","HI","Passenger","1","0","1","84","85","1.176470588235294117647058824"
"2017-01-31T00:00:00.000","Hamilton","TN","Passenger","1","0","1","24","25","4.00"
"2017-01-31T00:00:00.000","King","WA","Truck","8","1","9","195045","195054","0.004614106862714940478021470977"
"2017-01-31T00:00:00.000","Hardin","KY","Passenger","0","1","1","128","129","0.7751937984496124031007751938"
"2017-01-31T00:00:00.000","Honolulu","HI","Passenger","4","1","5","655","660","0.7575757575757575757575757576"
"2017-01-31T00:00:00.000","Montgomery","MD","Passenger","1","2","3","308","311","0.9646302250803858520900321543"
"2017-01-31T00:00:00.000","Lake","IL","Passenger","1","0","1","191","192","0.5208333333333333333333333333"
"2017-01-31T00:00:00.000","Latah","ID","Passenger","0","1","1","130","131","0.7633587786259541984732824427"
"2017-01-31T00:00:00.000","Okanogan","NULL","Passenger","3","11","14","19667","19681","0.07113459681926731365276154667"
"2017-01-31T00:00:00.000","Hidalgo","TX","Passenger","0","1","1","102","103","0.9708737864077669902912621359"
"2017-01-31T00:00:00.000","Los Angeles","CA","Passenger","2","1","3","1434","1437","0.2087682672233820459290187891"
"2017-01-31T00:00:00.000","Orleans","LA","Passenger","0","1","1","52","53","1.886792452830188679245283019"
"2017-01-31T00:00:00.000","Lewis","WA","Passenger","43","41","84","55774","55858","0.1503813240717533746285223245"
"2017-01-31T00:00:00.000","Hood River","OR","Passenger","1","0","1","41","42","2.380952380952380952380952381"
"2017-01-31T00:00:00.000","Lewis","WA","Truck","0","0","0","25702","25702","0"
"2017-01-31T00:00:00.000","Pend Oreille","WA","Passenger","1","4","5","9626","9631","0.05191568892119198421763056796"
"2017-01-31T00:00:00.000","Madison","ID","Passenger","1","0","1","45","46","2.173913043478260869565217391"
"2017-01-31T00:00:00.000","Pend Oreille","WA","Truck","0","0","0","5856","5856","0"
"2017-01-31T00:00:00.000","King","WA","Passenger","8825","4004","12829","1393850","1406679","0.9120062217463970102631801570"
"2017-01-31T00:00:00.000","Pacific","WA","Passenger","5","7","12","15233","15245","0.07871433256805510003279763857"
"2017-01-31T00:00:00.000","Loudoun","VA","Passenger","0","1","1","85","86","1.162790697674418604651162791"
"2017-01-31T00:00:00.000","Marin","CA","Passenger","1","0","1","54","55","1.818181818181818181818181818"
"2017-01-31T00:00:00.000","Klickitat","WA","Truck","0","0","0","8231","8231","0"
"2017-01-31T00:00:00.000","Prince William","VA","Passenger","0","3","3","270","273","1.098901098901098901098901099"
"2017-01-31T00:00:00.000","Pierce","WA","Passenger","829","807","1636","533685","535321","0.3056110259078197941048455039"
"2017-01-31T00:00:00.000","Mason","WA","Passenger","50","60","110","43587","43697","0.2517335286175252305650273474"
"2017-01-31T00:00:00.000","Manassas City","VA","Passenger","0","1","1","8","9","11.11111111111111111111111111"
"2017-01-31T00:00:00.000","Manatee","FL","Passenger","1","0","1","51","52","1.923076923076923076923076923"
"2017-01-31T00:00:00.000","Miami-Dade","FL","Passenger","0","1","1","131","132","0.7575757575757575757575757576"
"2017-01-31T00:00:00.000","Riley","KS","Passenger","1","0","1","97","98","1.020408163265306122448979592"
"2017-01-31T00:00:00.000","San Mateo","CA","Passenger","0","1","1","170","171","0.5847953216374269005847953216"
"2017-01-31T00:00:00.000","Santa Barbara","CA","Passenger","0","1","1","134","135","0.7407407407407407407407407407"
"2017-01-31T00:00:00.000","Russell","AL","Passenger","1","0","1","55","56","1.785714285714285714285714286"
"2017-01-31T00:00:00.000","Lincoln","WA","Truck","0","0","0","4593","4593","0"
"2017-01-31T00:00:00.000","Monroe","NY","Passenger","1","0","1","28","29","3.448275862068965517241379310"
"2017-01-31T00:00:00.000","Moore","NC","Passenger","0","1","1","215","216","0.4629629629629629629629629630"
"2017-01-31T00:00:00.000","Skagit","WA","Truck","1","0","1","32283","32284","0.003097509602279767067277908562"
"2017-01-31T00:00:00.000","Skagit","WA","Passenger","107","97","204","88666","88870","0.2295487791155620569370991336"
"2017-01-31T00:00:00.000","Salt Lake","UT","Passenger","0","1","1","336","337","0.2967359050445103857566765579"
"2017-01-31T00:00:00.000","Snohomish","WA","Truck","1","0","1","126098","126099","0.0007930277004575769831640219193"
"2017-01-31T00:00:00.000","Snohomish","WA","Passenger","1553","889","2442","519700","522142","0.4676888662471128543576268525"
"2017-01-31T00:00:00.000","Multnomah","OR","Passenger","0","3","3","1271","1274","0.2354788069073783359497645212"
"2017-01-31T00:00:00.000","Larimer","CO","Passenger","0","1","1","92","93","1.075268817204301075268817204"
"2017-01-31T00:00:00.000","Stevens","WA","Passenger","6","23","29","32306","32335","0.08968609865470852017937219731"
"2017-01-31T00:00:00.000","Pacific","WA","Truck","0","0","0","7699","7699","0"
"2017-01-31T00:00:00.000","Santa Fe","NM","Passenger","0","1","1","41","42","2.380952380952380952380952381"
"2017-01-31T00:00:00.000","Stevens","WA","Truck","0","0","0","19092","19092","0"
"2017-01-31T00:00:00.000","Saratoga","NY","Passenger","0","1","1","78","79","1.265822784810126582278481013"
"2017-01-31T00:00:00.000","Marion","FL","Passenger","1","0","1","24","25","4.00"
"2017-01-31T00:00:00.000","Tarrant","TX","Passenger","0","2","2","321","323","0.6191950464396284829721362229"
"2017-01-31T00:00:00.000","Okanogan","WA","Passenger","0","4","4","6763","6767","0.05911038865080537904536722329"
"2017-01-31T00:00:00.000","Skamania","WA","Passenger","7","7","14","8740","8754","0.1599268905643134567055060544"
"2017-01-31T00:00:00.000","Sumter","FL","Passenger","0","1","1","9","10","10.0"
"2017-01-31T00:00:00.000","Okanogan","WA","Truck","0","0","0","4620","4620","0"
"2017-01-31T00:00:00.000","Mason","WA","Truck","0","0","0","19810","19810","0"
"2017-01-31T00:00:00.000","Pima","AZ","Passenger","0","2","2","444","446","0.4484304932735426008968609865"
"2017-01-31T00:00:00.000","Polk","FL","Passenger","1","0","1","66","67","1.492537313432835820895522388"
"2017-01-31T00:00:00.000","Travis","TX","Passenger","0","1","1","202","203","0.4926108374384236453201970443"
"2017-01-31T00:00:00.000","Pierce","WA","Truck","0","0","0","142299","142299","0"
"2017-01-31T00:00:00.000","Montgomery","TN","Passenger","1","0","1","300","301","0.3322259136212624584717607973"
"2017-01-31T00:00:00.000","Wahkiakum","WA","Passenger","0","1","1","2908","2909","0.03437607425232038501203162599"
"2017-01-31T00:00:00.000","Utah","UT","Passenger","0","1","1","187","188","0.5319148936170212765957446809"
"2017-01-31T00:00:00.000","Walla Walla","WA","Passenger","16","21","37","35447","35484","0.1042723481005523616277758990"
"2017-01-31T00:00:00.000","Virginia Beach City","VA","Passenger","1","1","2","644","646","0.3095975232198142414860681115"
"2017-01-31T00:00:00.000","Yakima","WA","Truck","0","0","0","59611","59611","0"
"2017-01-31T00:00:00.000","Yakima","WA","Passenger","35","53","88","163236","163324","0.05388062991354608018417378952"
"2017-01-31T00:00:00.000","Wayne","MI","Passenger","0","2","2","78","80","2.500"
"2017-01-31T00:00:00.000","Norfolk City","VA","Passenger","2","1","3","318","321","0.9345794392523364485981308411"
"2017-01-31T00:00:00.000","Riverside","CA","Passenger","0","1","1","875","876","0.1141552511415525114155251142"
"2017-01-31T00:00:00.000","Whatcom","WA","Passenger","388","159","547","143429","143976","0.3799244318497527365672056454"
"2017-01-31T00:00:00.000","Northampton","PA","Passenger","2","0","2","258","260","0.7692307692307692307692307692"
"2017-01-31T00:00:00.000","Whitman","WA","Truck","0","0","0","8593","8593","0"
"2017-01-31T00:00:00.000","Whitman","WA","Passenger","8","21","29","22169","22198","0.1306424002162356969096314983"
"2017-01-31T00:00:00.000","Orange","CA","Passenger","2","1","3","715","718","0.4178272980501392757660167131"
"2017-01-31T00:00:00.000","Saint Marys","MD","Passenger","0","1","1","201","202","0.4950495049504950495049504950"
"2017-01-31T00:00:00.000","Yavapai","AZ","Passenger","1","0","1","78","79","1.265822784810126582278481013"
"2017-02-28T00:00:00.000","Anne Arundel","MD","Passenger","0","2","2","513","515","0.3883495145631067961165048544"
"2017-01-31T00:00:00.000","San Juan","WA","Passenger","84","33","117","13667","13784","0.8488102147417295414973882763"
"2017-02-28T00:00:00.000","Asotin","WA","Passenger","4","4","8","12468","12476","0.06412311638345623597306829112"
"2017-01-31T00:00:00.000","Monterey","CA","Passenger","0","1","1","235","236","0.4237288135593220338983050847"
"2017-02-28T00:00:00.000","Asotin","WA","Truck","0","0","0","6653","6653","0"
"2017-02-28T00:00:00.000","NULL","NULL","Passenger","9","4","13","2520","2533","0.5132254243979470983024082116"
"2017-01-31T00:00:00.000","Santa Clara","CA","Passenger","5","3","8","452","460","1.739130434782608695652173913"
"2017-02-28T00:00:00.000","Alameda","CA","Passenger","3","1","4","379","383","1.044386422976501305483028721"
"2017-02-28T00:00:00.000","Adams","WA","Truck","0","0","0","5287","5287","0"
"2017-02-28T00:00:00.000","Alexandria City","VA","Passenger","1","0","1","184","185","0.5405405405405405405405405405"
"2017-02-28T00:00:00.000","Bexar","TX","Passenger","1","3","4","1056","1060","0.3773584905660377358490566038"
"2017-01-31T00:00:00.000","Walla Walla","WA","Truck","0","0","0","13603","13603","0"
"2017-02-28T00:00:00.000","Canyon","ID","Passenger","0","1","1","96","97","1.030927835051546391752577320"
"2017-01-31T00:00:00.000","Okaloosa","FL","Passenger","1","0","1","185","186","0.5376344086021505376344086022"
"2017-01-31T00:00:00.000","Thurston","WA","Truck","0","0","0","54738","54738","0"
"2017-02-28T00:00:00.000","Chelan","WA","Truck","0","0","0","21880","21880","0"
"2017-02-28T00:00:00.000","Cascade","MT","Passenger","0","1","1","56","57","1.754385964912280701754385965"
"2017-01-31T00:00:00.000","Oklahoma","OK","Passenger","0","1","1","208","209","0.4784688995215311004784688995"
"2017-02-28T00:00:00.000","NULL","CA","Passenger","1","0","1","457","458","0.2183406113537117903930131004"
"2017-02-28T00:00:00.000","NULL","WA","Truck","0","0","0","1","1","0"
"2017-02-28T00:00:00.000","Clackamas","OR","Passenger","1","2","3","359","362","0.8287292817679558011049723757"
"2017-01-31T00:00:00.000","Orange","FL","Passenger","0","1","1","151","152","0.6578947368421052631578947368"
"2017-01-31T00:00:00.000","Volusia","FL","Passenger","0","1","1","49","50","2.00"
"2017-01-31T00:00:00.000","Ozaukee","WI","Passenger","0","1","1","4","5","20.0"
"2017-02-28T00:00:00.000","Cowlitz","WA","Truck","0","0","0","28667","28667","0"
"2017-02-28T00:00:00.000","Arlington","VA","Passenger","1","1","2","170","172","1.162790697674418604651162791"
"2017-01-31T00:00:00.000","San Diego","CA","Passenger","4","3","7","2878","2885","0.2426343154246100519930675910"
"2017-02-28T00:00:00.000","Dane","WI","Passenger","1","0","1","161","162","0.6172839506172839506172839506"
"2017-01-31T00:00:00.000","Pinal","AZ","Passenger","2","1","3","250","253","1.185770750988142292490118577"
"2017-02-28T00:00:00.000","Benton","WA","Truck","0","0","0","40971","40971","0"
"2017-02-28T00:00:00.000","District Of Columbia","DC","Passenger","0","3","3","229","232","1.293103448275862068965517241"
"2017-02-28T00:00:00.000","Contra Costa","CA","Passenger","1","0","1","239","240","0.4166666666666666666666666667"
"2017-02-28T00:00:00.000","Deschutes","OR","Passenger","1","0","1","199","200","0.500"
"2017-02-28T00:00:00.000","Duval","FL","Passenger","1","1","2","360","362","0.5524861878453038674033149171"
"2017-02-28T00:00:00.000","Ferry","WA","Passenger","2","1","3","4545","4548","0.06596306068601583113456464380"
"2017-02-28T00:00:00.000","Ferry","WA","Truck","0","0","0","3764","3764","0"
"2017-01-31T00:00:00.000","Skamania","WA","Truck","0","0","0","4083","4083","0"
"2017-02-28T00:00:00.000","Franklin","OH","Passenger","0","1","1","111","112","0.8928571428571428571428571429"
"2017-02-28T00:00:00.000","Franklin","WA","Truck","0","0","0","18477","18477","0"
"2017-02-28T00:00:00.000","Garfield","WA","Truck","0","0","0","962","962","0"
"2017-02-28T00:00:00.000","Franklin","WA","Passenger","26","43","69","56201","56270","0.1226230673538297494224275813"
"2017-02-28T00:00:00.000","Gallatin","MT","Passenger","0","1","1","70","71","1.408450704225352112676056338"
"2017-02-28T00:00:00.000","Charles","MD","Passenger","0","1","1","91","92","1.086956521739130434782608696"
"2017-02-28T00:00:00.000","El Paso","CO","Passenger","1","1","2","843","845","0.2366863905325443786982248521"
"2017-02-28T00:00:00.000","Fulton","GA","Passenger","1","1","2","120","122","1.639344262295081967213114754"
"2017-01-31T00:00:00.000","Spokane","WA","Passenger","226","232","458","298756","299214","0.1530677040512810229467872493"
"2017-02-28T00:00:00.000","Garfield","WA","Passenger","0","0","0","1323","1323","0"
"2017-02-28T00:00:00.000","Clallam","WA","Truck","0","0","0","21572","21572","0"
"2017-01-31T00:00:00.000","Saint Lucie","FL","Passenger","1","0","1","31","32","3.12500"
"2017-02-28T00:00:00.000","Grant","WA","Truck","0","0","0","26050","26050","0"
"2017-02-28T00:00:00.000","Grays Harbor","WA","Truck","0","0","0","20408","20408","0"
"2017-01-31T00:00:00.000","San Juan","WA","Truck","0","0","0","5782","5782","0"
"2017-02-28T00:00:00.000","Cumberland","NC","Passenger","1","0","1","650","651","0.1536098310291858678955453149"
"2017-02-28T00:00:00.000","Guilford","NC","Passenger","1","0","1","32","33","3.030303030303030303030303030"
"2017-02-28T00:00:00.000","Jackson","MO","Passenger","1","0","1","67","68","1.470588235294117647058823529"
"2017-01-31T00:00:00.000","Tulare","CA","Passenger","1","0","1","205","206","0.4854368932038834951456310680"
"2017-02-28T00:00:00.000","Honolulu","HI","Passenger","4","1","5","615","620","0.8064516129032258064516129032"
"2017-01-31T00:00:00.000","Ventura","CA","Passenger","0","2","2","389","391","0.5115089514066496163682864450"
"2017-02-28T00:00:00.000","Clark","WA","Passenger","704","461","1165","302137","303302","0.3841056109092587585970418922"
"2017-02-28T00:00:00.000","Kitsap","WA","Passenger","572","296","868","174711","175579","0.4943643602025299153087783847"
"2017-01-31T00:00:00.000","Shelby","TN","Passenger","0","1","1","118","119","0.8403361344537815126050420168"
"2017-01-31T00:00:00.000","Wahkiakum","WA","Truck","0","0","0","1676","1676","0"
"2017-02-28T00:00:00.000","Fairfax City","VA","Passenger","1","0","1","6","7","14.28571428571428571428571429"
"2017-02-28T00:00:00.000","King","WA","Truck","8","1","9","194706","194715","0.004622140050843540559278946152"
"2017-02-28T00:00:00.000","Columbia","WA","Passenger","0","1","1","2371","2372","0.04215851602023608768971332209"
"2017-01-31T00:00:00.000","Spokane","WA","Truck","1","1","2","92933","92935","0.002152041749609942432883197934"
"2017-02-28T00:00:00.000","Lane","OR","Passenger","0","1","1","258","259","0.3861003861003861003861003861"
"2017-02-28T00:00:00.000","Lewis","WA","Passenger","47","42","89","55907","55996","0.1589399242803057361240088578"
"2017-02-28T00:00:00.000","Glacier","MT","Passenger","0","1","1","3","4","25.00"
"2017-02-28T00:00:00.000","Lewis","WA","Truck","0","0","0","25715","25715","0"
"2017-01-31T00:00:00.000","Whatcom","WA","Truck","2","0","2","42397","42399","0.004717092384254345621358994316"
"2017-02-28T00:00:00.000","Lincoln","WA","Passenger","2","4","6","7708","7714","0.07778065854290899662950479647"
"2017-02-28T00:00:00.000","Grays Harbor","WA","Passenger","26","27","53","44997","45050","0.1176470588235294117647058824"
"2017-02-28T00:00:00.000","Madison","ID","Passenger","1","0","1","42","43","2.325581395348837209302325581"
"2017-01-31T00:00:00.000","Thurston","WA","Passenger","336","322","658","187155","187813","0.3503484849291582584805098689"
"2017-02-28T00:00:00.000","Hamilton","TN","Passenger","1","0","1","23","24","4.166666666666666666666666667"
"2017-02-28T00:00:00.000","Latah","ID","Passenger","0","1","1","121","122","0.8196721311475409836065573770"
"2017-02-28T00:00:00.000","Manassas City","VA","Passenger","0","1","1","8","9","11.11111111111111111111111111"
"2017-02-28T00:00:00.000","Maricopa","AZ","Passenger","2","0","2","1708","1710","0.1169590643274853801169590643"
"2017-02-28T00:00:00.000","Adams","WA","Passenger","3","2","5","12471","12476","0.04007694773966014748316768195"
"2017-02-28T00:00:00.000","Hardin","KY","Passenger","0","1","1","129","130","0.7692307692307692307692307692"
"2017-02-28T00:00:00.000","Mason","WA","Truck","0","0","0","19851","19851","0"
"2017-02-28T00:00:00.000","Harnett","NC","Passenger","1","0","1","266","267","0.3745318352059925093632958801"
"2017-02-28T00:00:00.000","Monroe","NY","Passenger","1","0","1","29","30","3.333333333333333333333333333"
"2017-02-28T00:00:00.000","Missoula","MT","Passenger","1","0","1","73","74","1.351351351351351351351351351"
"2017-02-28T00:00:00.000","Hidalgo","TX","Passenger","0","1","1","98","99","1.010101010101010101010101010"
"2017-02-28T00:00:00.000","Hamilton","IN","Passenger","1","0","1","62","63","1.587301587301587301587301587"
"2017-02-28T00:00:00.000","Monterey","CA","Passenger","0","1","1","229","230","0.4347826086956521739130434783"
"2017-02-28T00:00:00.000","Mason","WA","Passenger","50","63","113","43644","43757","0.2582443951824850881001896839"
"2017-02-28T00:00:00.000","Moore","NC","Passenger","0","1","1","214","215","0.4651162790697674418604651163"
"2017-02-28T00:00:00.000","Jefferson","NY","Passenger","1","1","2","272","274","0.7299270072992700729927007299"
"2017-02-28T00:00:00.000","Miami-Dade","FL","Passenger","0","1","1","128","129","0.7751937984496124031007751938"
"2017-02-28T00:00:00.000","Okanogan","WA","Passenger","0","4","4","6698","6702","0.05968367651447329155475977320"
"2017-02-28T00:00:00.000","Orange","CA","Passenger","2","1","3","695","698","0.4297994269340974212034383954"
"2017-02-28T00:00:00.000","Nueces","TX","Passenger","0","1","1","97","98","1.020408163265306122448979592"
"2017-02-28T00:00:00.000","Kittitas","WA","Truck","0","0","0","13864","13864","0"
"2017-02-28T00:00:00.000","Klickitat","WA","Truck","0","0","0","8240","8240","0"
"2017-02-28T00:00:00.000","Jefferson","WA","Passenger","90","59","149","23993","24142","0.6171816750890564162041255903"
"2017-02-28T00:00:00.000","Benton","WA","Passenger","134","138","272","129669","129941","0.2093257709268052423792336522"
"2017-02-28T00:00:00.000","Montgomery","TN","Passenger","1","0","1","288","289","0.3460207612456747404844290657"
"2017-02-28T00:00:00.000","Larimer","CO","Passenger","0","1","1","79","80","1.2500"
"2017-02-28T00:00:00.000","Pierce","WA","Passenger","871","834","1705","533533","535238","0.3185498787455300258950224012"
"2017-02-28T00:00:00.000","Lewis","NY","Passenger","0","1","1","9","10","10.0"
"2017-02-28T00:00:00.000","Norfolk City","VA","Passenger","2","1","3","321","324","0.9259259259259259259259259259"
"2017-02-28T00:00:00.000","King","WA","Passenger","9136","4104","13240","1394982","1408222","0.9401926684855086768989548523"
"2017-02-28T00:00:00.000","Kittitas","WA","Passenger","16","15","31","27707","27738","0.1117600403778210397288917730"
"2017-02-28T00:00:00.000","Okanogan","WA","Truck","0","0","0","4586","4586","0"
"2017-02-28T00:00:00.000","Klickitat","WA","Passenger","21","24","45","15070","15115","0.2977174991730069467416473702"
"2017-02-28T00:00:00.000","Allegheny","PA","Passenger","1","0","1","85","86","1.162790697674418604651162791"
"2017-02-28T00:00:00.000","Riley","KS","Passenger","1","0","1","96","97","1.030927835051546391752577320"
"2017-02-28T00:00:00.000","Pinal","AZ","Passenger","2","1","3","232","235","1.276595744680851063829787234"
"2017-02-28T00:00:00.000","Salt Lake","UT","Passenger","0","1","1","309","310","0.3225806451612903225806451613"
"2017-02-28T00:00:00.000","Snohomish","WA","Passenger","1607","913","2520","519878","522398","0.4823908207918100758425568245"
"2017-02-28T00:00:00.000","San Juan","WA","Passenger","88","33","121","13735","13856","0.8732678983833718244803695150"
"2017-02-28T00:00:00.000","Spokane","WA","Truck","1","1","2","92990","92992","0.002150722642807983482450103235"
"2017-02-28T00:00:00.000","San Mateo","CA","Passenger","0","1","1","159","160","0.62500"
"2017-02-28T00:00:00.000","Santa Fe","NM","Passenger","0","1","1","41","42","2.380952380952380952380952381"
"2017-02-28T00:00:00.000","Stevens","WA","Passenger","6","23","29","32186","32215","0.09002017693620984013658233742"
"2017-02-28T00:00:00.000","Clallam","WA","Passenger","77","68","145","48797","48942","0.2962690531649707817416533856"
"2017-02-28T00:00:00.000","Maui","HI","Passenger","1","0","1","73","74","1.351351351351351351351351351"
"2017-02-28T00:00:00.000","Okaloosa","FL","Passenger","1","0","1","186","187","0.5347593582887700534759358289"
"2017-02-28T00:00:00.000","Clark","NV","Passenger","1","2","3","838","841","0.3567181926278240190249702735"
"2017-02-28T00:00:00.000","Thurston","WA","Passenger","355","332","687","187464","188151","0.3651322607905352615718226318"
"2017-02-28T00:00:00.000","Oklahoma","OK","Passenger","0","1","1","185","186","0.5376344086021505376344086022"
"2017-02-28T00:00:00.000","Columbia","WA","Truck","0","0","0","1596","1596","0"
"2017-02-28T00:00:00.000","Ozaukee","WI","Passenger","0","1","1","4","5","20.0"
"2017-02-28T00:00:00.000","San Diego","CA","Passenger","4","2","6","2817","2823","0.2125398512221041445270988310"
"2017-02-28T00:00:00.000","Pend Oreille","WA","Passenger","1","4","5","9605","9610","0.05202913631633714880332986472"
"2017-02-28T00:00:00.000","Thurston","WA","Truck","0","0","0","54793","54793","0"
"2017-02-28T00:00:00.000","Northampton","PA","Passenger","2","0","2","232","234","0.8547008547008547008547008547"
"2017-02-28T00:00:00.000","Okanogan","NULL","Passenger","3","11","14","19656","19670","0.07117437722419928825622775801"
"2017-02-28T00:00:00.000","Shelby","TN","Passenger","0","1","1","113","114","0.8771929824561403508771929825"
"2017-02-28T00:00:00.000","Dakota","MN","Passenger","0","1","1","38","39","2.564102564102564102564102564"
"2017-02-28T00:00:00.000","Utah","UT","Passenger","0","1","1","163","164","0.6097560975609756097560975610"
"2017-02-28T00:00:00.000","Dale","AL","Passenger","0","1","1","67","68","1.470588235294117647058823529"
"2017-02-28T00:00:00.000","Pacific","WA","Passenger","6","7","13","15225","15238","0.08531303320645754035962724767"
"2017-03-31T00:00:00.000","Adams","WA","Truck","0","0","0","5301","5301","0"
"2017-02-28T00:00:00.000","Pend Oreille","WA","Truck","0","0","0","5847","5847","0"
"2017-02-28T00:00:00.000","Dekalb","IN","Passenger","1","0","1","1","2","50.0"
"2017-02-28T00:00:00.000","Chelan","WA","Passenger","55","29","84","52788","52872","0.1588742623694961416250567408"
"2017-02-28T00:00:00.000","Yakima","WA","Passenger","35","54","89","162806","162895","0.05463642223518217256514932932"
"2017-02-28T00:00:00.000","Prince William","VA","Passenger","0","3","3","269","272","1.102941176470588235294117647"
"2017-03-31T00:00:00.000","Benton","WA","Passenger","142","145","287","130172","130459","0.2199924880613832698395664538"
"2017-03-31T00:00:00.000","Bexar","TX","Passenger","1","3","4","1003","1007","0.3972194637537239324726911619"
"2017-03-31T00:00:00.000","NULL","WA","Truck","0","0","0","1","1","0"
"2017-02-28T00:00:00.000","Clark","WA","Truck","0","0","0","79659","79659","0"
"2017-02-28T00:00:00.000","Russell","AL","Passenger","1","0","1","54","55","1.818181818181818181818181818"
"2017-02-28T00:00:00.000","Sumter","FL","Passenger","0","1","1","9","10","10.0"
"2017-03-31T00:00:00.000","NULL","CA","Passenger","1","0","1","446","447","0.2237136465324384787472035794"
"2017-02-28T00:00:00.000","Cobb","GA","Passenger","0","1","1","73","74","1.351351351351351351351351351"
"2017-03-31T00:00:00.000","Allegheny","PA","Passenger","1","0","1","85","86","1.162790697674418604651162791"
"2017-02-28T00:00:00.000","Travis","TX","Passenger","0","1","1","188","189","0.5291005291005291005291005291"
"2017-02-28T00:00:00.000","Skagit","WA","Passenger","114","101","215","88668","88883","0.2418910252804248281448645973"
"2017-03-31T00:00:00.000","Benton","WA","Truck","0","0","0","41113","41113","0"
"2017-02-28T00:00:00.000","Skagit","WA","Truck","1","0","1","32328","32329","0.003093198057471619907822697887"
"2017-02-28T00:00:00.000","Skamania","WA","Truck","0","0","0","4065","4065","0"
"2017-02-28T00:00:00.000","Cowlitz","WA","Passenger","50","54","104","70165","70269","0.1480026754329789807738832202"
"2017-02-28T00:00:00.000","Ventura","CA","Passenger","0","2","2","377","379","0.5277044854881266490765171504"
"2017-03-31T00:00:00.000","Chelan","WA","Passenger","55","31","86","52826","52912","0.1625340187481100695494405806"
"2017-02-28T00:00:00.000","Snohomish","WA","Truck","1","0","1","125987","125988","0.0007937263866399974600755627520"
"2017-02-28T00:00:00.000","Wahkiakum","WA","Passenger","0","1","1","2898","2899","0.03449465332873404622283546050"
"2017-03-31T00:00:00.000","Clallam","WA","Passenger","80","70","150","48966","49116","0.3053994624969460053750305399"
"2017-02-28T00:00:00.000","Stevens","WA","Truck","0","0","0","19101","19101","0"
"2017-02-28T00:00:00.000","Tarrant","TX","Passenger","0","2","2","294","296","0.6756756756756756756756756757"
"2017-03-31T00:00:00.000","Cobb","GA","Passenger","0","1","1","72","73","1.369863013698630136986301370"
"2017-02-28T00:00:00.000","Dekalb","GA","Passenger","1","0","1","81","82","1.219512195121951219512195122"
"2017-03-31T00:00:00.000","Charles","MD","Passenger","0","1","1","91","92","1.086956521739130434782608696"
"2017-03-31T00:00:00.000","Clark","WA","Truck","0","0","0","79806","79806","0"
"2017-02-28T00:00:00.000","Yakima","WA","Truck","0","0","0","59588","59588","0"
"2017-02-28T00:00:00.000","Howard","MD","Passenger","0","1","1","96","97","1.030927835051546391752577320"
"2017-02-28T00:00:00.000","Virginia Beach City","VA","Passenger","1","1","2","637","639","0.3129890453834115805946791862"
"2017-02-28T00:00:00.000","Douglas","WA","Passenger","30","19","49","27077","27126","0.1806385018063850180638501806"
"2017-03-31T00:00:00.000","Cowlitz","WA","Passenger","52","58","110","70544","70654","0.1556882837489738726752908540"
"2017-03-31T00:00:00.000","Alexandria City","VA","Passenger","2","0","2","185","187","1.069518716577540106951871658"
"2017-02-28T00:00:00.000","Wahkiakum","WA","Truck","0","0","0","1683","1683","0"
"2017-02-28T00:00:00.000","Douglas","WA","Truck","0","0","0","11734","11734","0"
"2017-03-31T00:00:00.000","Cumberland","NC","Passenger","1","0","1","652","653","0.1531393568147013782542113323"
"2017-03-31T00:00:00.000","Dakota","MN","Passenger","0","1","1","38","39","2.564102564102564102564102564"
"2017-03-31T00:00:00.000","Clallam","WA","Truck","0","0","0","21612","21612","0"
"2017-03-31T00:00:00.000","Clark","WA","Passenger","730","481","1211","302953","304164","0.3981404768480162017858786707"
"2017-03-31T00:00:00.000","Clackamas","OR","Passenger","1","2","3","337","340","0.8823529411764705882352941176"
"2017-03-31T00:00:00.000","Douglas","WA","Truck","0","0","0","11798","11798","0"
"2017-02-28T00:00:00.000","Whatcom","WA","Truck","2","0","2","42441","42443","0.004712202247720472162665221591"
"2017-02-28T00:00:00.000","Fairfax","VA","Passenger","0","3","3","861","864","0.3472222222222222222222222222"
"2017-02-28T00:00:00.000","Whitman","WA","Truck","0","0","0","8619","8619","0"
"2017-03-31T00:00:00.000","Fulton","GA","Passenger","1","1","2","115","117","1.709401709401709401709401709"
"2017-03-31T00:00:00.000","Fairfax","VA","Passenger","0","3","3","856","859","0.3492433061699650756693830035"
"2017-03-31T00:00:00.000","Douglas","WA","Passenger","29","19","48","27163","27211","0.1763992503031862114586013009"
"2017-03-31T00:00:00.000","NULL","NULL","Passenger","9","4","13","2492","2505","0.5189620758483033932135728543"
"2017-03-31T00:00:00.000","Adams","WA","Passenger","3","4","7","12477","12484","0.05607177186799102851650112144"
"2017-03-31T00:00:00.000","Fairfax City","VA","Passenger","1","0","1","6","7","14.28571428571428571428571429"
"2017-03-31T00:00:00.000","Anne Arundel","MD","Passenger","0","2","2","512","514","0.3891050583657587548638132296"
"2017-03-31T00:00:00.000","District Of Columbia","DC","Passenger","0","3","3","225","228","1.315789473684210526315789474"
"2017-03-31T00:00:00.000","Chelan","WA","Truck","0","0","0","21888","21888","0"
"2017-03-31T00:00:00.000","Franklin","OH","Passenger","0","1","1","111","112","0.8928571428571428571428571429"
"2017-03-31T00:00:00.000","Hamilton","IN","Passenger","1","0","1","60","61","1.639344262295081967213114754"
"2017-03-31T00:00:00.000","Arlington","VA","Passenger","1","1","2","168","170","1.176470588235294117647058824"
"2017-03-31T00:00:00.000","Grant","WA","Passenger","18","26","44","61956","62000","0.07096774193548387096774193548"
"2017-03-31T00:00:00.000","Grays Harbor","WA","Passenger","28","30","58","45271","45329","0.1279534073109929625625978954"
"2017-03-31T00:00:00.000","Asotin","WA","Passenger","5","3","8","12521","12529","0.06385186367627105116130577061"
"2017-02-28T00:00:00.000","Grant","WA","Passenger","17","26","43","61714","61757","0.06962773450782907200803147821"
"2017-03-31T00:00:00.000","Glacier","MT","Passenger","0","1","1","3","4","25.00"
"2017-03-31T00:00:00.000","Guilford","NC","Passenger","1","0","1","31","32","3.12500"
"2017-02-28T00:00:00.000","Gwinnett","GA","Passenger","0","1","1","85","86","1.162790697674418604651162791"
"2017-03-31T00:00:00.000","Gwinnett","GA","Passenger","0","1","1","83","84","1.190476190476190476190476190"
"2017-03-31T00:00:00.000","Columbia","WA","Passenger","0","1","1","2392","2393","0.04178854993731717509402423736"
"2017-03-31T00:00:00.000","Harnett","NC","Passenger","1","0","1","264","265","0.3773584905660377358490566038"
"2017-03-31T00:00:00.000","Howard","MD","Passenger","0","1","1","97","98","1.020408163265306122448979592"
"2017-02-28T00:00:00.000","Manatee","FL","Passenger","1","0","1","47","48","2.083333333333333333333333333"
"2017-03-31T00:00:00.000","Island","WA","Passenger","106","139","245","60741","60986","0.4017315449447414160627029154"
"2017-03-31T00:00:00.000","Island","WA","Truck","0","0","0","21067","21067","0"
"2017-03-31T00:00:00.000","Garfield","WA","Truck","0","0","0","971","971","0"
"2017-02-28T00:00:00.000","Marion","OR","Passenger","1","0","1","177","178","0.5617977528089887640449438202"
"2017-03-31T00:00:00.000","Jefferson","NY","Passenger","1","1","2","276","278","0.7194244604316546762589928058"
"2017-03-31T00:00:00.000","Canyon","ID","Passenger","0","1","1","94","95","1.052631578947368421052631579"
"2017-03-31T00:00:00.000","Jefferson","WA","Truck","0","0","0","9700","9700","0"
"2017-02-28T00:00:00.000","Island","WA","Passenger","99","132","231","60433","60664","0.3807859686140050112092839246"
"2017-03-31T00:00:00.000","Juneau","AK","Passenger","0","1","1","46","47","2.127659574468085106382978723"
"2017-03-31T00:00:00.000","Kittitas","WA","Passenger","18","16","34","27823","27857","0.1220519079585023512941092006"
"2017-02-28T00:00:00.000","Island","WA","Truck","0","0","0","21030","21030","0"
"2017-03-31T00:00:00.000","Klickitat","WA","Passenger","22","25","47","15117","15164","0.3099446056449485623845950936"
"2017-03-31T00:00:00.000","Klickitat","WA","Truck","0","0","0","8251","8251","0"
"2017-03-31T00:00:00.000","Lincoln","WA","Passenger","2","5","7","7715","7722","0.09065009065009065009065009065"
"2017-03-31T00:00:00.000","Lincoln","WA","Truck","0","0","0","4618","4618","0"
"2017-02-28T00:00:00.000","Multnomah","OR","Passenger","0","3","3","1140","1143","0.2624671916010498687664041995"
"2017-03-31T00:00:00.000","Jefferson","WA","Passenger","96","61","157","24075","24232","0.6479035985473753714097061737"
"2017-03-31T00:00:00.000","Lewis","NY","Passenger","0","1","1","9","10","10.0"
"2017-03-31T00:00:00.000","Dallas","TX","Passenger","0","1","1","191","192","0.5208333333333333333333333333"
"2017-02-28T00:00:00.000","Nassau","NY","Passenger","0","1","1","35","36","2.777777777777777777777777778"
"2017-02-28T00:00:00.000","Jefferson","WA","Truck","0","0","0","9713","9713","0"
"2017-03-31T00:00:00.000","Marion","OR","Passenger","1","0","1","174","175","0.5714285714285714285714285714"
"2017-03-31T00:00:00.000","Kitsap","WA","Passenger","592","305","897","175407","176304","0.5087802885924312551048189491"
"2017-03-31T00:00:00.000","Kitsap","WA","Truck","1","0","1","53759","53760","0.001860119047619047619047619048"
"2017-03-31T00:00:00.000","Kittitas","WA","Truck","0","0","0","13933","13933","0"
"2017-03-31T00:00:00.000","Mason","WA","Passenger","54","65","119","43854","43973","0.2706206081004252609555863826"
"2017-02-28T00:00:00.000","Juneau","AK","Passenger","0","1","1","49","50","2.00"
"2017-03-31T00:00:00.000","Nassau","NY","Passenger","0","1","1","36","37","2.702702702702702702702702703"
"2017-02-28T00:00:00.000","Orange","FL","Passenger","1","1","2","147","149","1.342281879194630872483221477"
"2017-03-31T00:00:00.000","Miami-Dade","FL","Passenger","0","1","1","127","128","0.7812500"
"2017-03-31T00:00:00.000","Northampton","PA","Passenger","2","0","2","214","216","0.9259259259259259259259259259"
"2017-02-28T00:00:00.000","Orleans","LA","Passenger","0","1","1","51","52","1.923076923076923076923076923"
"2017-03-31T00:00:00.000","Montgomery","MD","Passenger","1","2","3","304","307","0.9771986970684039087947882736"
"2017-02-28T00:00:00.000","Kitsap","WA","Truck","1","0","1","53730","53731","0.001861123001619177011408684000"
"2017-03-31T00:00:00.000","Franklin","WA","Passenger","27","48","75","56417","56492","0.1327621610139488777171988954"
"2017-03-31T00:00:00.000","Pacific","WA","Truck","0","0","0","7693","7693","0"
"2017-03-31T00:00:00.000","Gallatin","MT","Passenger","0","1","1","67","68","1.470588235294117647058823529"
"2017-03-31T00:00:00.000","Pend Oreille","WA","Passenger","1","4","5","9626","9631","0.05191568892119198421763056796"
"2017-03-31T00:00:00.000","King","WA","Passenger","9393","4188","13581","1395732","1409313","0.9636610178150630839281266830"
"2017-03-31T00:00:00.000","Pend Oreille","WA","Truck","0","0","0","5866","5866","0"
"2017-02-28T00:00:00.000","Pierce","WA","Truck","0","0","0","142283","142283","0"
"2017-03-31T00:00:00.000","Maui","HI","Passenger","1","0","1","73","74","1.351351351351351351351351351"
"2017-03-31T00:00:00.000","Oklahoma","OK","Passenger","0","1","1","167","168","0.5952380952380952380952380952"
"2017-03-31T00:00:00.000","Orleans","LA","Passenger","0","1","1","51","52","1.923076923076923076923076923"
"2017-03-31T00:00:00.000","Hamilton","TN","Passenger","1","0","1","23","24","4.166666666666666666666666667"
"2017-03-31T00:00:00.000","Lane","OR","Passenger","0","1","1","255","256","0.39062500"
"2017-03-31T00:00:00.000","Hardin","KY","Passenger","0","1","1","127","128","0.7812500"
"2017-03-31T00:00:00.000","Hidalgo","TX","Passenger","0","1","1","100","101","0.9900990099009900990099009901"
"2017-03-31T00:00:00.000","Pima","AZ","Passenger","0","2","2","427","429","0.4662004662004662004662004662"
"2017-03-31T00:00:00.000","Lewis","WA","Passenger","48","45","93","56169","56262","0.1652980697451210408446198144"
"2017-03-31T00:00:00.000","Riley","KS","Passenger","1","0","1","96","97","1.030927835051546391752577320"
"2017-03-31T00:00:00.000","Honolulu","HI","Passenger","5","1","6","600","606","0.9900990099009900990099009901"
"2017-03-31T00:00:00.000","Polk","FL","Passenger","1","0","1","67","68","1.470588235294117647058823529"
"2017-02-28T00:00:00.000","Lincoln","WA","Truck","0","0","0","4602","4602","0"
"2017-03-31T00:00:00.000","Russell","AL","Passenger","1","0","1","56","57","1.754385964912280701754385965"
"2017-03-31T00:00:00.000","Prince William","VA","Passenger","0","3","3","266","269","1.115241635687732342007434944"
"2017-02-28T00:00:00.000","Los Angeles","CA","Passenger","2","1","3","1353","1356","0.2212389380530973451327433628"
"2017-02-28T00:00:00.000","Riverside","CA","Passenger","0","1","1","833","834","0.1199040767386091127098321343"
"2017-03-31T00:00:00.000","Maricopa","AZ","Passenger","2","0","2","1681","1683","0.1188354129530600118835412953"
"2017-03-31T00:00:00.000","King","WA","Truck","8","1","9","194289","194298","0.004632060031498008214186455856"
"2017-03-31T00:00:00.000","Santa Fe","NM","Passenger","0","1","1","42","43","2.325581395348837209302325581"
"2017-02-28T00:00:00.000","Marin","CA","Passenger","1","0","1","55","56","1.785714285714285714285714286"
"2017-02-28T00:00:00.000","Saint Lucie","FL","Passenger","1","0","1","29","30","3.333333333333333333333333333"
"2017-03-31T00:00:00.000","Saratoga","NY","Passenger","0","1","1","76","77","1.298701298701298701298701299"
"2017-03-31T00:00:00.000","Mason","WA","Truck","0","0","0","19915","19915","0"
"2017-03-31T00:00:00.000","Skamania","WA","Passenger","8","8","16","8748","8764","0.1825650387950707439525330899"
"2017-02-28T00:00:00.000","San Juan","WA","Truck","0","0","0","5770","5770","0"
"2017-03-31T00:00:00.000","Larimer","CO","Passenger","0","1","1","76","77","1.298701298701298701298701299"
"2017-03-31T00:00:00.000","Latah","ID","Passenger","0","1","1","114","115","0.8695652173913043478260869565"
"2017-02-28T00:00:00.000","Santa Clara","CA","Passenger","5","3","8","417","425","1.882352941176470588235294118"
"2017-03-31T00:00:00.000","Spokane","WA","Passenger","241","237","478","300040","300518","0.1590586919918274446123027572"
"2017-03-31T00:00:00.000","Tarrant","TX","Passenger","0","2","2","279","281","0.7117437722419928825622775801"
"2017-03-31T00:00:00.000","Lewis","WA","Truck","0","0","0","25784","25784","0"
"2017-02-28T00:00:00.000","Montgomery","MD","Passenger","1","2","3","303","306","0.9803921568627450980392156863"
"2017-03-31T00:00:00.000","Thurston","WA","Passenger","376","337","713","188359","189072","0.3771050181941271050181941271"
"2017-03-31T00:00:00.000","Montgomery","TN","Passenger","1","0","1","283","284","0.3521126760563380281690140845"
"2017-03-31T00:00:00.000","Skagit","WA","Passenger","122","106","228","89129","89357","0.2551562832234743780565596428"
"2017-03-31T00:00:00.000","Wahkiakum","WA","Passenger","0","2","2","2903","2905","0.06884681583476764199655765921"
"2017-03-31T00:00:00.000","Snohomish","WA","Passenger","1670","938","2608","520289","522897","0.4987597939938458243210421938"
"2017-03-31T00:00:00.000","Snohomish","WA","Truck","1","0","1","125896","125897","0.0007943001024647132179480051153"
"2017-03-31T00:00:00.000","Walla Walla","WA","Passenger","20","22","42","35547","35589","0.1180139930877518334316783276"
"2017-03-31T00:00:00.000","Madison","ID","Passenger","1","0","1","41","42","2.380952380952380952380952381"
"2017-03-31T00:00:00.000","Stevens","WA","Passenger","6","22","28","32227","32255","0.08680824678344442722058595567"
"2017-03-31T00:00:00.000","Walla Walla","WA","Truck","0","0","0","13655","13655","0"
"2017-03-31T00:00:00.000","Tulare","CA","Passenger","1","0","1","198","199","0.5025125628140703517587939698"
"2017-03-31T00:00:00.000","Norfolk City","VA","Passenger","2","1","3","323","326","0.9202453987730061349693251534"
"2017-03-31T00:00:00.000","Stevens","WA","Truck","0","0","0","19120","19120","0"
"2017-03-31T00:00:00.000","Manatee","FL","Passenger","1","0","1","44","45","2.222222222222222222222222222"
"2017-03-31T00:00:00.000","Utah","UT","Passenger","0","1","1","161","162","0.6172839506172839506172839506"
"2017-03-31T00:00:00.000","Orange","CA","Passenger","2","1","3","685","688","0.4360465116279069767441860465"
"2017-03-31T00:00:00.000","Ventura","CA","Passenger","0","2","2","374","376","0.5319148936170212765957446809"
"2017-03-31T00:00:00.000","Sumter","FL","Passenger","0","1","1","9","10","10.0"
"2017-03-31T00:00:00.000","Whatcom","WA","Passenger","425","174","599","144385","144984","0.4131490371351321525133807868"
"2017-02-28T00:00:00.000","Pacific","WA","Truck","0","0","0","7688","7688","0"
"2017-03-31T00:00:00.000","Whitman","WA","Truck","0","0","0","8637","8637","0"
"2017-03-31T00:00:00.000","Pacific","WA","Passenger","7","9","16","15338","15354","0.1042073726716165168685684512"
"2017-04-30T00:00:00.000","NULL","CA","Passenger","1","0","1","424","425","0.2352941176470588235294117647"
"2017-02-28T00:00:00.000","Pima","AZ","Passenger","0","2","2","420","422","0.4739336492890995260663507109"
"2017-03-31T00:00:00.000","Travis","TX","Passenger","0","1","1","185","186","0.5376344086021505376344086022"
"2017-03-31T00:00:00.000","Pierce","WA","Passenger","901","847","1748","534297","536045","0.3260920258560382057476517830"
"2017-03-31T00:00:00.000","Wayne","MI","Passenger","0","1","1","72","73","1.369863013698630136986301370"
"2017-04-30T00:00:00.000","Allegheny","PA","Passenger","1","0","1","85","86","1.162790697674418604651162791"
"2017-03-31T00:00:00.000","Whitman","WA","Passenger","9","20","29","22300","22329","0.1298759460790899726812665144"
"2017-02-28T00:00:00.000","Polk","FL","Passenger","1","0","1","67","68","1.470588235294117647058823529"
"2017-03-31T00:00:00.000","Virginia Beach City","VA","Passenger","1","1","2","641","643","0.3110419906687402799377916019"
"2017-03-31T00:00:00.000","Monroe","NY","Passenger","1","0","1","30","31","3.225806451612903225806451613"
"2017-04-30T00:00:00.000","Asotin","WA","Truck","0","0","0","6714","6714","0"
"2017-03-31T00:00:00.000","Yakima","WA","Truck","0","0","0","59683","59683","0"
"2017-03-31T00:00:00.000","Monterey","CA","Passenger","0","1","1","225","226","0.4424778761061946902654867257"
"2017-03-31T00:00:00.000","Montgomery","PA","Passenger","1","0","1","38","39","2.564102564102564102564102564"
"2017-02-28T00:00:00.000","Volusia","FL","Passenger","0","1","1","47","48","2.083333333333333333333333333"
"2017-04-30T00:00:00.000","NULL","NULL","Passenger","9","4","13","2476","2489","0.5222981116914423463238248292"
"2017-04-30T00:00:00.000","Adams","WA","Passenger","3","3","6","12515","12521","0.04791949524798338790831403243"
"2017-03-31T00:00:00.000","Multnomah","OR","Passenger","0","3","3","1098","1101","0.2724795640326975476839237057"
"2017-04-30T00:00:00.000","Anne Arundel","MD","Passenger","0","2","2","513","515","0.3883495145631067961165048544"
"2017-04-30T00:00:00.000","Asotin","WA","Passenger","6","3","9","12558","12567","0.07161613750298400572929100024"
"2017-04-30T00:00:00.000","NULL","WA","Truck","0","0","0","1","1","0"
"2017-03-31T00:00:00.000","Salt Lake","UT","Passenger","0","1","1","290","291","0.3436426116838487972508591065"
"2017-03-31T00:00:00.000","Okaloosa","FL","Passenger","1","0","1","187","188","0.5319148936170212765957446809"
"2017-03-31T00:00:00.000","Okanogan","WA","Truck","0","0","0","4585","4585","0"
"2017-04-30T00:00:00.000","Alexandria City","VA","Passenger","2","0","2","184","186","1.075268817204301075268817204"
"2017-03-31T00:00:00.000","Ozaukee","WI","Passenger","0","1","1","3","4","25.00"
"2017-04-30T00:00:00.000","Benton","WA","Passenger","146","146","292","130535","130827","0.2231955177448080289236931215"
"2017-04-30T00:00:00.000","Clackamas","OR","Passenger","1","1","2","321","323","0.6191950464396284829721362229"
"2017-03-31T00:00:00.000","Skamania","WA","Truck","0","0","0","4079","4079","0"
"2017-04-30T00:00:00.000","Cascade","MT","Passenger","0","1","1","58","59","1.694915254237288135593220339"
"2017-03-31T00:00:00.000","Pierce","WA","Truck","0","0","0","142093","142093","0"
"2017-03-31T00:00:00.000","Pinal","AZ","Passenger","2","1","3","230","233","1.287553648068669527896995708"
"2017-04-30T00:00:00.000","Canyon","ID","Passenger","0","1","1","92","93","1.075268817204301075268817204"
"2017-02-28T00:00:00.000","Saratoga","NY","Passenger","0","1","1","77","78","1.282051282051282051282051282"
"2017-04-30T00:00:00.000","Cumberland","NC","Passenger","1","0","1","645","646","0.1547987616099071207430340557"
"2017-03-31T00:00:00.000","Wahkiakum","WA","Truck","0","0","0","1695","1695","0"
"2017-03-31T00:00:00.000","Asotin","WA","Truck","0","0","0","6695","6695","0"
"2017-04-30T00:00:00.000","Clallam","WA","Passenger","84","73","157","49094","49251","0.3187752532943493533126230939"
"2017-02-28T00:00:00.000","Skamania","WA","Passenger","7","7","14","8745","8759","0.1598355976709670053659093504"
"2017-04-30T00:00:00.000","Dekalb","GA","Passenger","1","0","1","83","84","1.190476190476190476190476190"
"2017-04-30T00:00:00.000","Duval","FL","Passenger","1","1","2","365","367","0.5449591280653950953678474114"
"2017-02-28T00:00:00.000","Spokane","WA","Passenger","233","232","465","298770","299235","0.1553962604641836683543034739"
"2017-03-31T00:00:00.000","Whatcom","WA","Truck","2","0","2","42562","42564","0.004698806503148200357109294239"
"2017-04-30T00:00:00.000","Dakota","MN","Passenger","0","1","1","37","38","2.631578947368421052631578947"
"2017-04-30T00:00:00.000","Ferry","WA","Truck","0","0","0","3765","3765","0"
"2017-04-30T00:00:00.000","Douglas","WA","Passenger","31","21","52","27215","27267","0.1907067150768328015549932152"
"2017-03-31T00:00:00.000","Santa Clara","CA","Passenger","6","2","8","413","421","1.900237529691211401425178147"
"2017-04-30T00:00:00.000","Alameda","CA","Passenger","2","1","3","373","376","0.7978723404255319148936170213"
"2017-04-30T00:00:00.000","Garfield","WA","Passenger","0","0","0","1315","1315","0"
"2017-04-30T00:00:00.000","Franklin","WA","Truck","0","0","0","18606","18606","0"
"2017-04-30T00:00:00.000","Fairfax","VA","Passenger","0","3","3","854","857","0.3500583430571761960326721120"
"2017-04-30T00:00:00.000","Gallatin","MT","Passenger","0","1","1","65","66","1.515151515151515151515151515"
"2017-02-28T00:00:00.000","Tulare","CA","Passenger","1","0","1","202","203","0.4926108374384236453201970443"
"2017-04-30T00:00:00.000","Garfield","WA","Truck","0","0","0","971","971","0"
"2017-04-30T00:00:00.000","Harnett","NC","Passenger","1","0","1","264","265","0.3773584905660377358490566038"
"2017-04-30T00:00:00.000","Franklin","WA","Passenger","28","48","76","56556","56632","0.1341997457267975702782878938"
"2017-04-30T00:00:00.000","Fairfax City","VA","Passenger","1","0","1","6","7","14.28571428571428571428571429"
"2017-04-30T00:00:00.000","Hamilton","TN","Passenger","1","0","1","23","24","4.166666666666666666666666667"
"2017-02-28T00:00:00.000","Walla Walla","WA","Passenger","17","21","38","35433","35471","0.1071297679794761918186687717"
"2017-04-30T00:00:00.000","Glacier","MT","Passenger","0","1","1","3","4","25.00"
"2017-02-28T00:00:00.000","Walla Walla","WA","Truck","0","0","0","13614","13614","0"
"2017-03-31T00:00:00.000","Columbia","WA","Truck","0","0","0","1596","1596","0"
"2017-04-30T00:00:00.000","Gwinnett","GA","Passenger","0","1","1","85","86","1.162790697674418604651162791"
"2017-03-31T00:00:00.000","Volusia","FL","Passenger","0","1","1","46","47","2.127659574468085106382978723"
"2017-04-30T00:00:00.000","Guilford","NC","Passenger","1","0","1","31","32","3.12500"
"2017-04-30T00:00:00.000","Jackson","MO","Passenger","1","0","1","65","66","1.515151515151515151515151515"
"2017-04-30T00:00:00.000","Jefferson","WA","Passenger","101","60","161","24209","24370","0.6606483381206401313089864588"
"2017-04-30T00:00:00.000","Honolulu","HI","Passenger","5","1","6","589","595","1.008403361344537815126050420"
"2017-02-28T00:00:00.000","Wayne","MI","Passenger","0","2","2","71","73","2.739726027397260273972602740"
"2017-04-30T00:00:00.000","Howard","MD","Passenger","0","1","1","99","100","1.00"
"2017-04-30T00:00:00.000","Kitsap","WA","Passenger","621","315","936","175845","176781","0.5294686646189352928199297436"
"2017-03-31T00:00:00.000","Dekalb","GA","Passenger","1","0","1","81","82","1.219512195121951219512195122"
"2017-04-30T00:00:00.000","Island","WA","Passenger","113","138","251","61009","61260","0.4097290238328436173685928828"
"2017-02-28T00:00:00.000","Whatcom","WA","Passenger","409","164","573","143718","144291","0.3971141651246439486870282970"
"2017-04-30T00:00:00.000","Kittitas","WA","Truck","0","0","0","13991","13991","0"
"2017-04-30T00:00:00.000","Clark","NV","Passenger","1","2","3","819","822","0.3649635036496350364963503650"
"2017-02-28T00:00:00.000","Whitman","WA","Passenger","8","20","28","22232","22260","0.1257861635220125786163522013"
"2017-04-30T00:00:00.000","King","WA","Truck","8","1","9","193659","193668","0.004647128074849742858913191648"
"2017-04-30T00:00:00.000","Kitsap","WA","Truck","1","0","1","53802","53803","0.001858632418266639406724532089"
"2017-03-31T00:00:00.000","Duval","FL","Passenger","1","1","2","360","362","0.5524861878453038674033149171"
"2017-04-30T00:00:00.000","Knox","TN","Passenger","1","0","1","40","41","2.439024390243902439024390244"
"2017-04-30T00:00:00.000","Madison","ID","Passenger","1","0","1","40","41","2.439024390243902439024390244"
"2017-04-30T00:00:00.000","Cowlitz","WA","Truck","0","0","0","28762","28762","0"
"2017-04-30T00:00:00.000","Marin","CA","Passenger","1","0","1","57","58","1.724137931034482758620689655"
"2017-04-30T00:00:00.000","Dale","AL","Passenger","0","1","1","69","70","1.428571428571428571428571429"
"2017-04-30T00:00:00.000","Dekalb","IN","Passenger","1","0","1","1","2","50.0"
"2017-03-31T00:00:00.000","Ferry","WA","Truck","0","0","0","3764","3764","0"
"2017-03-31T00:00:00.000","Alameda","CA","Passenger","3","1","4","376","380","1.052631578947368421052631579"
"2017-04-30T00:00:00.000","Lewis","WA","Truck","0","0","0","25794","25794","0"
"2017-04-30T00:00:00.000","District Of Columbia","DC","Passenger","0","3","3","227","230","1.304347826086956521739130435"
"2017-04-30T00:00:00.000","Missoula","MT","Passenger","1","0","1","70","71","1.408450704225352112676056338"
"2017-03-31T00:00:00.000","Franklin","WA","Truck","0","0","0","18556","18556","0"
"2017-04-30T00:00:00.000","Lincoln","WA","Truck","0","0","0","4623","4623","0"
"2017-04-30T00:00:00.000","Mason","WA","Passenger","57","64","121","44008","44129","0.2741961068684991728795123388"
"2017-04-30T00:00:00.000","Monterey","CA","Passenger","0","1","1","221","222","0.4504504504504504504504504505"
"2017-04-30T00:00:00.000","Moore","NC","Passenger","0","1","1","210","211","0.4739336492890995260663507109"
"2017-03-31T00:00:00.000","Garfield","WA","Passenger","0","0","0","1318","1318","0"
"2017-04-30T00:00:00.000","Mason","WA","Truck","0","0","0","19949","19949","0"
"2017-04-30T00:00:00.000","Clark","WA","Truck","0","0","0","79874","79874","0"
"2017-04-30T00:00:00.000","Ferry","WA","Passenger","2","1","3","4577","4580","0.06550218340611353711790393013"
"2017-04-30T00:00:00.000","Miami-Dade","FL","Passenger","0","1","1","129","130","0.7692307692307692307692307692"
"2017-04-30T00:00:00.000","Manatee","FL","Passenger","1","0","1","41","42","2.380952380952380952380952381"
"2017-04-30T00:00:00.000","Marion","OR","Passenger","1","0","1","162","163","0.6134969325153374233128834356"
"2017-04-30T00:00:00.000","Nueces","TX","Passenger","0","1","1","98","99","1.010101010101010101010101010"
"2017-04-30T00:00:00.000","Palm Beach","FL","Passenger","0","1","1","88","89","1.123595505617977528089887640"
"2017-04-30T00:00:00.000","Columbia","WA","Truck","0","0","0","1601","1601","0"
"2017-04-30T00:00:00.000","Grant","WA","Truck","0","0","0","26187","26187","0"
"2017-04-30T00:00:00.000","Montgomery","TN","Passenger","1","0","1","286","287","0.3484320557491289198606271777"
"2017-04-30T00:00:00.000","Monroe","NY","Passenger","1","0","1","28","29","3.448275862068965517241379310"
"2017-04-30T00:00:00.000","Grays Harbor","WA","Truck","0","0","0","20467","20467","0"
"2017-04-30T00:00:00.000","Montgomery","PA","Passenger","1","0","1","36","37","2.702702702702702702702702703"
"2017-04-30T00:00:00.000","Cowlitz","WA","Passenger","54","58","112","70664","70776","0.1582457330168418672996495987"
"2017-04-30T00:00:00.000","Nassau","NY","Passenger","0","1","1","36","37","2.702702702702702702702702703"
"2017-04-30T00:00:00.000","Norfolk City","VA","Passenger","2","1","3","320","323","0.9287925696594427244582043344"
"2017-04-30T00:00:00.000","Okanogan","WA","Truck","0","0","0","4556","4556","0"
"2017-04-30T00:00:00.000","Orange","CA","Passenger","2","1","3","672","675","0.4444444444444444444444444444"
"2017-04-30T00:00:00.000","Orleans","LA","Passenger","0","1","1","51","52","1.923076923076923076923076923"
"2017-04-30T00:00:00.000","San Juan","WA","Passenger","98","37","135","13835","13970","0.9663564781675017895490336435"
"2017-04-30T00:00:00.000","San Mateo","CA","Passenger","0","1","1","156","157","0.6369426751592356687898089172"
"2017-04-30T00:00:00.000","Pierce","WA","Truck","0","0","0","141927","141927","0"
"2017-04-30T00:00:00.000","Pend Oreille","WA","Passenger","2","4","6","9670","9676","0.06200909466721785861926415874"
"2017-04-30T00:00:00.000","Snohomish","WA","Truck","1","0","1","125834","125835","0.0007946914610402511225016887194"
"2017-04-30T00:00:00.000","Salt Lake","UT","Passenger","0","1","1","271","272","0.3676470588235294117647058824"
"2017-03-31T00:00:00.000","Cascade","MT","Passenger","0","1","1","57","58","1.724137931034482758620689655"
"2017-04-30T00:00:00.000","Stevens","WA","Truck","0","0","0","19122","19122","0"
"2017-04-30T00:00:00.000","Grant","WA","Passenger","19","26","45","62210","62255","0.07228335073488073247128744679"
"2017-04-30T00:00:00.000","Sumter","FL","Passenger","0","1","1","9","10","10.0"
"2017-04-30T00:00:00.000","Santa Fe","NM","Passenger","0","1","1","42","43","2.325581395348837209302325581"
"2017-03-31T00:00:00.000","Charlottesville City","VA","Passenger","0","1","1","9","10","10.0"
"2017-04-30T00:00:00.000","Grays Harbor","WA","Passenger","31","34","65","45436","45501","0.1428540032087206874574185183"
"2017-04-30T00:00:00.000","Kittitas","WA","Passenger","22","17","39","27937","27976","0.1394052044609665427509293680"
"2017-04-30T00:00:00.000","Thurston","WA","Truck","0","0","0","54862","54862","0"
"2017-04-30T00:00:00.000","Lane","OR","Passenger","0","1","1","245","246","0.4065040650406504065040650407"
"2017-04-30T00:00:00.000","Hamilton","IN","Passenger","1","0","1","56","57","1.754385964912280701754385965"
"2017-04-30T00:00:00.000","Travis","TX","Passenger","0","1","1","188","189","0.5291005291005291005291005291"
"2017-04-30T00:00:00.000","Hardin","KY","Passenger","0","1","1","124","125","0.800"
"2017-03-31T00:00:00.000","Clark","NV","Passenger","1","2","3","829","832","0.3605769230769230769230769231"
"2017-04-30T00:00:00.000","Santa Rosa","FL","Passenger","1","0","1","102","103","0.9708737864077669902912621359"
"2017-04-30T00:00:00.000","Santa Clara","CA","Passenger","6","2","8","409","417","1.918465227817745803357314149"
"2017-04-30T00:00:00.000","Saratoga","NY","Passenger","0","1","1","73","74","1.351351351351351351351351351"
"2017-04-30T00:00:00.000","Maricopa","AZ","Passenger","2","0","2","1661","1663","0.1202645820805772699939867709"
"2017-04-30T00:00:00.000","Stevens","WA","Passenger","8","24","32","32257","32289","0.09910495834494719563938183282"
"2017-04-30T00:00:00.000","Maui","HI","Passenger","1","0","1","74","75","1.333333333333333333333333333"
"2017-04-30T00:00:00.000","Jefferson","WA","Truck","0","0","0","9701","9701","0"
"2017-04-30T00:00:00.000","Juneau","AK","Passenger","0","1","1","46","47","2.127659574468085106382978723"
"2017-05-31T00:00:00.000","NULL","WA","Truck","0","0","0","1","1","0"
"2017-03-31T00:00:00.000","Cowlitz","WA","Truck","0","0","0","28756","28756","0"
"2017-04-30T00:00:00.000","Utah","UT","Passenger","0","1","1","158","159","0.6289308176100628930817610063"
"2017-03-31T00:00:00.000","Los Angeles","CA","Passenger","2","1","3","1350","1353","0.2217294900221729490022172949"
"2017-04-30T00:00:00.000","Northampton","PA","Passenger","2","0","2","197","199","1.005025125628140703517587940"
"2017-04-30T00:00:00.000","Kent","MI","Passenger","0","1","1","35","36","2.777777777777777777777777778"
"2017-04-30T00:00:00.000","Klickitat","WA","Truck","0","0","0","8267","8267","0"
"2017-05-31T00:00:00.000","Benton","WA","Truck","0","0","0","41294","41294","0"
"2017-03-31T00:00:00.000","Dale","AL","Passenger","0","1","1","67","68","1.470588235294117647058823529"
"2017-04-30T00:00:00.000","Orange","FL","Passenger","1","1","2","146","148","1.351351351351351351351351351"
"2017-04-30T00:00:00.000","Walla Walla","WA","Passenger","22","24","46","35588","35634","0.1290901947578155694000112252"
"2017-04-30T00:00:00.000","Larimer","CO","Passenger","0","1","1","74","75","1.333333333333333333333333333"
"2017-03-31T00:00:00.000","Dane","WI","Passenger","1","0","1","148","149","0.6711409395973154362416107383"
"2017-04-30T00:00:00.000","Pend Oreille","WA","Truck","0","0","0","5884","5884","0"
"2017-03-31T00:00:00.000","Dekalb","IN","Passenger","1","0","1","1","2","50.0"
"2017-03-31T00:00:00.000","Marin","CA","Passenger","1","0","1","56","57","1.754385964912280701754385965"
"2017-04-30T00:00:00.000","Yakima","WA","Passenger","41","59","100","163507","163607","0.06112207912864363994205626899"
"2017-04-30T00:00:00.000","Whitman","WA","Passenger","9","21","30","22379","22409","0.1338747824534785130974162167"
"2017-04-30T00:00:00.000","Yakima","WA","Truck","0","0","0","59679","59679","0"
"2017-03-31T00:00:00.000","Deschutes","OR","Passenger","1","0","1","198","199","0.5025125628140703517587939698"
"2017-04-30T00:00:00.000","Lewis","NY","Passenger","0","1","1","9","10","10.0"
"2017-05-31T00:00:00.000","Allegheny","PA","Passenger","1","0","1","84","85","1.176470588235294117647058824"
"2017-03-31T00:00:00.000","El Paso","CO","Passenger","1","1","2","833","835","0.2395209580838323353293413174"
"2017-03-31T00:00:00.000","Missoula","MT","Passenger","1","0","1","73","74","1.351351351351351351351351351"
"2017-05-31T00:00:00.000","Charles","MD","Passenger","0","1","1","89","90","1.111111111111111111111111111"
"2017-05-31T00:00:00.000","Alameda","CA","Passenger","1","1","2","366","368","0.5434782608695652173913043478"
"2017-05-31T00:00:00.000","Chelan","WA","Truck","0","0","0","21954","21954","0"
"2017-04-30T00:00:00.000","San Diego","CA","Passenger","4","2","6","2799","2805","0.2139037433155080213903743316"
"2017-04-30T00:00:00.000","San Juan","WA","Truck","0","0","0","5773","5773","0"
"2017-03-31T00:00:00.000","Moore","NC","Passenger","0","1","1","213","214","0.4672897196261682242990654206"
"2017-05-31T00:00:00.000","Clallam","WA","Truck","0","0","0","21575","21575","0"
"2017-03-31T00:00:00.000","Ferry","WA","Passenger","2","1","3","4551","4554","0.06587615283267457180500658762"
"2017-05-31T00:00:00.000","Bexar","TX","Passenger","1","1","2","931","933","0.2143622722400857449088960343"
"2017-04-30T00:00:00.000","Shelby","TN","Passenger","0","1","1","114","115","0.8695652173913043478260869565"
"2017-04-30T00:00:00.000","Montgomery","MD","Passenger","1","2","3","309","312","0.9615384615384615384615384615"
"2017-04-30T00:00:00.000","Skagit","WA","Passenger","129","112","241","89346","89587","0.2690122450802013685021264246"
"2017-03-31T00:00:00.000","Nueces","TX","Passenger","0","1","1","98","99","1.010101010101010101010101010"
"2017-04-30T00:00:00.000","Snohomish","WA","Passenger","1738","949","2687","520547","523234","0.5135369643410023048960885569"
"2017-05-31T00:00:00.000","Camden","GA","Passenger","0","1","1","184","185","0.5405405405405405405405405405"
"2017-03-31T00:00:00.000","Okanogan","NULL","Passenger","3","12","15","19757","19772","0.07586485939712725065749544811"
"2017-04-30T00:00:00.000","Multnomah","OR","Passenger","0","3","3","1063","1066","0.2814258911819887429643527205"
"2017-05-31T00:00:00.000","Chelan","WA","Passenger","60","36","96","53157","53253","0.1802715339980846149512703510"
"2017-04-30T00:00:00.000","Okanogan","NULL","Passenger","3","12","15","19804","19819","0.07568494878651798778949492911"
"2017-03-31T00:00:00.000","Grant","WA","Truck","0","0","0","26121","26121","0"
"2017-05-31T00:00:00.000","Clark","WA","Passenger","796","520","1316","304247","305563","0.4306804161498610761119638176"
"2017-04-30T00:00:00.000","Virginia Beach City","VA","Passenger","1","1","2","638","640","0.312500"
"2017-05-31T00:00:00.000","Clark","WA","Truck","0","0","0","79983","79983","0"
"2017-03-31T00:00:00.000","Grays Harbor","WA","Truck","0","0","0","20464","20464","0"
"2017-05-31T00:00:00.000","Clark","NV","Passenger","1","1","2","811","813","0.2460024600246002460024600246"
"2017-04-30T00:00:00.000","Wahkiakum","WA","Truck","0","0","0","1692","1692","0"
"2017-05-31T00:00:00.000","Fairfax City","VA","Passenger","1","0","1","6","7","14.28571428571428571428571429"
"2017-05-31T00:00:00.000","Columbia","WA","Passenger","0","1","1","2408","2409","0.04151100041511000415110004151"
"2017-05-31T00:00:00.000","Cobb","GA","Passenger","0","1","1","70","71","1.408450704225352112676056338"
"2017-05-31T00:00:00.000","Franklin","OH","Passenger","0","1","1","119","120","0.8333333333333333333333333333"
"2017-05-31T00:00:00.000","Cowlitz","WA","Truck","0","0","0","28792","28792","0"
"2017-05-31T00:00:00.000","Dekalb","GA","Passenger","1","0","1","83","84","1.190476190476190476190476190"
"2017-05-31T00:00:00.000","Glacier","MT","Passenger","0","1","1","3","4","25.00"
"2017-05-31T00:00:00.000","Cowlitz","WA","Passenger","56","60","116","70947","71063","0.1632354389766826618634169680"
"2017-04-30T00:00:00.000","Prince William","VA","Passenger","0","3","3","266","269","1.115241635687732342007434944"
"2017-05-31T00:00:00.000","Dale","AL","Passenger","0","1","1","68","69","1.449275362318840579710144928"
"2017-05-31T00:00:00.000","Dekalb","IN","Passenger","1","0","1","1","2","50.0"
"2017-03-31T00:00:00.000","Riverside","CA","Passenger","0","1","1","825","826","0.1210653753026634382566585956"
"2017-05-31T00:00:00.000","Grays Harbor","WA","Passenger","34","34","68","45529","45597","0.1491326183740158343750685352"
"2017-05-31T00:00:00.000","Adams","WA","Passenger","3","3","6","12599","12605","0.04760015866719555731852439508"
"2017-04-30T00:00:00.000","Riverside","CA","Passenger","0","1","1","825","826","0.1210653753026634382566585956"
"2017-05-31T00:00:00.000","Douglas","WA","Passenger","32","23","55","27320","27375","0.2009132420091324200913242009"
"2017-05-31T00:00:00.000","Douglas","WA","Truck","0","0","0","11859","11859","0"
"2017-05-31T00:00:00.000","District Of Columbia","DC","Passenger","0","3","3","225","228","1.315789473684210526315789474"
"2017-05-31T00:00:00.000","Hamilton","TN","Passenger","1","0","1","21","22","4.545454545454545454545454545"
"2017-05-31T00:00:00.000","Fairfax","VA","Passenger","0","3","3","855","858","0.3496503496503496503496503497"
"2017-05-31T00:00:00.000","Benton","WA","Passenger","150","148","298","130918","131216","0.2271064504328740397512498476"
"2017-05-31T00:00:00.000","Hardin","KY","Passenger","0","1","1","123","124","0.8064516129032258064516129032"
"2017-03-31T00:00:00.000","Saint Lucie","FL","Passenger","1","0","1","29","30","3.333333333333333333333333333"
"2017-03-31T00:00:00.000","Jackson","MO","Passenger","1","0","1","65","66","1.515151515151515151515151515"
"2017-03-31T00:00:00.000","San Mateo","CA","Passenger","0","1","1","155","156","0.6410256410256410256410256410"
"2017-05-31T00:00:00.000","Canyon","ID","Passenger","0","1","1","93","94","1.063829787234042553191489362"
"2017-05-31T00:00:00.000","Jackson","MO","Passenger","1","0","1","61","62","1.612903225806451612903225806"
"2017-05-31T00:00:00.000","Fulton","GA","Passenger","1","1","2","110","112","1.785714285714285714285714286"
"2017-05-31T00:00:00.000","Grant","WA","Passenger","21","30","51","62473","62524","0.08156867762779092828353912098"
"2017-04-30T00:00:00.000","Skagit","WA","Truck","1","0","1","32370","32371","0.003089184764140743257854252263"
"2017-05-31T00:00:00.000","Garfield","WA","Passenger","0","0","0","1324","1324","0"
"2017-05-31T00:00:00.000","Gwinnett","GA","Passenger","0","1","1","84","85","1.176470588235294117647058824"
"2017-05-31T00:00:00.000","Jefferson","NY","Passenger","1","1","2","271","273","0.7326007326007326007326007326"
"2017-05-31T00:00:00.000","Hamilton","IN","Passenger","1","0","1","57","58","1.724137931034482758620689655"
"2017-04-30T00:00:00.000","Spokane","WA","Passenger","248","244","492","301024","301516","0.1631754202098727762374136033"
"2017-05-31T00:00:00.000","Clallam","WA","Passenger","88","80","168","49204","49372","0.3402738394231548245969375354"
"2017-05-31T00:00:00.000","Grant","WA","Truck","0","0","0","26311","26311","0"
"2017-05-31T00:00:00.000","Grays Harbor","WA","Truck","0","0","0","20530","20530","0"
"2017-05-31T00:00:00.000","Columbia","WA","Truck","0","0","0","1601","1601","0"
"2017-05-31T00:00:00.000","Klickitat","WA","Truck","0","0","0","8281","8281","0"
"2017-04-30T00:00:00.000","Tarrant","TX","Passenger","0","2","2","269","271","0.7380073800738007380073800738"
"2017-05-31T00:00:00.000","Island","WA","Passenger","119","139","258","61235","61493","0.4195599499129982274405216854"
"2017-05-31T00:00:00.000","Island","WA","Truck","0","0","0","21136","21136","0"
"2017-05-31T00:00:00.000","Larimer","CO","Passenger","0","1","1","72","73","1.369863013698630136986301370"
"2017-03-31T00:00:00.000","Skagit","WA","Truck","1","0","1","32382","32383","0.003088040020998672142790970571"
"2017-05-31T00:00:00.000","Dakota","MN","Passenger","0","1","1","37","38","2.631578947368421052631578947"
"2017-04-30T00:00:00.000","Tulare","CA","Passenger","1","0","1","198","199","0.5025125628140703517587939698"
"2017-05-31T00:00:00.000","Lewis","WA","Passenger","53","43","96","56619","56715","0.1692673895794763290134884951"
"2017-05-31T00:00:00.000","Lincoln","WA","Passenger","2","6","8","7740","7748","0.1032524522457408363448631905"
"2017-05-31T00:00:00.000","Jefferson","WA","Passenger","107","63","170","24309","24479","0.6944728134319212386126884268"
"2017-04-30T00:00:00.000","Ventura","CA","Passenger","0","1","1","361","362","0.2762430939226519337016574586"
"2017-05-31T00:00:00.000","Jefferson","WA","Truck","0","0","0","9706","9706","0"
"2017-04-30T00:00:00.000","Volusia","FL","Passenger","0","1","1","47","48","2.083333333333333333333333333"
"2017-05-31T00:00:00.000","Juneau","AK","Passenger","0","1","1","42","43","2.325581395348837209302325581"
"2017-05-31T00:00:00.000","King","WA","Passenger","9955","4374","14329","1395552","1409881","1.016326909859768306686876410"
"2017-05-31T00:00:00.000","Duval","FL","Passenger","1","1","2","368","370","0.5405405405405405405405405405"
"2017-05-31T00:00:00.000","Kent","DE","Passenger","0","1","1","73","74","1.351351351351351351351351351"
"2017-05-31T00:00:00.000","Kittitas","WA","Passenger","25","17","42","28121","28163","0.1491318396477647977843269538"
"2017-05-31T00:00:00.000","Mason","WA","Truck","0","0","0","19985","19985","0"
"2017-05-31T00:00:00.000","Klickitat","WA","Passenger","24","26","50","15171","15221","0.3284935286774850535444451744"
"2017-05-31T00:00:00.000","Kitsap","WA","Truck","1","0","1","53901","53902","0.001855218730288300990686801974"
"2017-05-31T00:00:00.000","Flathead","MT","Passenger","1","0","1","62","63","1.587301587301587301587301587"
"2017-05-31T00:00:00.000","Franklin","WA","Passenger","30","45","75","56748","56823","0.1319888073491367931999366454"
"2017-05-31T00:00:00.000","Knox","TN","Passenger","1","0","1","39","40","2.500"
"2017-03-31T00:00:00.000","Manassas City","VA","Passenger","0","1","1","9","10","10.0"
"2017-05-31T00:00:00.000","Lincoln","WA","Truck","0","0","0","4627","4627","0"
"2017-04-30T00:00:00.000","Wayne","MI","Passenger","0","1","1","70","71","1.408450704225352112676056338"
"2017-05-31T00:00:00.000","Orange","CA","Passenger","3","1","4","670","674","0.5934718100890207715133531157"
"2017-05-31T00:00:00.000","Maui","HI","Passenger","1","0","1","75","76","1.315789473684210526315789474"
"2017-05-31T00:00:00.000","Adams","WA","Truck","0","0","0","5325","5325","0"
"2017-05-31T00:00:00.000","Howard","MD","Passenger","0","1","1","99","100","1.00"
"2017-05-31T00:00:00.000","Alexandria City","VA","Passenger","2","0","2","186","188","1.063829787234042553191489362"
"2017-05-31T00:00:00.000","Pend Oreille","WA","Passenger","3","4","7","9692","9699","0.07217238890607279100938241056"
"2017-05-31T00:00:00.000","Los Angeles","CA","Passenger","2","1","3","1319","1322","0.2269288956127080181543116490"
"2017-05-31T00:00:00.000","Marin","CA","Passenger","1","0","1","55","56","1.785714285714285714285714286"
"2017-05-31T00:00:00.000","Asotin","WA","Truck","0","0","0","6720","6720","0"
"2017-05-31T00:00:00.000","Northampton","PA","Passenger","1","0","1","172","173","0.5780346820809248554913294798"
"2017-03-31T00:00:00.000","Okanogan","WA","Passenger","0","4","4","6644","6648","0.06016847172081829121540312876"
"2017-05-31T00:00:00.000","Kent","MI","Passenger","0","1","1","34","35","2.857142857142857142857142857"
"2017-05-31T00:00:00.000","Orange","FL","Passenger","1","1","2","141","143","1.398601398601398601398601399"
"2017-05-31T00:00:00.000","King","WA","Truck","8","1","9","193153","193162","0.004659301518932295171928226049"
"2017-03-31T00:00:00.000","Orange","FL","Passenger","1","1","2","147","149","1.342281879194630872483221477"
"2017-05-31T00:00:00.000","Pacific","WA","Truck","0","0","0","7698","7698","0"
"2017-05-31T00:00:00.000","Pend Oreille","WA","Truck","0","0","0","5874","5874","0"
"2017-05-31T00:00:00.000","Montgomery","MD","Passenger","1","2","3","305","308","0.9740259740259740259740259740"
"2017-05-31T00:00:00.000","Riley","KS","Passenger","1","0","1","91","92","1.086956521739130434782608696"
"2017-03-31T00:00:00.000","Yakima","WA","Passenger","36","55","91","163226","163317","0.05571985770005571985770005572"
"2017-05-31T00:00:00.000","Pima","AZ","Passenger","0","2","2","427","429","0.4662004662004662004662004662"
"2017-05-31T00:00:00.000","Polk","FL","Passenger","1","0","1","66","67","1.492537313432835820895522388"
"2017-04-30T00:00:00.000","Adams","WA","Truck","0","0","0","5312","5312","0"
"2017-05-31T00:00:00.000","Okanogan","NULL","Passenger","3","12","15","19926","19941","0.07522190461862494358357153603"
"2017-05-31T00:00:00.000","Santa Rosa","FL","Passenger","1","0","1","102","103","0.9708737864077669902912621359"
"2017-05-31T00:00:00.000","Lewis","WA","Truck","0","0","0","25813","25813","0"
"2017-05-31T00:00:00.000","Prince William","VA","Passenger","0","3","3","268","271","1.107011070110701107011070111"
"2017-05-31T00:00:00.000","Pacific","WA","Passenger","13","8","21","15436","15457","0.1358607750533738759138254513"
"2017-05-31T00:00:00.000","Saint Lucie","FL","Passenger","1","0","1","29","30","3.333333333333333333333333333"
"2017-05-31T00:00:00.000","Palm Beach","FL","Passenger","0","1","1","87","88","1.136363636363636363636363636"
"2017-05-31T00:00:00.000","San Juan","WA","Truck","0","0","0","5770","5770","0"
"2017-05-31T00:00:00.000","Manatee","FL","Passenger","1","0","1","41","42","2.380952380952380952380952381"
"2017-04-30T00:00:00.000","Arlington","VA","Passenger","1","1","2","168","170","1.176470588235294117647058824"
"2017-05-31T00:00:00.000","Marion","OR","Passenger","1","0","1","154","155","0.6451612903225806451612903226"
"2017-05-31T00:00:00.000","Ramsey","MN","Passenger","1","0","1","38","39","2.564102564102564102564102564"
"2017-05-31T00:00:00.000","Russell","AL","Passenger","1","0","1","56","57","1.754385964912280701754385965"
"2017-05-31T00:00:00.000","Thurston","WA","Truck","0","0","0","54873","54873","0"
"2017-05-31T00:00:00.000","Snohomish","WA","Passenger","1780","954","2734","521121","523855","0.5219001441238510656574815550"
"2017-04-30T00:00:00.000","Benton","WA","Truck","0","0","0","41186","41186","0"
"2017-05-31T00:00:00.000","Spokane","WA","Truck","1","0","1","93548","93549","0.001068958513720082523597259190"
"2017-05-31T00:00:00.000","Ventura","CA","Passenger","0","1","1","361","362","0.2762430939226519337016574586"
"2017-05-31T00:00:00.000","Monroe","NY","Passenger","1","0","1","27","28","3.571428571428571428571428571"
"2017-05-31T00:00:00.000","Skamania","WA","Passenger","9","7","16","8774","8790","0.1820250284414106939704209329"
"2017-05-31T00:00:00.000","Montgomery","PA","Passenger","1","0","1","35","36","2.777777777777777777777777778"
"2017-05-31T00:00:00.000","Wahkiakum","WA","Passenger","1","2","3","2903","2906","0.1032346868547832071576049553"
"2017-05-31T00:00:00.000","Saratoga","NY","Passenger","0","1","1","71","72","1.388888888888888888888888889"
"2017-03-31T00:00:00.000","San Diego","CA","Passenger","4","2","6","2817","2823","0.2125398512221041445270988310"
"2017-05-31T00:00:00.000","Skamania","WA","Truck","0","0","0","4067","4067","0"
"2017-05-31T00:00:00.000","Stevens","WA","Passenger","8","25","33","32355","32388","0.1018895887365690996665431641"
"2017-05-31T00:00:00.000","Skagit","WA","Passenger","141","117","258","89688","89946","0.2868387699286238409712494163"
"2017-05-31T00:00:00.000","Multnomah","OR","Passenger","1","3","4","1033","1037","0.3857280617164898746383799421"
"2017-05-31T00:00:00.000","Spokane","WA","Passenger","260","249","509","302205","302714","0.1681455102836340572289355629"
"2017-05-31T00:00:00.000","Skagit","WA","Truck","1","0","1","32410","32411","0.003085372250161982043133504057"
"2017-05-31T00:00:00.000","Snohomish","WA","Truck","1","0","1","125813","125814","0.0007948241054254693436342537396"
"2017-03-31T00:00:00.000","San Juan","WA","Passenger","88","36","124","13759","13883","0.8931787077720953684362169560"
"2017-05-31T00:00:00.000","Thurston","WA","Passenger","417","358","775","189451","190226","0.4074101332099712972990022394"
"2017-05-31T00:00:00.000","Nassau","NY","Passenger","0","1","1","35","36","2.777777777777777777777777778"
"2017-03-31T00:00:00.000","San Juan","WA","Truck","0","0","0","5787","5787","0"
"2017-05-31T00:00:00.000","Stevens","WA","Truck","0","0","0","19128","19128","0"
"2017-05-31T00:00:00.000","Orleans","LA","Passenger","0","1","1","51","52","1.923076923076923076923076923"
"2017-05-31T00:00:00.000","Ferry","WA","Passenger","2","1","3","4590","4593","0.06531678641410842586544741999"
"2017-05-31T00:00:00.000","Tulare","CA","Passenger","1","0","1","198","199","0.5025125628140703517587939698"
"2017-03-31T00:00:00.000","Shelby","TN","Passenger","0","1","1","114","115","0.8695652173913043478260869565"
"2017-05-31T00:00:00.000","Franklin","WA","Truck","0","0","0","18718","18718","0"
"2017-05-31T00:00:00.000","Wahkiakum","WA","Truck","0","0","0","1705","1705","0"
"2017-05-31T00:00:00.000","Twin Falls","ID","Passenger","0","1","1","22","23","4.347826086956521739130434783"
"2017-04-30T00:00:00.000","Charles","MD","Passenger","0","1","1","90","91","1.098901098901098901098901099"
"2017-05-31T00:00:00.000","Walla Walla","WA","Passenger","23","24","47","35663","35710","0.1316157938952674320918510221"
"2017-05-31T00:00:00.000","Virginia Beach City","VA","Passenger","1","1","2","650","652","0.3067484662576687116564417178"
"2017-05-31T00:00:00.000","Gallatin","MT","Passenger","0","1","1","62","63","1.587301587301587301587301587"
"2017-05-31T00:00:00.000","Walla Walla","WA","Truck","0","0","0","13675","13675","0"
"2017-05-31T00:00:00.000","Pierce","WA","Truck","0","0","0","141937","141937","0"
"2017-04-30T00:00:00.000","Charlottesville City","VA","Passenger","0","1","1","9","10","10.0"
"2017-03-31T00:00:00.000","Spokane","WA","Truck","1","1","2","93205","93207","0.002145761584430353943373351787"
"2017-06-30T00:00:00.000","Adams","WA","Truck","0","0","0","5353","5353","0"
"2017-05-31T00:00:00.000","Whatcom","WA","Passenger","469","185","654","145244","145898","0.4482583722874885193765507409"
"2017-05-31T00:00:00.000","Whatcom","WA","Truck","2","0","2","42713","42715","0.004682195949900503336064614304"
"2017-05-31T00:00:00.000","Wayne","MI","Passenger","0","1","1","68","69","1.449275362318840579710144928"
"2017-05-31T00:00:00.000","Whitman","WA","Truck","0","0","0","8662","8662","0"
"2017-06-30T00:00:00.000","Asotin","WA","Truck","0","0","0","6736","6736","0"
"2017-05-31T00:00:00.000","Riverside","CA","Passenger","0","1","1","817","818","0.1222493887530562347188264059"
"2017-06-30T00:00:00.000","Camden","GA","Passenger","0","1","1","186","187","0.5347593582887700534759358289"
"2017-04-30T00:00:00.000","Clallam","WA","Truck","0","0","0","21561","21561","0"
"2017-05-31T00:00:00.000","Whitman","WA","Passenger","10","22","32","22434","22466","0.1424374610522567435235466928"
"2017-03-31T00:00:00.000","Thurston","WA","Truck","0","0","0","54829","54829","0"
"2017-04-30T00:00:00.000","Clark","WA","Passenger","775","498","1273","303578","304851","0.4175810477905599784812908601"
"2017-06-30T00:00:00.000","Bexar","TX","Passenger","1","1","2","911","913","0.2190580503833515881708652793"
"2017-06-30T00:00:00.000","NULL","CA","Passenger","1","0","1","404","405","0.2469135802469135802469135802"
"2017-06-30T00:00:00.000","NULL","WA","Truck","0","0","0","1","1","0"
"2017-05-31T00:00:00.000","Santa Clara","CA","Passenger","5","2","7","403","410","1.707317073170731707317073171"
"2017-06-30T00:00:00.000","Allegheny","PA","Passenger","1","0","1","85","86","1.162790697674418604651162791"
"2017-06-30T00:00:00.000","Columbia","WA","Passenger","1","1","2","2403","2405","0.08316008316008316008316008316"
"2017-06-30T00:00:00.000","Benton","WA","Truck","0","0","0","41417","41417","0"
"2017-06-30T00:00:00.000","Chelan","WA","Passenger","67","37","104","53371","53475","0.1944834034595605423094904161"
"2017-04-30T00:00:00.000","Dallas","TX","Passenger","0","1","1","188","189","0.5291005291005291005291005291"
"2017-04-30T00:00:00.000","Dane","WI","Passenger","1","0","1","133","134","0.7462686567164179104477611940"
"2017-06-30T00:00:00.000","Ferry","WA","Passenger","2","1","3","4576","4579","0.06551648831622625027298536798"
"2017-05-31T00:00:00.000","Lane","OR","Passenger","0","1","1","242","243","0.4115226337448559670781893004"
"2017-05-31T00:00:00.000","Volusia","FL","Passenger","0","1","1","45","46","2.173913043478260869565217391"
"2017-06-30T00:00:00.000","Cobb","GA","Passenger","0","1","1","69","70","1.428571428571428571428571429"
"2017-05-31T00:00:00.000","Latah","ID","Passenger","0","1","1","107","108","0.9259259259259259259259259259"
"2017-06-30T00:00:00.000","Charles","MD","Passenger","0","1","1","88","89","1.123595505617977528089887640"
"2017-04-30T00:00:00.000","El Paso","CO","Passenger","1","1","2","836","838","0.2386634844868735083532219570"
"2017-06-30T00:00:00.000","Clackamas","OR","Passenger","0","1","1","287","288","0.3472222222222222222222222222"
"2017-06-30T00:00:00.000","Gwinnett","GA","Passenger","0","1","1","85","86","1.162790697674418604651162791"
"2017-06-30T00:00:00.000","Clallam","WA","Passenger","96","81","177","49390","49567","0.3570924203603203744426735530"
"2017-05-31T00:00:00.000","Madison","ID","Passenger","1","0","1","40","41","2.439024390243902439024390244"
"2017-06-30T00:00:00.000","Clallam","WA","Truck","0","0","0","21623","21623","0"
"2017-06-30T00:00:00.000","Dekalb","GA","Passenger","1","0","1","85","86","1.162790697674418604651162791"
"2017-05-31T00:00:00.000","Maricopa","AZ","Passenger","2","0","2","1650","1652","0.1210653753026634382566585956"
"2017-06-30T00:00:00.000","Cumberland","NC","Passenger","1","0","1","620","621","0.1610305958132045088566827697"
"2017-04-30T00:00:00.000","Franklin","OH","Passenger","0","1","1","122","123","0.8130081300813008130081300813"
"2017-06-30T00:00:00.000","Dakota","MN","Passenger","0","1","1","35","36","2.777777777777777777777777778"
"2017-05-31T00:00:00.000","Mason","WA","Passenger","59","68","127","44328","44455","0.2856821504892588010347542459"
"2017-06-30T00:00:00.000","Douglas","WA","Truck","0","0","0","11907","11907","0"
"2017-05-31T00:00:00.000","Miami-Dade","FL","Passenger","0","1","1","128","129","0.7751937984496124031007751938"
"2017-06-30T00:00:00.000","Benton","WA","Passenger","155","149","304","131267","131571","0.2310539556589217988766521498"
"2017-06-30T00:00:00.000","District Of Columbia","DC","Passenger","0","3","3","224","227","1.321585903083700440528634361"
"2017-04-30T00:00:00.000","Bexar","TX","Passenger","1","1","2","967","969","0.2063983488132094943240454076"
"2017-06-30T00:00:00.000","Douglas","WA","Passenger","34","26","60","27366","27426","0.2187705097352876832203019033"
"2017-06-30T00:00:00.000","Duval","FL","Passenger","1","1","2","376","378","0.5291005291005291005291005291"
"2017-06-30T00:00:00.000","Franklin","WA","Truck","0","0","0","18763","18763","0"
"2017-06-30T00:00:00.000","Jefferson","WA","Truck","0","0","0","9696","9696","0"
"2017-05-31T00:00:00.000","Missoula","MT","Passenger","1","0","1","67","68","1.470588235294117647058823529"
"2017-06-30T00:00:00.000","Fairfax City","VA","Passenger","1","0","1","6","7","14.28571428571428571428571429"
"2017-06-30T00:00:00.000","Fulton","GA","Passenger","1","1","2","109","111","1.801801801801801801801801802"
"2017-06-30T00:00:00.000","Juneau","AK","Passenger","0","1","1","39","40","2.500"
"2017-05-31T00:00:00.000","Monterey","CA","Passenger","0","1","1","221","222","0.4504504504504504504504504505"
"2017-06-30T00:00:00.000","Flathead","MT","Passenger","1","0","1","61","62","1.612903225806451612903225806"
"2017-06-30T00:00:00.000","Cascade","MT","Passenger","0","1","1","56","57","1.754385964912280701754385965"
"2017-06-30T00:00:00.000","Gallatin","MT","Passenger","0","1","1","62","63","1.587301587301587301587301587"
"2017-06-30T00:00:00.000","Franklin","OH","Passenger","0","1","1","119","120","0.8333333333333333333333333333"
"2017-06-30T00:00:00.000","Garfield","WA","Passenger","0","0","0","1334","1334","0"
"2017-05-31T00:00:00.000","Montgomery","TN","Passenger","1","0","1","274","275","0.3636363636363636363636363636"
"2017-06-30T00:00:00.000","Glacier","MT","Passenger","0","1","1","3","4","25.00"
"2017-06-30T00:00:00.000","Garfield","WA","Truck","0","0","0","976","976","0"
"2017-06-30T00:00:00.000","Knox","TN","Passenger","1","0","1","39","40","2.500"
"2017-05-31T00:00:00.000","Moore","NC","Passenger","0","1","1","208","209","0.4784688995215311004784688995"
"2017-04-30T00:00:00.000","Hidalgo","TX","Passenger","0","1","1","102","103","0.9708737864077669902912621359"
"2017-06-30T00:00:00.000","Clark","WA","Passenger","825","536","1361","305305","306666","0.4438053126202448266191883026"
"2017-06-30T00:00:00.000","Lane","OR","Passenger","0","1","1","235","236","0.4237288135593220338983050847"
"2017-05-31T00:00:00.000","New Castle","DE","Passenger","1","0","1","24","25","4.00"
"2017-05-31T00:00:00.000","Norfolk City","VA","Passenger","2","1","3","325","328","0.9146341463414634146341463415"
"2017-06-30T00:00:00.000","Howard","MD","Passenger","0","1","1","102","103","0.9708737864077669902912621359"
"2017-06-30T00:00:00.000","Harnett","NC","Passenger","1","0","1","268","269","0.3717472118959107806691449814"
"2017-04-30T00:00:00.000","Chelan","WA","Passenger","55","31","86","52917","53003","0.1622549666999981133143406977"
"2017-04-30T00:00:00.000","Chelan","WA","Truck","0","0","0","21913","21913","0"
"2017-06-30T00:00:00.000","Jefferson","NY","Passenger","1","1","2","266","268","0.7462686567164179104477611940"
"2017-06-30T00:00:00.000","Island","WA","Truck","0","0","0","21142","21142","0"
"2017-06-30T00:00:00.000","Lumpkin","GA","Passenger","1","0","1","10","11","9.090909090909090909090909091"
"2017-04-30T00:00:00.000","Jefferson","NY","Passenger","1","1","2","272","274","0.7299270072992700729927007299"
"2017-05-31T00:00:00.000","Pinal","AZ","Passenger","2","1","3","220","223","1.345291479820627802690582960"
"2017-06-30T00:00:00.000","Jefferson","WA","Passenger","108","65","173","24359","24532","0.7052013696396543290396217186"
"2017-06-30T00:00:00.000","Maricopa","AZ","Passenger","2","0","2","1623","1625","0.1230769230769230769230769231"
"2017-06-30T00:00:00.000","Kittitas","WA","Passenger","24","17","41","28364","28405","0.1443407850730505192747755677"
"2017-06-30T00:00:00.000","Ferry","WA","Truck","0","0","0","3750","3750","0"
"2017-06-30T00:00:00.000","Kent","DE","Passenger","0","1","1","71","72","1.388888888888888888888888889"
"2017-06-30T00:00:00.000","Kitsap","WA","Passenger","651","334","985","176991","177976","0.5534454083696678203802759923"
"2017-06-30T00:00:00.000","Lincoln","WA","Passenger","2","6","8","7769","7777","0.1028674296001028674296001029"
"2017-06-30T00:00:00.000","Kitsap","WA","Truck","1","0","1","54078","54079","0.001849146618835407459457460382"
"2017-04-30T00:00:00.000","Cobb","GA","Passenger","0","1","1","70","71","1.408450704225352112676056338"
"2017-04-30T00:00:00.000","Klickitat","WA","Passenger","24","25","49","15135","15184","0.3227081138040042149631190727"
"2017-06-30T00:00:00.000","Kittitas","WA","Truck","0","0","0","14071","14071","0"
"2017-06-30T00:00:00.000","Hamilton","IN","Passenger","1","0","1","54","55","1.818181818181818181818181818"
"2017-06-30T00:00:00.000","Montgomery","MD","Passenger","1","2","3","309","312","0.9615384615384615384615384615"
"2017-06-30T00:00:00.000","Latah","ID","Passenger","0","1","1","101","102","0.9803921568627450980392156863"
"2017-04-30T00:00:00.000","Columbia","WA","Passenger","0","1","1","2402","2403","0.04161464835622138992925509779"
"2017-06-30T00:00:00.000","Marion","OR","Passenger","1","0","1","146","147","0.6802721088435374149659863946"
"2017-06-30T00:00:00.000","Mason","WA","Truck","0","0","0","19999","19999","0"
"2017-05-31T00:00:00.000","Salt Lake","UT","Passenger","0","1","1","259","260","0.3846153846153846153846153846"
"2017-05-31T00:00:00.000","San Diego","CA","Passenger","4","2","6","2790","2796","0.2145922746781115879828326180"
"2017-06-30T00:00:00.000","Los Angeles","CA","Passenger","2","1","3","1294","1297","0.2313030069390902081727062452"
"2017-04-30T00:00:00.000","Latah","ID","Passenger","0","1","1","115","116","0.8620689655172413793103448276"
"2017-06-30T00:00:00.000","Madison","ID","Passenger","1","0","1","38","39","2.564102564102564102564102564"
"2017-06-30T00:00:00.000","Maui","HI","Passenger","1","0","1","72","73","1.369863013698630136986301370"
"2017-06-30T00:00:00.000","Pacific","WA","Passenger","16","8","24","15447","15471","0.1551289509404692650765949195"
"2017-06-30T00:00:00.000","Marin","CA","Passenger","1","0","1","56","57","1.754385964912280701754385965"
"2017-06-30T00:00:00.000","Nassau","NY","Passenger","0","1","1","36","37","2.702702702702702702702702703"
"2017-04-30T00:00:00.000","Deschutes","OR","Passenger","1","0","1","192","193","0.5181347150259067357512953368"
"2017-04-30T00:00:00.000","Lincoln","WA","Passenger","2","5","7","7701","7708","0.09081473793461338868707836015"
"2017-05-31T00:00:00.000","Shelby","TN","Passenger","0","1","1","114","115","0.8695652173913043478260869565"
"2017-06-30T00:00:00.000","Mason","WA","Passenger","64","70","134","44526","44660","0.3000447828034034930586654725"
"2017-06-30T00:00:00.000","Orange","CA","Passenger","3","1","4","654","658","0.6079027355623100303951367781"
"2017-06-30T00:00:00.000","Kent","MI","Passenger","0","1","1","37","38","2.631578947368421052631578947"
"2017-06-30T00:00:00.000","Orleans","LA","Passenger","0","1","1","48","49","2.040816326530612244897959184"
"2017-06-30T00:00:00.000","Miami-Dade","FL","Passenger","0","1","1","126","127","0.7874015748031496062992125984"
"2017-06-30T00:00:00.000","Klickitat","WA","Passenger","27","26","53","15196","15249","0.3475637746737490983015279690"
"2017-06-30T00:00:00.000","Missoula","MT","Passenger","1","0","1","66","67","1.492537313432835820895522388"
"2017-04-30T00:00:00.000","Douglas","WA","Truck","0","0","0","11827","11827","0"
"2017-06-30T00:00:00.000","Pend Oreille","WA","Passenger","4","4","8","9706","9714","0.08235536339304097179328803788"
"2017-06-30T00:00:00.000","Pend Oreille","WA","Truck","0","0","0","5885","5885","0"
"2017-06-30T00:00:00.000","Monterey","CA","Passenger","0","1","1","217","218","0.4587155963302752293577981651"
"2017-06-30T00:00:00.000","Moore","NC","Passenger","0","1","1","204","205","0.4878048780487804878048780488"
"2017-06-30T00:00:00.000","Salt Lake","UT","Passenger","0","1","1","253","254","0.3937007874015748031496062992"
"2017-06-30T00:00:00.000","Santa Fe","NM","Passenger","0","1","1","43","44","2.272727272727272727272727273"
"2017-06-30T00:00:00.000","Saratoga","NY","Passenger","0","1","1","73","74","1.351351351351351351351351351"
"2017-06-30T00:00:00.000","Riley","KS","Passenger","1","0","1","90","91","1.098901098901098901098901099"
"2017-06-30T00:00:00.000","Pacific","WA","Truck","0","0","0","7703","7703","0"
"2017-06-30T00:00:00.000","Palm Beach","FL","Passenger","0","1","1","87","88","1.136363636363636363636363636"
"2017-06-30T00:00:00.000","Skagit","WA","Passenger","150","118","268","89986","90254","0.2969397478228111773439404348"
"2017-06-30T00:00:00.000","Santa Rosa","FL","Passenger","1","0","1","105","106","0.9433962264150943396226415094"
"2017-06-30T00:00:00.000","Pima","AZ","Passenger","0","2","2","418","420","0.4761904761904761904761904762"
"2017-04-30T00:00:00.000","Fulton","GA","Passenger","1","1","2","111","113","1.769911504424778761061946903"
"2017-06-30T00:00:00.000","Pinal","AZ","Passenger","2","1","3","212","215","1.395348837209302325581395349"
"2017-06-30T00:00:00.000","Alameda","CA","Passenger","1","1","2","359","361","0.5540166204986149584487534626"
"2017-06-30T00:00:00.000","Nueces","TX","Passenger","0","1","1","98","99","1.010101010101010101010101010"
"2017-06-30T00:00:00.000","Polk","FL","Passenger","1","0","1","65","66","1.515151515151515151515151515"
"2017-06-30T00:00:00.000","Okanogan","NULL","Passenger","4","12","16","19966","19982","0.08007206485837253528175357822"
"2017-06-30T00:00:00.000","Skamania","WA","Passenger","9","7","16","8817","8833","0.1811389109022981999320729084"
"2017-06-30T00:00:00.000","Arlington","VA","Passenger","1","1","2","166","168","1.190476190476190476190476190"
"2017-04-30T00:00:00.000","Okaloosa","FL","Passenger","1","0","1","187","188","0.5319148936170212765957446809"
"2017-04-30T00:00:00.000","Okanogan","WA","Passenger","0","4","4","6602","6606","0.06055101422948834392976082349"
"2017-06-30T00:00:00.000","Twin Falls","ID","Passenger","0","1","1","23","24","4.166666666666666666666666667"
"2017-06-30T00:00:00.000","Snohomish","WA","Passenger","1856","994","2850","522231","525081","0.5427734006753243785244562268"
"2017-06-30T00:00:00.000","Utah","UT","Passenger","0","1","1","151","152","0.6578947368421052631578947368"
"2017-06-30T00:00:00.000","Stevens","WA","Passenger","9","25","34","32440","32474","0.1046991439305290386155077908"
"2017-06-30T00:00:00.000","Stevens","WA","Truck","0","0","0","19147","19147","0"
"2017-06-30T00:00:00.000","Virginia Beach City","VA","Passenger","1","1","2","647","649","0.3081664098613251155624036980"
"2017-04-30T00:00:00.000","Ozaukee","WI","Passenger","0","1","1","3","4","25.00"
"2017-06-30T00:00:00.000","Prince William","VA","Passenger","0","3","3","267","270","1.111111111111111111111111111"
"2017-06-30T00:00:00.000","Sumter","FL","Passenger","0","1","1","9","10","10.0"
"2017-04-30T00:00:00.000","Pacific","WA","Truck","0","0","0","7689","7689","0"
"2017-06-30T00:00:00.000","Ramsey","MN","Passenger","1","0","1","37","38","2.631578947368421052631578947"
"2017-06-30T00:00:00.000","Wahkiakum","WA","Passenger","1","2","3","2895","2898","0.1035196687370600414078674948"
"2017-06-30T00:00:00.000","Walla Walla","WA","Passenger","25","26","51","35671","35722","0.1427691618610380157885896646"
"2017-06-30T00:00:00.000","Wayne","MI","Passenger","0","1","1","69","70","1.428571428571428571428571429"
"2017-06-30T00:00:00.000","Travis","TX","Passenger","0","1","1","185","186","0.5376344086021505376344086022"
"2017-06-30T00:00:00.000","Tuolumne","CA","Passenger","0","1","1","12","13","7.692307692307692307692307692"
"2017-06-30T00:00:00.000","Whitman","WA","Passenger","10","22","32","22517","22549","0.1419131668810146791431992550"
"2017-06-30T00:00:00.000","Whatcom","WA","Passenger","482","194","676","145799","146475","0.4615122034476873186550605905"
"2017-06-30T00:00:00.000","Russell","AL","Passenger","1","0","1","57","58","1.724137931034482758620689655"
"2017-04-30T00:00:00.000","Pinal","AZ","Passenger","2","1","3","222","225","1.333333333333333333333333333"
"2017-04-30T00:00:00.000","Island","WA","Truck","0","0","0","21112","21112","0"
"2017-04-30T00:00:00.000","Polk","FL","Passenger","1","0","1","68","69","1.449275362318840579710144928"
"2017-06-30T00:00:00.000","San Mateo","CA","Passenger","0","1","1","151","152","0.6578947368421052631578947368"
"2017-07-31T00:00:00.000","Alameda","CA","Passenger","1","1","2","352","354","0.5649717514124293785310734463"
"2017-06-30T00:00:00.000","Clark","NV","Passenger","1","1","2","794","796","0.2512562814070351758793969849"
"2017-07-31T00:00:00.000","Anne Arundel","MD","Passenger","0","2","2","515","517","0.3868471953578336557059961315"
"2017-07-31T00:00:00.000","Asotin","WA","Passenger","8","5","13","12737","12750","0.1019607843137254901960784314"
"2017-06-30T00:00:00.000","Skagit","WA","Truck","1","0","1","32484","32485","0.003078343851008157611205171618"
"2017-06-30T00:00:00.000","Yakima","WA","Truck","0","0","0","59916","59916","0"
"2017-06-30T00:00:00.000","Snohomish","WA","Truck","1","0","1","125922","125923","0.0007941360990446542728492809098"
"2017-06-30T00:00:00.000","Walla Walla","WA","Truck","0","0","0","13690","13690","0"
"2017-06-30T00:00:00.000","Cowlitz","WA","Truck","0","0","0","28846","28846","0"
"2017-06-30T00:00:00.000","Tarrant","TX","Passenger","1","0","1","247","248","0.4032258064516129032258064516"
"2017-04-30T00:00:00.000","Riley","KS","Passenger","1","0","1","93","94","1.063829787234042553191489362"
"2017-06-30T00:00:00.000","Dale","AL","Passenger","0","1","1","68","69","1.449275362318840579710144928"
"2017-04-30T00:00:00.000","King","WA","Passenger","9667","4270","13937","1394385","1408322","0.9896174312408667904073074198"
"2017-06-30T00:00:00.000","Dallas","TX","Passenger","0","1","1","180","181","0.5524861878453038674033149171"
"2017-06-30T00:00:00.000","Dekalb","IN","Passenger","1","0","1","1","2","50.0"
"2017-07-31T00:00:00.000","Bexar","TX","Passenger","2","1","3","874","877","0.3420752565564424173318129989"
"2017-07-31T00:00:00.000","Canyon","ID","Passenger","0","1","1","89","90","1.111111111111111111111111111"
"2017-04-30T00:00:00.000","Russell","AL","Passenger","1","0","1","56","57","1.754385964912280701754385965"
"2017-07-31T00:00:00.000","Charlottesville City","VA","Passenger","0","1","1","9","10","10.0"
"2017-06-30T00:00:00.000","Washoe","NV","Passenger","1","0","1","127","128","0.7812500"
"2017-07-31T00:00:00.000","Columbia","WA","Passenger","1","1","2","2400","2402","0.08326394671107410491257285595"
"2017-06-30T00:00:00.000","Whitman","WA","Truck","0","0","0","8705","8705","0"
"2017-07-31T00:00:00.000","Columbia","WA","Truck","0","0","0","1598","1598","0"
"2017-07-31T00:00:00.000","Cowlitz","WA","Truck","0","0","0","28892","28892","0"
"2017-04-30T00:00:00.000","Lewis","WA","Passenger","51","44","95","56356","56451","0.1682875414075924252891888541"
"2017-07-31T00:00:00.000","Chelan","WA","Passenger","69","36","105","53481","53586","0.1959467024969208375321912440"
"2017-07-31T00:00:00.000","Dallas","TX","Passenger","0","1","1","176","177","0.5649717514124293785310734463"
"2017-07-31T00:00:00.000","Chelan","WA","Truck","0","0","0","22066","22066","0"
"2017-06-30T00:00:00.000","Yakima","WA","Passenger","50","65","115","164093","164208","0.07003312871480074052421319302"
"2017-06-30T00:00:00.000","Grant","WA","Truck","0","0","0","26340","26340","0"
"2017-07-31T00:00:00.000","NULL","CA","Passenger","1","0","1","386","387","0.2583979328165374677002583979"
"2017-07-31T00:00:00.000","Adams","WA","Truck","0","0","0","5373","5373","0"
"2017-07-31T00:00:00.000","Deschutes","OR","Passenger","1","0","1","186","187","0.5347593582887700534759358289"
"2017-06-30T00:00:00.000","Grays Harbor","WA","Passenger","38","35","73","45835","45908","0.1590136795329790014812233162"
"2017-07-31T00:00:00.000","Douglas","WA","Passenger","35","26","61","27421","27482","0.2219634669965795793610363147"
"2017-06-30T00:00:00.000","Grays Harbor","WA","Truck","0","0","0","20536","20536","0"
"2017-07-31T00:00:00.000","Clark","WA","Truck","0","0","0","80140","80140","0"
"2017-07-31T00:00:00.000","Allegheny","PA","Passenger","1","0","1","83","84","1.190476190476190476190476190"
"2017-07-31T00:00:00.000","Fairfax","VA","Passenger","0","3","3","847","850","0.3529411764705882352941176471"
"2017-04-30T00:00:00.000","Skamania","WA","Passenger","9","8","17","8753","8770","0.1938426453819840364880273660"
"2017-06-30T00:00:00.000","Hamilton","TN","Passenger","1","0","1","18","19","5.263157894736842105263157895"
"2017-07-31T00:00:00.000","Arlington","VA","Passenger","1","1","2","166","168","1.190476190476190476190476190"
"2017-06-30T00:00:00.000","Hardin","KY","Passenger","0","1","1","123","124","0.8064516129032258064516129032"
"2017-07-31T00:00:00.000","Ferry","WA","Passenger","2","1","3","4585","4588","0.06538796861377506538796861378"
"2017-04-30T00:00:00.000","Los Angeles","CA","Passenger","2","1","3","1334","1337","0.2243829468960359012715033657"
"2017-07-31T00:00:00.000","Franklin","WA","Passenger","30","48","78","57133","57211","0.1363374176294768488577371485"
"2017-07-31T00:00:00.000","Cowlitz","WA","Passenger","57","71","128","71282","71410","0.1792466041170704383139616300"
"2017-07-31T00:00:00.000","Clark","WA","Passenger","836","549","1385","305914","307299","0.4507011086921857864815700669"
"2017-07-31T00:00:00.000","Benton","WA","Truck","0","0","0","41517","41517","0"
"2017-04-30T00:00:00.000","Manassas City","VA","Passenger","0","1","1","10","11","9.090909090909090909090909091"
"2017-07-31T00:00:00.000","Grant","WA","Truck","0","0","0","26404","26404","0"
"2017-07-31T00:00:00.000","Grays Harbor","WA","Truck","0","0","0","20543","20543","0"
"2017-07-31T00:00:00.000","Douglas","WA","Truck","0","0","0","11907","11907","0"
"2017-07-31T00:00:00.000","Dane","WI","Passenger","1","0","1","87","88","1.136363636363636363636363636"
"2017-07-31T00:00:00.000","Howard","MD","Passenger","0","1","1","101","102","0.9803921568627450980392156863"
"2017-06-30T00:00:00.000","Klickitat","WA","Truck","0","0","0","8285","8285","0"
"2017-07-31T00:00:00.000","Island","WA","Passenger","131","152","283","61700","61983","0.4565768033170385428262588129"
"2017-07-31T00:00:00.000","Jefferson","WA","Truck","0","0","0","9703","9703","0"
"2017-07-31T00:00:00.000","Fulton","GA","Passenger","1","1","2","106","108","1.851851851851851851851851852"
"2017-07-31T00:00:00.000","El Paso","CO","Passenger","2","0","2","808","810","0.2469135802469135802469135802"
"2017-04-30T00:00:00.000","Wahkiakum","WA","Passenger","1","2","3","2906","2909","0.1031282227569611550360948780"
"2017-07-31T00:00:00.000","Charles","MD","Passenger","0","1","1","86","87","1.149425287356321839080459770"
"2017-07-31T00:00:00.000","Juneau","AK","Passenger","0","1","1","40","41","2.439024390243902439024390244"
"2017-06-30T00:00:00.000","Larimer","CO","Passenger","0","1","1","71","72","1.388888888888888888888888889"
"2017-07-31T00:00:00.000","Grant","WA","Passenger","21","35","56","62868","62924","0.08899624944377344097641599390"
"2017-07-31T00:00:00.000","Clallam","WA","Truck","0","0","0","21671","21671","0"
"2017-07-31T00:00:00.000","Franklin","OH","Passenger","0","1","1","118","119","0.8403361344537815126050420168"
"2017-07-31T00:00:00.000","Grays Harbor","WA","Passenger","40","39","79","45945","46024","0.1716495741352337910655310273"
"2017-07-31T00:00:00.000","Cobb","GA","Passenger","0","1","1","68","69","1.449275362318840579710144928"
"2017-07-31T00:00:00.000","King","WA","Truck","8","1","9","192422","192431","0.004677001106890261964028664820"
"2017-07-31T00:00:00.000","Kittitas","WA","Passenger","27","19","46","28483","28529","0.1612394405692453293140313365"
"2017-07-31T00:00:00.000","Garfield","WA","Truck","0","0","0","961","961","0"
"2017-07-31T00:00:00.000","Hamilton","IN","Passenger","1","0","1","54","55","1.818181818181818181818181818"
"2017-04-30T00:00:00.000","Whatcom","WA","Passenger","456","177","633","144831","145464","0.4351592146510476819006764560"
"2017-07-31T00:00:00.000","Lane","OR","Passenger","0","1","1","226","227","0.4405286343612334801762114537"
"2017-07-31T00:00:00.000","Hardin","KY","Passenger","0","1","1","124","125","0.800"
"2017-07-31T00:00:00.000","Lewis","WA","Truck","0","0","0","25899","25899","0"
"2017-04-30T00:00:00.000","Whitman","WA","Truck","0","0","0","8629","8629","0"
"2017-07-31T00:00:00.000","Dekalb","GA","Passenger","1","0","1","83","84","1.190476190476190476190476190"
"2017-07-31T00:00:00.000","Lincoln","WA","Truck","0","0","0","4631","4631","0"
"2017-04-30T00:00:00.000","Pacific","WA","Passenger","12","9","21","15363","15384","0.1365054602184087363494539782"
"2017-05-31T00:00:00.000","NULL","CA","Passenger","1","0","1","409","410","0.2439024390243902439024390244"
"2017-07-31T00:00:00.000","Island","WA","Truck","0","0","0","21154","21154","0"
"2017-07-31T00:00:00.000","Maricopa","AZ","Passenger","2","0","2","1587","1589","0.1258653241032095657646318439"
"2017-07-31T00:00:00.000","Marion","OR","Passenger","1","0","1","146","147","0.6802721088435374149659863946"
"2017-07-31T00:00:00.000","Jackson","MO","Passenger","1","0","1","55","56","1.785714285714285714285714286"
"2017-07-31T00:00:00.000","Jefferson","WA","Passenger","111","66","177","24424","24601","0.7194829478476484695744075444"
"2017-04-30T00:00:00.000","Pierce","WA","Passenger","969","872","1841","534581","536422","0.3431999433282005585154971273"
"2017-07-31T00:00:00.000","Manassas City","VA","Passenger","0","1","1","9","10","10.0"
"2017-07-31T00:00:00.000","Kent","MI","Passenger","0","1","1","37","38","2.631578947368421052631578947"
"2017-07-31T00:00:00.000","Franklin","WA","Truck","0","0","0","18839","18839","0"
"2017-04-30T00:00:00.000","Pima","AZ","Passenger","0","2","2","425","427","0.4683840749414519906323185012"
"2017-07-31T00:00:00.000","Frederick","MD","Passenger","0","1","1","85","86","1.162790697674418604651162791"
"2017-07-31T00:00:00.000","Montgomery","PA","Passenger","1","0","1","34","35","2.857142857142857142857142857"
"2017-05-31T00:00:00.000","Arlington","VA","Passenger","1","1","2","169","171","1.169590643274853801169590643"
"2017-07-31T00:00:00.000","King","WA","Passenger","10518","4506","15024","1395584","1410608","1.065072649524176808865397049"
"2017-06-30T00:00:00.000","New Castle","DE","Passenger","1","0","1","25","26","3.846153846153846153846153846"
"2017-07-31T00:00:00.000","Gallatin","MT","Passenger","0","1","1","64","65","1.538461538461538461538461538"
"2017-07-31T00:00:00.000","Klickitat","WA","Passenger","27","26","53","15214","15267","0.3471539922709111154778279950"
"2017-07-31T00:00:00.000","Klickitat","WA","Truck","0","0","0","8268","8268","0"
"2017-07-31T00:00:00.000","Nassau","NY","Passenger","1","1","2","36","38","5.263157894736842105263157895"
"2017-06-30T00:00:00.000","Okaloosa","FL","Passenger","1","0","1","179","180","0.5555555555555555555555555556"
"2017-07-31T00:00:00.000","New Castle","DE","Passenger","1","0","1","25","26","3.846153846153846153846153846"
"2017-07-31T00:00:00.000","Larimer","CO","Passenger","0","1","1","68","69","1.449275362318840579710144928"
"2017-07-31T00:00:00.000","Hamilton","TN","Passenger","1","0","1","16","17","5.882352941176470588235294118"
"2017-06-30T00:00:00.000","Orange","FL","Passenger","1","1","2","134","136","1.470588235294117647058823529"
"2017-07-31T00:00:00.000","Montgomery","MD","Passenger","1","2","3","311","314","0.9554140127388535031847133758"
"2017-07-31T00:00:00.000","Lincoln","WA","Passenger","3","6","9","7769","7778","0.1157109796862946772949344304"
"2017-06-30T00:00:00.000","Ozaukee","WI","Passenger","0","1","1","3","4","25.00"
"2017-07-31T00:00:00.000","Multnomah","OR","Passenger","1","3","4","960","964","0.4149377593360995850622406639"
"2017-07-31T00:00:00.000","Lewis","WA","Passenger","57","46","103","56935","57038","0.1805813668080928503804481223"
"2017-07-31T00:00:00.000","Pend Oreille","WA","Truck","0","0","0","5900","5900","0"
"2017-07-31T00:00:00.000","Okanogan","NULL","Passenger","4","13","17","19971","19988","0.08505103061837102261356814088"
"2017-04-30T00:00:00.000","Saint Lucie","FL","Passenger","1","0","1","29","30","3.333333333333333333333333333"
"2017-07-31T00:00:00.000","Jefferson","NY","Passenger","1","1","2","263","265","0.7547169811320754716981132075"
"2017-07-31T00:00:00.000","Pacific","WA","Passenger","16","10","26","15505","15531","0.1674071212413881913592170498"
"2017-07-31T00:00:00.000","Okanogan","WA","Passenger","0","5","5","6541","6546","0.07638252367858234036052551176"
"2017-07-31T00:00:00.000","Kent","DE","Passenger","0","1","1","70","71","1.408450704225352112676056338"
"2017-06-30T00:00:00.000","Saint Lucie","FL","Passenger","1","0","1","30","31","3.225806451612903225806451613"
"2017-07-31T00:00:00.000","Pierce","WA","Passenger","1101","925","2026","535275","537301","0.3770698360881517063992064039"
"2017-07-31T00:00:00.000","Kittitas","WA","Truck","0","0","0","14109","14109","0"
"2017-06-30T00:00:00.000","San Juan","WA","Truck","0","0","0","5765","5765","0"
"2017-06-30T00:00:00.000","Sangamon","IL","Passenger","1","0","1","11","12","8.333333333333333333333333333"
"2017-07-31T00:00:00.000","Ramsey","MN","Passenger","1","0","1","35","36","2.777777777777777777777777778"
"2017-07-31T00:00:00.000","Latah","ID","Passenger","0","1","1","94","95","1.052631578947368421052631579"
"2017-07-31T00:00:00.000","Riverside","CA","Passenger","0","1","1","788","789","0.1267427122940430925221799747"
"2017-07-31T00:00:00.000","Riley","KS","Passenger","1","0","1","91","92","1.086956521739130434782608696"
"2017-06-30T00:00:00.000","Shelby","TN","Passenger","0","1","1","115","116","0.8620689655172413793103448276"
"2017-05-31T00:00:00.000","Charlottesville City","VA","Passenger","0","1","1","9","10","10.0"
"2017-04-30T00:00:00.000","Skamania","WA","Truck","0","0","0","4073","4073","0"
"2017-07-31T00:00:00.000","Russell","AL","Passenger","1","0","1","55","56","1.785714285714285714285714286"
"2017-07-31T00:00:00.000","Saint Lucie","FL","Passenger","1","0","1","29","30","3.333333333333333333333333333"
"2017-04-30T00:00:00.000","Spokane","WA","Truck","1","1","2","93352","93354","0.002142382758103562782526726225"
"2017-07-31T00:00:00.000","Los Angeles","CA","Passenger","2","1","3","1281","1284","0.2336448598130841121495327103"
"2017-06-30T00:00:00.000","Spokane","WA","Truck","1","0","1","93898","93899","0.001064974067881447086763437310"
"2017-07-31T00:00:00.000","Pima","AZ","Passenger","0","2","2","412","414","0.4830917874396135265700483092"
"2017-07-31T00:00:00.000","Wahkiakum","WA","Truck","0","0","0","1721","1721","0"
"2017-07-31T00:00:00.000","San Juan","WA","Passenger","112","42","154","13957","14111","1.091347175962015448940542839"
"2017-07-31T00:00:00.000","Madison","ID","Passenger","1","0","1","39","40","2.500"
"2017-05-31T00:00:00.000","Clackamas","OR","Passenger","1","1","2","302","304","0.6578947368421052631578947368"
"2017-07-31T00:00:00.000","Walla Walla","WA","Passenger","27","26","53","35723","35776","0.1481440071556350626118067979"
"2017-07-31T00:00:00.000","San Mateo","CA","Passenger","0","1","1","151","152","0.6578947368421052631578947368"
"2017-07-31T00:00:00.000","Prince William","VA","Passenger","0","3","3","268","271","1.107011070110701107011070111"
"2017-07-31T00:00:00.000","Marin","CA","Passenger","1","0","1","56","57","1.754385964912280701754385965"
"2017-06-30T00:00:00.000","Thurston","WA","Passenger","435","362","797","190235","191032","0.4172075882574647179530131078"
"2017-04-30T00:00:00.000","Thurston","WA","Passenger","407","343","750","188942","189692","0.3953777702802437635746367796"
"2017-07-31T00:00:00.000","Skagit","WA","Truck","1","0","1","32521","32522","0.003074841645655248754689133510"
"2017-07-31T00:00:00.000","Snohomish","WA","Truck","1","0","1","125859","125860","0.0007945336087716510408390274909"
"2017-06-30T00:00:00.000","Ventura","CA","Passenger","0","1","1","357","358","0.2793296089385474860335195531"
"2017-07-31T00:00:00.000","Stevens","WA","Truck","0","0","0","19114","19114","0"
"2017-04-30T00:00:00.000","Walla Walla","WA","Truck","0","0","0","13662","13662","0"
"2017-05-31T00:00:00.000","Cumberland","NC","Passenger","1","0","1","627","628","0.1592356687898089171974522293"
"2017-07-31T00:00:00.000","Twin Falls","ID","Passenger","0","1","1","23","24","4.166666666666666666666666667"
"2017-07-31T00:00:00.000","Sangamon","IL","Passenger","1","0","1","11","12","8.333333333333333333333333333"
"2017-08-31T00:00:00.000","Adams","WA","Passenger","4","3","7","12639","12646","0.05535347145342400759133322790"
"2017-05-31T00:00:00.000","Dallas","TX","Passenger","0","1","1","182","183","0.5464480874316939890710382514"
"2017-07-31T00:00:00.000","Monterey","CA","Passenger","0","2","2","211","213","0.9389671361502347417840375587"
"2017-05-31T00:00:00.000","Dane","WI","Passenger","1","0","1","116","117","0.8547008547008547008547008547"
"2017-07-31T00:00:00.000","Volusia","FL","Passenger","0","1","1","45","46","2.173913043478260869565217391"
"2017-07-31T00:00:00.000","Thurston","WA","Truck","0","0","0","55006","55006","0"
"2017-07-31T00:00:00.000","Skamania","WA","Truck","0","0","0","4081","4081","0"
"2017-07-31T00:00:00.000","Spokane","WA","Passenger","286","254","540","303261","303801","0.1777479336802709668500103686"
"2017-07-31T00:00:00.000","Spokane","WA","Truck","1","0","1","94097","94098","0.001062721843184764819656103212"
"2017-05-31T00:00:00.000","Deschutes","OR","Passenger","1","0","1","188","189","0.5291005291005291005291005291"
"2017-04-30T00:00:00.000","Whatcom","WA","Truck","2","0","2","42628","42630","0.004691531785127844241144733756"
"2017-07-31T00:00:00.000","Okaloosa","FL","Passenger","1","0","1","180","181","0.5524861878453038674033149171"
"2017-07-31T00:00:00.000","Washoe","NV","Passenger","1","0","1","125","126","0.7936507936507936507936507937"
"2017-08-31T00:00:00.000","Benton","WA","Passenger","167","154","321","132019","132340","0.2425570500226688831796886807"
"2017-07-31T00:00:00.000","Tarrant","TX","Passenger","1","0","1","237","238","0.4201680672268907563025210084"
"2017-07-31T00:00:00.000","Alexandria City","VA","Passenger","2","0","2","189","191","1.047120418848167539267015707"
"2017-07-31T00:00:00.000","Ozaukee","WI","Passenger","0","1","1","3","4","25.00"
"2017-07-31T00:00:00.000","Wayne","MI","Passenger","0","1","1","69","70","1.428571428571428571428571429"
"2017-07-31T00:00:00.000","Pacific","WA","Truck","0","0","0","7718","7718","0"
"2017-07-31T00:00:00.000","Thurston","WA","Passenger","460","376","836","190813","191649","0.4362141206058993263726917438"
"2017-07-31T00:00:00.000","Palm Beach","FL","Passenger","0","1","1","86","87","1.149425287356321839080459770"
"2017-07-31T00:00:00.000","Whitman","WA","Truck","0","0","0","8715","8715","0"
"2017-07-31T00:00:00.000","Pinal","AZ","Passenger","2","1","3","205","208","1.442307692307692307692307692"
"2017-07-31T00:00:00.000","Tulare","CA","Passenger","1","0","1","200","201","0.4975124378109452736318407960"
"2017-05-31T00:00:00.000","NULL","NULL","Passenger","9","4","13","2459","2472","0.5258899676375404530744336570"
"2017-07-31T00:00:00.000","Benton","WA","Passenger","161","154","315","131539","131854","0.2389006021812004186448647747"
"2017-07-31T00:00:00.000","Polk","FL","Passenger","1","0","1","64","65","1.538461538461538461538461538"
"2017-07-31T00:00:00.000","Walla Walla","WA","Truck","0","0","0","13672","13672","0"
"2017-08-31T00:00:00.000","NULL","CA","Passenger","1","0","1","356","357","0.2801120448179271708683473389"
"2017-08-31T00:00:00.000","NULL","WA","Truck","0","0","0","1","1","0"
"2017-07-31T00:00:00.000","Whatcom","WA","Truck","2","0","2","42894","42896","0.004662439388287952256620663931"
"2017-05-31T00:00:00.000","Garfield","WA","Truck","0","0","0","967","967","0"
"2017-05-31T00:00:00.000","Anne Arundel","MD","Passenger","0","2","2","514","516","0.3875968992248062015503875969"
"2017-08-31T00:00:00.000","Arlington","VA","Passenger","1","2","3","165","168","1.785714285714285714285714286"
"2017-08-31T00:00:00.000","Anne Arundel","MD","Passenger","0","2","2","514","516","0.3875968992248062015503875969"
"2017-08-31T00:00:00.000","Clallam","WA","Passenger","104","84","188","49620","49808","0.3774494057179569547060713138"
"2017-05-31T00:00:00.000","Asotin","WA","Passenger","6","4","10","12628","12638","0.07912644405760405127393574933"
"2017-08-31T00:00:00.000","Clark","NV","Passenger","1","1","2","765","767","0.2607561929595827900912646675"
"2017-08-31T00:00:00.000","Asotin","WA","Passenger","8","6","14","12762","12776","0.1095804633688165309956167815"
"2017-08-31T00:00:00.000","Asotin","WA","Truck","0","0","0","6767","6767","0"
"2017-08-31T00:00:00.000","NULL","NULL","Passenger","9","4","13","2400","2413","0.5387484459179444674678823042"
"2017-08-31T00:00:00.000","Benton","WA","Truck","0","0","0","41582","41582","0"
"2017-08-31T00:00:00.000","Columbia","WA","Truck","0","0","0","1612","1612","0"
"2017-07-31T00:00:00.000","Clallam","WA","Passenger","100","82","182","49479","49661","0.3664847667183504158192545458"
"2017-08-31T00:00:00.000","Adams","WA","Truck","0","0","0","5358","5358","0"
"2017-08-31T00:00:00.000","Alexandria City","VA","Passenger","2","0","2","183","185","1.081081081081081081081081081"
"2017-08-31T00:00:00.000","Dakota","MN","Passenger","0","1","1","34","35","2.857142857142857142857142857"
"2017-05-31T00:00:00.000","Harnett","NC","Passenger","1","0","1","269","270","0.3703703703703703703703703704"
"2017-08-31T00:00:00.000","Dale","AL","Passenger","0","1","1","68","69","1.449275362318840579710144928"
"2017-08-31T00:00:00.000","Dekalb","IN","Passenger","1","0","1","1","2","50.0"
"2017-07-31T00:00:00.000","Skamania","WA","Passenger","9","7","16","8799","8815","0.1815087918321043675553034600"
"2017-07-31T00:00:00.000","Dakota","MN","Passenger","0","1","1","34","35","2.857142857142857142857142857"
"2017-08-31T00:00:00.000","Charles","MD","Passenger","0","1","1","85","86","1.162790697674418604651162791"
"2017-07-31T00:00:00.000","Sumter","FL","Passenger","0","1","1","9","10","10.0"
"2017-05-31T00:00:00.000","Hidalgo","TX","Passenger","0","1","1","103","104","0.9615384615384615384615384615"
"2017-08-31T00:00:00.000","Clallam","WA","Truck","0","0","0","21682","21682","0"
"2017-07-31T00:00:00.000","Travis","TX","Passenger","0","1","1","184","185","0.5405405405405405405405405405"
"2017-07-31T00:00:00.000","Duval","FL","Passenger","1","1","2","372","374","0.5347593582887700534759358289"
"2017-07-31T00:00:00.000","Wahkiakum","WA","Passenger","1","2","3","2901","2904","0.1033057851239669421487603306"
"2017-05-31T00:00:00.000","Cascade","MT","Passenger","0","1","1","58","59","1.694915254237288135593220339"
"2017-07-31T00:00:00.000","Ferry","WA","Truck","0","0","0","3738","3738","0"
"2017-05-31T00:00:00.000","Kitsap","WA","Passenger","641","318","959","176250","177209","0.5411689022566573932475212884"
"2017-08-31T00:00:00.000","Columbia","GA","Passenger","1","0","1","175","176","0.5681818181818181818181818182"
"2017-08-31T00:00:00.000","Dallas","TX","Passenger","0","1","1","174","175","0.5714285714285714285714285714"
"2017-05-31T00:00:00.000","Kittitas","WA","Truck","0","0","0","14039","14039","0"
"2017-07-31T00:00:00.000","Whatcom","WA","Passenger","498","196","694","146038","146732","0.4729711310416269116484475097"
"2017-08-31T00:00:00.000","Howard","MD","Passenger","0","1","1","99","100","1.00"
"2017-08-31T00:00:00.000","Ferry","WA","Passenger","2","1","3","4583","4586","0.06541648495420846053205407763"
"2017-08-31T00:00:00.000","Ferry","WA","Truck","0","0","0","3752","3752","0"
"2017-08-31T00:00:00.000","Fairfax City","VA","Passenger","1","0","1","6","7","14.28571428571428571428571429"
"2017-08-31T00:00:00.000","Franklin","WA","Truck","0","0","0","18914","18914","0"
"2017-08-31T00:00:00.000","Gallatin","MT","Passenger","0","1","1","66","67","1.492537313432835820895522388"
"2017-08-31T00:00:00.000","El Paso","CO","Passenger","2","0","2","795","797","0.2509410288582183186951066499"
"2017-08-31T00:00:00.000","Glacier","MT","Passenger","0","1","1","3","4","25.00"
"2017-08-31T00:00:00.000","Grays Harbor","WA","Passenger","43","41","84","46085","46169","0.1819402629469990686391301523"
"2017-08-31T00:00:00.000","Frederick","MD","Passenger","0","1","1","86","87","1.149425287356321839080459770"
"2017-08-31T00:00:00.000","Hamilton","TN","Passenger","1","0","1","17","18","5.555555555555555555555555556"
"2017-08-31T00:00:00.000","Charlottesville City","VA","Passenger","0","1","1","9","10","10.0"
"2017-08-31T00:00:00.000","Manatee","FL","Passenger","1","0","1","37","38","2.631578947368421052631578947"
"2017-08-31T00:00:00.000","Chelan","WA","Truck","0","0","0","22116","22116","0"
"2017-08-31T00:00:00.000","Hardin","KY","Passenger","0","1","1","126","127","0.7874015748031496062992125984"
"2017-05-31T00:00:00.000","Manassas City","VA","Passenger","0","1","1","9","10","10.0"
"2017-08-31T00:00:00.000","Marion","OR","Passenger","1","0","1","137","138","0.7246376811594202898550724638"
"2017-07-31T00:00:00.000","Kitsap","WA","Passenger","673","340","1013","177138","178151","0.5686187559991243383421928589"
"2017-05-31T00:00:00.000","El Paso","CO","Passenger","2","1","3","826","829","0.3618817852834740651387213510"
"2017-08-31T00:00:00.000","Honolulu","HI","Passenger","4","1","5","548","553","0.9041591320072332730560578662"
"2017-08-31T00:00:00.000","Multnomah","OR","Passenger","1","3","4","943","947","0.4223864836325237592397043295"
"2017-08-31T00:00:00.000","Jefferson","NY","Passenger","1","0","1","262","263","0.3802281368821292775665399240"
"2017-08-31T00:00:00.000","Nassau","NY","Passenger","1","1","2","36","38","5.263157894736842105263157895"
"2017-08-31T00:00:00.000","Kittitas","WA","Truck","0","0","0","14133","14133","0"
"2017-07-31T00:00:00.000","Lumpkin","GA","Passenger","1","0","1","10","11","9.090909090909090909090909091"
"2017-05-31T00:00:00.000","Ferry","WA","Truck","0","0","0","3759","3759","0"
"2017-08-31T00:00:00.000","Klickitat","WA","Truck","0","0","0","8279","8279","0"
"2017-08-31T00:00:00.000","Lane","OR","Passenger","0","1","1","223","224","0.4464285714285714285714285714"
"2017-08-31T00:00:00.000","Orange","FL","Passenger","1","1","2","145","147","1.360544217687074829931972789"
"2017-08-31T00:00:00.000","Deschutes","OR","Passenger","1","0","1","184","185","0.5405405405405405405405405405"
"2017-08-31T00:00:00.000","Larimer","CO","Passenger","0","1","1","68","69","1.449275362318840579710144928"
"2017-07-31T00:00:00.000","Mason","WA","Truck","0","0","0","20009","20009","0"
"2017-08-31T00:00:00.000","Orleans","LA","Passenger","0","1","1","47","48","2.083333333333333333333333333"
"2017-08-31T00:00:00.000","Pierce","WA","Truck","0","0","0","141705","141705","0"
"2017-08-31T00:00:00.000","Madison","ID","Passenger","1","0","1","37","38","2.631578947368421052631578947"
"2017-08-31T00:00:00.000","Franklin","OH","Passenger","0","1","1","114","115","0.8695652173913043478260869565"
"2017-08-31T00:00:00.000","Latah","ID","Passenger","0","1","1","89","90","1.111111111111111111111111111"
"2017-05-31T00:00:00.000","Okaloosa","FL","Passenger","1","0","1","182","183","0.5464480874316939890710382514"
"2017-08-31T00:00:00.000","Maricopa","AZ","Passenger","2","0","2","1573","1575","0.1269841269841269841269841270"
"2017-08-31T00:00:00.000","Garfield","WA","Truck","0","0","0","964","964","0"
"2017-08-31T00:00:00.000","Riverside","CA","Passenger","0","2","2","776","778","0.2570694087403598971722365039"
"2017-07-31T00:00:00.000","Montgomery","TN","Passenger","1","0","1","271","272","0.3676470588235294117647058824"
"2017-05-31T00:00:00.000","Okanogan","WA","Passenger","0","4","4","6587","6591","0.06068881808526778940980124412"
"2017-08-31T00:00:00.000","Sacramento","CA","Passenger","1","0","1","354","355","0.2816901408450704225352112676"
"2017-08-31T00:00:00.000","Saint Lucie","FL","Passenger","1","0","1","26","27","3.703703703703703703703703704"
"2017-07-31T00:00:00.000","Norfolk City","VA","Passenger","2","1","3","334","337","0.8902077151335311572700296736"
"2017-08-31T00:00:00.000","San Juan","WA","Truck","0","0","0","5784","5784","0"
"2017-05-31T00:00:00.000","Ozaukee","WI","Passenger","0","1","1","3","4","25.00"
"2017-08-31T00:00:00.000","Missoula","MT","Passenger","1","0","1","64","65","1.538461538461538461538461538"
"2017-07-31T00:00:00.000","Nueces","TX","Passenger","0","1","1","99","100","1.00"
"2017-07-31T00:00:00.000","Orange","CA","Passenger","3","1","4","655","659","0.6069802731411229135053110774"
"2017-08-31T00:00:00.000","Mason","WA","Passenger","74","76","150","45040","45190","0.3319318433281699491037840230"
"2017-08-31T00:00:00.000","Santa Clara","CA","Passenger","5","2","7","391","398","1.758793969849246231155778894"
"2017-08-31T00:00:00.000","Monterey","CA","Passenger","0","2","2","207","209","0.9569377990430622009569377990"
"2017-08-31T00:00:00.000","Okaloosa","FL","Passenger","1","0","1","181","182","0.5494505494505494505494505495"
"2017-07-31T00:00:00.000","Orleans","LA","Passenger","0","1","1","49","50","2.00"
"2017-08-31T00:00:00.000","Miami-Dade","FL","Passenger","0","1","1","126","127","0.7874015748031496062992125984"
"2017-05-31T00:00:00.000","Honolulu","HI","Passenger","4","1","5","588","593","0.8431703204047217537942664418"
"2017-08-31T00:00:00.000","Moore","NC","Passenger","0","1","1","207","208","0.4807692307692307692307692308"
"2017-08-31T00:00:00.000","Jackson","MO","Passenger","1","0","1","55","56","1.785714285714285714285714286"
"2017-08-31T00:00:00.000","New Castle","DE","Passenger","1","0","1","23","24","4.166666666666666666666666667"
"2017-05-31T00:00:00.000","Pierce","WA","Passenger","996","888","1884","534815","536699","0.3510347513224358532436244524"
"2017-08-31T00:00:00.000","Ozaukee","WI","Passenger","0","1","1","3","4","25.00"
"2017-08-31T00:00:00.000","Montgomery","TN","Passenger","1","0","1","268","269","0.3717472118959107806691449814"
"2017-08-31T00:00:00.000","Pend Oreille","WA","Passenger","4","4","8","9774","9782","0.08178286648947045593948067880"
"2017-08-31T00:00:00.000","Nueces","TX","Passenger","0","1","1","98","99","1.010101010101010101010101010"
"2017-08-31T00:00:00.000","Kitsap","WA","Passenger","695","353","1048","177683","178731","0.5863560322495817737269975550"
"2017-08-31T00:00:00.000","Norfolk City","VA","Passenger","2","1","3","332","335","0.8955223880597014925373134328"
"2017-08-31T00:00:00.000","Okanogan","WA","Truck","0","0","0","4456","4456","0"
"2017-08-31T00:00:00.000","Volusia","FL","Passenger","0","1","1","44","45","2.222222222222222222222222222"
"2017-08-31T00:00:00.000","Lewis","WA","Passenger","60","48","108","57220","57328","0.1883896176388501255930784259"
"2017-08-31T00:00:00.000","Lincoln","WA","Passenger","3","6","9","7825","7834","0.1148838396732193004850651008"
"2017-08-31T00:00:00.000","Pinal","AZ","Passenger","2","1","3","201","204","1.470588235294117647058823529"
"2017-08-31T00:00:00.000","Lumpkin","GA","Passenger","1","0","1","10","11","9.090909090909090909090909091"
"2017-07-31T00:00:00.000","Santa Rosa","FL","Passenger","1","0","1","104","105","0.9523809523809523809523809524"
"2017-08-31T00:00:00.000","Manassas City","VA","Passenger","0","1","1","9","10","10.0"
"2017-08-31T00:00:00.000","San Juan","WA","Passenger","113","42","155","14044","14199","1.091626170857102612860060568"
"2017-08-31T00:00:00.000","San Mateo","CA","Passenger","0","1","1","150","151","0.6622516556291390728476821192"
"2017-09-30T00:00:00.000","Asotin","WA","Truck","0","0","0","6762","6762","0"
"2017-08-31T00:00:00.000","Mason","WA","Truck","0","0","0","20079","20079","0"
"2017-08-31T00:00:00.000","Santa Fe","NM","Passenger","0","1","1","41","42","2.380952380952380952380952381"
"2017-08-31T00:00:00.000","Sumter","FL","Passenger","0","1","1","9","10","10.0"
"2017-09-30T00:00:00.000","Bexar","TX","Passenger","2","1","3","830","833","0.3601440576230492196878751501"
"2017-08-31T00:00:00.000","Travis","TX","Passenger","0","1","1","189","190","0.5263157894736842105263157895"
"2017-08-31T00:00:00.000","San Diego","CA","Passenger","5","3","8","2726","2734","0.2926115581565471836137527432"
"2017-08-31T00:00:00.000","Wahkiakum","WA","Passenger","2","2","4","2894","2898","0.1380262249827467218771566598"
"2017-08-31T00:00:00.000","Shelby","TN","Passenger","0","1","1","111","112","0.8928571428571428571428571429"
"2017-08-31T00:00:00.000","Okanogan","WA","Passenger","0","4","4","6501","6505","0.06149116064565718677940046118"
"2017-08-31T00:00:00.000","Orange","CA","Passenger","3","1","4","637","641","0.6240249609984399375975039002"
"2017-09-30T00:00:00.000","Chelan","WA","Passenger","75","38","113","53903","54016","0.2091972748815165876777251185"
"2017-05-31T00:00:00.000","Sumter","FL","Passenger","0","1","1","9","10","10.0"
"2017-08-31T00:00:00.000","Utah","UT","Passenger","0","1","1","141","142","0.7042253521126760563380281690"
"2017-08-31T00:00:00.000","Yakima","WA","Truck","0","0","0","60243","60243","0"
"2017-09-30T00:00:00.000","Clark","WA","Passenger","876","577","1453","307749","309202","0.4699193407545876158627693223"
"2017-05-31T00:00:00.000","Travis","TX","Passenger","0","1","1","186","187","0.5347593582887700534759358289"
"2017-08-31T00:00:00.000","Pierce","WA","Passenger","1147","935","2082","536002","538084","0.3869284349655444131399558433"
"2017-09-30T00:00:00.000","Clay","FL","Passenger","0","1","1","109","110","0.9090909090909090909090909091"
"2017-09-30T00:00:00.000","Cobb","GA","Passenger","0","1","1","61","62","1.612903225806451612903225806"
"2017-07-31T00:00:00.000","Yakima","WA","Passenger","56","69","125","164481","164606","0.07593890866675576831950232677"
"2017-08-31T00:00:00.000","Yakima","WA","Passenger","63","74","137","165048","165185","0.08293731270999182734509792051"
"2017-08-31T00:00:00.000","Allegheny","PA","Passenger","1","0","1","83","84","1.190476190476190476190476190"
"2017-09-30T00:00:00.000","NULL","NULL","Passenger","9","2","11","2381","2392","0.4598662207357859531772575251"
"2017-05-31T00:00:00.000","Nueces","TX","Passenger","0","1","1","99","100","1.00"
"2017-05-31T00:00:00.000","Okanogan","WA","Truck","0","0","0","4522","4522","0"
"2017-08-31T00:00:00.000","Riley","KS","Passenger","1","0","1","94","95","1.052631578947368421052631579"
"2017-09-30T00:00:00.000","Douglas","WA","Truck","0","0","0","11980","11980","0"
"2017-09-30T00:00:00.000","Adams","WA","Passenger","4","3","7","12717","12724","0.05501414649481295190191763596"
"2017-09-30T00:00:00.000","Alameda","CA","Passenger","0","1","1","348","349","0.2865329512893982808022922636"
"2017-09-30T00:00:00.000","Anne Arundel","MD","Passenger","0","2","2","510","512","0.39062500"
"2017-09-30T00:00:00.000","Arlington","VA","Passenger","1","2","3","162","165","1.818181818181818181818181818"
"2017-09-30T00:00:00.000","Asotin","WA","Passenger","7","6","13","12792","12805","0.1015228426395939086294416244"
"2017-09-30T00:00:00.000","Ferry","WA","Truck","0","0","0","3752","3752","0"
"2017-08-31T00:00:00.000","Santa Rosa","FL","Passenger","1","0","1","101","102","0.9803921568627450980392156863"
"2017-09-30T00:00:00.000","Franklin","WA","Truck","0","0","0","18945","18945","0"
"2017-09-30T00:00:00.000","Fulton","GA","Passenger","1","1","2","103","105","1.904761904761904761904761905"
"2017-09-30T00:00:00.000","Gallatin","MT","Passenger","0","1","1","62","63","1.587301587301587301587301587"
"2017-05-31T00:00:00.000","Yakima","WA","Truck","0","0","0","59778","59778","0"
"2017-09-30T00:00:00.000","Garfield","WA","Passenger","1","0","1","1337","1338","0.07473841554559043348281016442"
"2017-09-30T00:00:00.000","Clark","WA","Truck","0","0","0","80371","80371","0"
"2017-08-31T00:00:00.000","Thurston","WA","Truck","0","0","0","55139","55139","0"
"2017-06-30T00:00:00.000","NULL","NULL","Passenger","9","4","13","2443","2456","0.5293159609120521172638436482"
"2017-08-31T00:00:00.000","Chelan","WA","Passenger","72","37","109","53671","53780","0.2026775753068055039047973224"
"2017-09-30T00:00:00.000","Canyon","ID","Passenger","0","1","1","85","86","1.162790697674418604651162791"
"2017-09-30T00:00:00.000","Cowlitz","WA","Passenger","61","74","135","71816","71951","0.1876276910675320704368250615"
"2017-09-30T00:00:00.000","Hamilton","IN","Passenger","1","0","1","54","55","1.818181818181818181818181818"
"2017-09-30T00:00:00.000","Charlottesville City","VA","Passenger","0","1","1","9","10","10.0"
"2017-06-30T00:00:00.000","Alexandria City","VA","Passenger","2","0","2","189","191","1.047120418848167539267015707"
"2017-08-31T00:00:00.000","Clark","WA","Truck","0","0","0","80356","80356","0"
"2017-09-30T00:00:00.000","Chelan","WA","Truck","0","0","0","22162","22162","0"
"2017-09-30T00:00:00.000","Clark","NV","Passenger","1","1","2","745","747","0.2677376171352074966532797858"
"2017-09-30T00:00:00.000","Columbia","GA","Passenger","1","0","1","173","174","0.5747126436781609195402298851"
"2017-08-31T00:00:00.000","Cobb","GA","Passenger","0","1","1","64","65","1.538461538461538461538461538"
"2017-09-30T00:00:00.000","Island","WA","Truck","0","0","0","21262","21262","0"
"2017-09-30T00:00:00.000","Columbia","WA","Truck","0","0","0","1629","1629","0"
"2017-09-30T00:00:00.000","Fairfax","VA","Passenger","0","3","3","842","845","0.3550295857988165680473372781"
"2017-08-31T00:00:00.000","Cowlitz","WA","Passenger","56","72","128","71543","71671","0.1785938524647346904605768023"
"2017-05-31T00:00:00.000","San Juan","WA","Passenger","105","41","146","13869","14015","1.041740991794505886550124866"
"2017-08-31T00:00:00.000","Dekalb","GA","Passenger","1","0","1","84","85","1.176470588235294117647058824"
"2017-09-30T00:00:00.000","Alexandria City","VA","Passenger","2","0","2","178","180","1.111111111111111111111111111"
"2017-09-30T00:00:00.000","Dale","AL","Passenger","0","1","1","69","70","1.428571428571428571428571429"
"2017-05-31T00:00:00.000","San Mateo","CA","Passenger","0","1","1","154","155","0.6451612903225806451612903226"
"2017-09-30T00:00:00.000","Cowlitz","WA","Truck","0","0","0","28999","28999","0"
"2017-09-30T00:00:00.000","Dallas","TX","Passenger","0","1","1","172","173","0.5780346820809248554913294798"
"2017-09-30T00:00:00.000","Grant","WA","Passenger","22","38","60","63414","63474","0.09452689290103034313262123074"
"2017-09-30T00:00:00.000","Kent","MI","Passenger","0","1","1","35","36","2.777777777777777777777777778"
"2017-09-30T00:00:00.000","Dekalb","IN","Passenger","1","0","1","1","2","50.0"
"2017-09-30T00:00:00.000","Klickitat","WA","Passenger","27","28","55","15192","15247","0.3607267003344920312192562471"
"2017-05-31T00:00:00.000","Santa Fe","NM","Passenger","0","1","1","43","44","2.272727272727272727272727273"
"2017-08-31T00:00:00.000","Douglas","WA","Passenger","35","27","62","27507","27569","0.2248902753092241285501831768"
"2017-09-30T00:00:00.000","Deschutes","OR","Passenger","1","0","1","183","184","0.5434782608695652173913043478"
"2017-09-30T00:00:00.000","Gwinnett","GA","Passenger","0","1","1","87","88","1.136363636363636363636363636"
"2017-08-31T00:00:00.000","Douglas","WA","Truck","0","0","0","11962","11962","0"
"2017-09-30T00:00:00.000","El Paso","TX","Passenger","1","0","1","564","565","0.1769911504424778761061946903"
"2017-09-30T00:00:00.000","El Paso","CO","Passenger","2","0","2","791","793","0.2522068095838587641866330391"
"2017-09-30T00:00:00.000","Honolulu","HI","Passenger","3","1","4","549","553","0.7233273056057866184448462929"
"2017-08-31T00:00:00.000","Fairfax","VA","Passenger","0","3","3","840","843","0.3558718861209964412811387900"
"2017-09-30T00:00:00.000","Madison","ID","Passenger","1","0","1","37","38","2.631578947368421052631578947"
"2017-09-30T00:00:00.000","Island","WA","Passenger","142","160","302","62312","62614","0.4823202478678889705177755773"
"2017-09-30T00:00:00.000","Jefferson","WA","Truck","0","0","0","9706","9706","0"
"2017-09-30T00:00:00.000","Franklin","WA","Passenger","37","50","87","57660","57747","0.1506571769962075951997506364"
"2017-09-30T00:00:00.000","Juneau","AK","Passenger","0","1","1","39","40","2.500"
"2017-08-31T00:00:00.000","Grant","WA","Passenger","21","37","58","63128","63186","0.09179248567720697622891146773"
"2017-09-30T00:00:00.000","Missoula","MT","Passenger","1","0","1","64","65","1.538461538461538461538461538"
"2017-08-31T00:00:00.000","Gwinnett","GA","Passenger","0","1","1","88","89","1.123595505617977528089887640"
"2017-09-30T00:00:00.000","Klickitat","WA","Truck","0","0","0","8294","8294","0"
"2017-09-30T00:00:00.000","Monterey","CA","Passenger","0","2","2","208","210","0.9523809523809523809523809524"
"2017-09-30T00:00:00.000","Grant","WA","Truck","0","0","0","26574","26574","0"
"2017-09-30T00:00:00.000","Knox","TN","Passenger","1","0","1","40","41","2.439024390243902439024390244"
"2017-09-30T00:00:00.000","Grays Harbor","WA","Passenger","45","43","88","46267","46355","0.1898392837881566174091252292"
"2017-09-30T00:00:00.000","Moore","NC","Passenger","0","1","1","208","209","0.4784688995215311004784688995"
"2017-09-30T00:00:00.000","Columbia","WA","Passenger","1","1","2","2437","2439","0.08200082000820008200082000820"
"2017-09-30T00:00:00.000","Grays Harbor","WA","Truck","0","0","0","20617","20617","0"
"2017-06-30T00:00:00.000","Clark","WA","Truck","0","0","0","80052","80052","0"
"2017-09-30T00:00:00.000","Nueces","TX","Passenger","0","1","1","99","100","1.00"
"2017-09-30T00:00:00.000","Lincoln","WA","Truck","0","0","0","4660","4660","0"
"2017-08-31T00:00:00.000","Island","WA","Passenger","136","160","296","62014","62310","0.4750441341678703257904028246"
"2017-05-31T00:00:00.000","Utah","UT","Passenger","0","1","1","157","158","0.6329113924050632911392405063"
"2017-08-31T00:00:00.000","Island","WA","Truck","0","0","0","21194","21194","0"
"2017-09-30T00:00:00.000","Hamilton","TN","Passenger","1","0","1","19","20","5.00"
"2017-09-30T00:00:00.000","Hardin","KY","Passenger","0","1","1","121","122","0.8196721311475409836065573770"
"2017-09-30T00:00:00.000","Pacific","WA","Truck","0","0","0","7738","7738","0"
"2017-09-30T00:00:00.000","Pima","AZ","Passenger","0","1","1","404","405","0.2469135802469135802469135802"
"2017-06-30T00:00:00.000","Cowlitz","WA","Passenger","54","69","123","71132","71255","0.1726194653006806539891937408"
"2017-08-31T00:00:00.000","Jefferson","WA","Truck","0","0","0","9719","9719","0"
"2017-09-30T00:00:00.000","Polk","FL","Passenger","1","0","1","64","65","1.538461538461538461538461538"
"2017-09-30T00:00:00.000","Ferry","WA","Passenger","2","1","3","4565","4568","0.06567425569176882661996497373"
"2017-08-31T00:00:00.000","Juneau","AK","Passenger","0","1","1","38","39","2.564102564102564102564102564"
"2017-09-30T00:00:00.000","Prince William","VA","Passenger","0","3","3","265","268","1.119402985074626865671641791"
"2017-09-30T00:00:00.000","Montgomery","MD","Passenger","1","3","4","310","314","1.273885350318471337579617834"
"2017-08-31T00:00:00.000","Kent","DE","Passenger","0","1","1","69","70","1.428571428571428571428571429"
"2017-09-30T00:00:00.000","Liberty","GA","Passenger","1","0","1","161","162","0.6172839506172839506172839506"
"2017-08-31T00:00:00.000","Kitsap","WA","Truck","1","0","1","54185","54186","0.001845495146347765105377772856"
"2017-09-30T00:00:00.000","King","WA","Truck","8","1","9","191805","191814","0.004692045418999655916669273359"
"2017-08-31T00:00:00.000","Knox","TN","Passenger","1","0","1","39","40","2.500"
"2017-05-31T00:00:00.000","Yakima","WA","Passenger","46","63","109","163814","163923","0.06649463467603691977330819958"
"2017-09-30T00:00:00.000","San Mateo","CA","Passenger","0","1","1","148","149","0.6711409395973154362416107383"
"2017-09-30T00:00:00.000","Manassas City","VA","Passenger","0","1","1","9","10","10.0"
"2017-09-30T00:00:00.000","Okanogan","WA","Truck","0","0","0","4438","4438","0"
"2017-09-30T00:00:00.000","Larimer","CO","Passenger","0","1","1","65","66","1.515151515151515151515151515"
"2017-09-30T00:00:00.000","Manatee","FL","Passenger","1","0","1","37","38","2.631578947368421052631578947"
"2017-06-30T00:00:00.000","Adams","WA","Passenger","3","3","6","12634","12640","0.04746835443037974683544303797"
"2017-06-30T00:00:00.000","Fairfax","VA","Passenger","0","3","3","855","858","0.3496503496503496503496503497"
"2017-08-31T00:00:00.000","Lincoln","WA","Truck","0","0","0","4640","4640","0"
"2017-09-30T00:00:00.000","Lewis","WA","Passenger","58","48","106","57454","57560","0.1841556636553161917998610146"
"2017-09-30T00:00:00.000","Lewis","WA","Truck","0","0","0","26121","26121","0"
"2017-06-30T00:00:00.000","Anne Arundel","MD","Passenger","0","2","2","511","513","0.3898635477582846003898635478"
"2017-08-31T00:00:00.000","Los Angeles","CA","Passenger","2","2","4","1264","1268","0.3154574132492113564668769716"
"2017-09-30T00:00:00.000","Tarrant","TX","Passenger","1","0","1","227","228","0.4385964912280701754385964912"
"2017-06-30T00:00:00.000","Asotin","WA","Passenger","6","4","10","12706","12716","0.07864108210128971374646115131"
"2017-09-30T00:00:00.000","Multnomah","OR","Passenger","1","3","4","931","935","0.4278074866310160427807486631"
"2017-06-30T00:00:00.000","Grant","WA","Passenger","22","32","54","62672","62726","0.08608870324905143002901508147"
"2017-08-31T00:00:00.000","Marin","CA","Passenger","1","0","1","57","58","1.724137931034482758620689655"
"2017-09-30T00:00:00.000","Walla Walla","WA","Truck","0","0","0","13747","13747","0"
"2017-09-30T00:00:00.000","Okaloosa","FL","Passenger","1","0","1","183","184","0.5434782608695652173913043478"
"2017-08-31T00:00:00.000","Montgomery","MD","Passenger","1","3","4","312","316","1.265822784810126582278481013"
"2017-09-30T00:00:00.000","Yakima","WA","Passenger","67","76","143","165544","165687","0.08630731439400797889997404745"
"2017-09-30T00:00:00.000","Okanogan","WA","Passenger","0","4","4","6493","6497","0.06156687702016315222410343235"
"2017-09-30T00:00:00.000","Montgomery","PA","Passenger","1","0","1","33","34","2.941176470588235294117647059"
"2017-09-30T00:00:00.000","Santa Fe","NM","Passenger","0","1","1","40","41","2.439024390243902439024390244"
"2017-10-31T00:00:00.000","Adams","WA","Truck","0","0","0","5385","5385","0"
"2017-09-30T00:00:00.000","Orange","FL","Passenger","1","1","2","143","145","1.379310344827586206896551724"
"2017-09-30T00:00:00.000","Saratoga","NY","Passenger","0","1","1","69","70","1.428571428571428571428571429"
"2017-06-30T00:00:00.000","Honolulu","HI","Passenger","4","1","5","575","580","0.8620689655172413793103448276"
"2017-09-30T00:00:00.000","New Castle","DE","Passenger","1","0","1","23","24","4.166666666666666666666666667"
"2017-09-30T00:00:00.000","Ozaukee","WI","Passenger","0","1","1","2","3","33.33333333333333333333333333"
"2017-06-30T00:00:00.000","Canyon","ID","Passenger","0","1","1","92","93","1.075268817204301075268817204"
"2017-08-31T00:00:00.000","Pacific","WA","Truck","0","0","0","7740","7740","0"
"2017-09-30T00:00:00.000","King","WA","Passenger","10989","4671","15660","1396827","1412487","1.108682770177707830231357882"
"2017-09-30T00:00:00.000","Oklahoma","OK","Passenger","0","1","1","134","135","0.7407407407407407407407407407"
"2017-10-31T00:00:00.000","Arlington","VA","Passenger","1","2","3","166","169","1.775147928994082840236686391"
"2017-08-31T00:00:00.000","Palm Beach","FL","Passenger","0","1","1","88","89","1.123595505617977528089887640"
"2017-08-31T00:00:00.000","Pima","AZ","Passenger","0","2","2","406","408","0.4901960784313725490196078431"
"2017-06-30T00:00:00.000","Charlottesville City","VA","Passenger","0","1","1","9","10","10.0"
"2017-06-30T00:00:00.000","Island","WA","Passenger","125","147","272","61483","61755","0.4404501659784632823253177880"
"2017-10-31T00:00:00.000","Benton","WA","Truck","0","0","0","41834","41834","0"
"2017-06-30T00:00:00.000","Chelan","WA","Truck","0","0","0","22026","22026","0"
"2017-09-30T00:00:00.000","Spokane","WA","Passenger","306","268","574","305201","305775","0.1877197285585806557108985365"
"2017-09-30T00:00:00.000","Pierce","WA","Passenger","1172","970","2142","536502","538644","0.3976652482901508231782030432"
"2017-09-30T00:00:00.000","Lane","OR","Passenger","0","1","1","220","221","0.4524886877828054298642533937"
"2017-08-31T00:00:00.000","Polk","FL","Passenger","1","0","1","65","66","1.515151515151515151515151515"
"2017-09-30T00:00:00.000","Pierce","WA","Truck","0","0","0","141574","141574","0"
"2017-06-30T00:00:00.000","King","WA","Passenger","10240","4440","14680","1396024","1410704","1.040615182206898116117909923"
"2017-09-30T00:00:00.000","Tulare","CA","Passenger","1","0","1","203","204","0.4901960784313725490196078431"
"2017-09-30T00:00:00.000","Saint Clair","IL","Passenger","0","1","1","173","174","0.5747126436781609195402298851"
"2017-10-31T00:00:00.000","Charles","MD","Passenger","0","1","1","84","85","1.176470588235294117647058824"
"2017-06-30T00:00:00.000","Columbia","WA","Truck","0","0","0","1598","1598","0"
"2017-09-30T00:00:00.000","Utah","UT","Passenger","0","1","1","139","140","0.7142857142857142857142857143"
"2017-09-30T00:00:00.000","San Juan","WA","Passenger","117","45","162","14088","14250","1.136842105263157894736842105"
"2017-09-30T00:00:00.000","Sangamon","IL","Passenger","1","0","1","11","12","8.333333333333333333333333333"
"2017-09-30T00:00:00.000","Riverside","CA","Passenger","0","2","2","758","760","0.2631578947368421052631578947"
"2017-09-30T00:00:00.000","Lumpkin","GA","Passenger","1","0","1","10","11","9.090909090909090909090909091"
"2017-08-31T00:00:00.000","Saratoga","NY","Passenger","0","1","1","70","71","1.408450704225352112676056338"
"2017-09-30T00:00:00.000","Wayne","MI","Passenger","0","1","1","67","68","1.470588235294117647058823529"
"2017-09-30T00:00:00.000","Maricopa","AZ","Passenger","2","0","2","1534","1536","0.1302083333333333333333333333"
"2017-06-30T00:00:00.000","Lincoln","WA","Truck","0","0","0","4611","4611","0"
"2017-09-30T00:00:00.000","Spokane","WA","Truck","1","0","1","94596","94597","0.001057115976193748216116790173"
"2017-10-31T00:00:00.000","Clallam","WA","Truck","0","0","0","21778","21778","0"
"2017-09-30T00:00:00.000","Whitman","WA","Passenger","12","25","37","22763","22800","0.1622807017543859649122807018"
"2017-06-30T00:00:00.000","Dane","WI","Passenger","1","0","1","98","99","1.010101010101010101010101010"
"2017-10-31T00:00:00.000","Clark","WA","Passenger","904","592","1496","308677","310173","0.4823114842362165630148336573"
"2017-09-30T00:00:00.000","Saint Lucie","FL","Passenger","1","0","1","25","26","3.846153846153846153846153846"
"2017-08-31T00:00:00.000","Skamania","WA","Passenger","11","7","18","8825","8843","0.2035508311658939274002035508"
"2017-06-30T00:00:00.000","Deschutes","OR","Passenger","1","0","1","188","189","0.5291005291005291005291005291"
"2017-09-30T00:00:00.000","Thurston","WA","Passenger","491","391","882","192238","193120","0.4567108533554266777133388567"
"2017-09-30T00:00:00.000","Thurston","WA","Truck","0","0","0","55206","55206","0"
"2017-08-31T00:00:00.000","Spokane","WA","Passenger","298","260","558","304266","304824","0.1830564522478544996456971892"
"2017-10-31T00:00:00.000","Alameda","CA","Passenger","0","1","1","350","351","0.2849002849002849002849002849"
"2017-09-30T00:00:00.000","San Juan","WA","Truck","0","0","0","5799","5799","0"
"2017-09-30T00:00:00.000","Santa Clara","CA","Passenger","5","2","7","384","391","1.790281329923273657289002558"
"2017-08-31T00:00:00.000","Tulare","CA","Passenger","1","0","1","203","204","0.4901960784313725490196078431"
"2017-10-31T00:00:00.000","El Paso","CO","Passenger","2","0","2","786","788","0.2538071065989847715736040609"
"2017-09-30T00:00:00.000","Montgomery","TN","Passenger","1","0","1","264","265","0.3773584905660377358490566038"
"2017-06-30T00:00:00.000","El Paso","CO","Passenger","2","1","3","823","826","0.3631961259079903147699757869"
"2017-09-30T00:00:00.000","Shelby","TN","Passenger","0","1","1","112","113","0.8849557522123893805309734513"
"2017-08-31T00:00:00.000","Walla Walla","WA","Passenger","27","27","54","35832","35886","0.1504765089449924761745527504"
"2017-10-31T00:00:00.000","Franklin","OH","Passenger","0","1","1","113","114","0.8771929824561403508771929825"
"2017-06-30T00:00:00.000","Montgomery","TN","Passenger","1","0","1","272","273","0.3663003663003663003663003663"
"2017-10-31T00:00:00.000","Frederick","MD","Passenger","0","1","1","87","88","1.136363636363636363636363636"
"2017-08-31T00:00:00.000","Walla Walla","WA","Truck","0","0","0","13691","13691","0"
"2017-10-31T00:00:00.000","NULL","WA","Truck","0","0","0","1","1","0"
"2017-09-30T00:00:00.000","Norfolk City","VA","Passenger","2","1","3","333","336","0.8928571428571428571428571429"
"2017-09-30T00:00:00.000","Northampton","PA","Passenger","0","1","1","89","90","1.111111111111111111111111111"
"2017-10-31T00:00:00.000","Alexandria City","VA","Passenger","2","0","2","175","177","1.129943502824858757062146893"
"2017-06-30T00:00:00.000","Norfolk City","VA","Passenger","2","1","3","335","338","0.8875739644970414201183431953"
"2017-06-30T00:00:00.000","Franklin","WA","Passenger","28","46","74","56966","57040","0.1297335203366058906030855540"
"2017-06-30T00:00:00.000","Northampton","PA","Passenger","1","0","1","153","154","0.6493506493506493506493506494"
"2017-08-31T00:00:00.000","Wayne","MI","Passenger","0","1","1","66","67","1.492537313432835820895522388"
"2017-09-30T00:00:00.000","Orange","CA","Passenger","3","1","4","633","637","0.6279434850863422291993720565"
"2017-08-31T00:00:00.000","Whatcom","WA","Passenger","509","199","708","146498","147206","0.4809586565764982405608467046"
"2017-08-31T00:00:00.000","Whitman","WA","Passenger","11","24","35","22682","22717","0.1540696394770436237179205001"
"2017-10-31T00:00:00.000","Benton","WA","Passenger","173","163","336","132501","132837","0.2529415750129858397886131123"
"2017-10-31T00:00:00.000","Camden","GA","Passenger","0","1","1","180","181","0.5524861878453038674033149171"
"2017-06-30T00:00:00.000","Okanogan","WA","Truck","0","0","0","4511","4511","0"
"2017-09-30T00:00:00.000","Pacific","WA","Passenger","19","10","29","15585","15614","0.1857307544511335980530293327"
"2017-10-31T00:00:00.000","Jefferson","NY","Passenger","1","0","1","258","259","0.3861003861003861003861003861"
"2017-09-30T00:00:00.000","Volusia","FL","Passenger","0","1","1","41","42","2.380952380952380952380952381"
"2017-09-30T00:00:00.000","NULL","CA","Passenger","1","1","2","333","335","0.5970149253731343283582089552"
"2017-09-30T00:00:00.000","NULL","WA","Truck","0","0","0","1","1","0"
"2017-09-30T00:00:00.000","Allegheny","PA","Passenger","1","0","1","82","83","1.204819277108433734939759036"
"2017-10-31T00:00:00.000","Columbia","GA","Passenger","1","0","1","172","173","0.5780346820809248554913294798"
"2017-10-31T00:00:00.000","Clallam","WA","Passenger","104","91","195","49803","49998","0.3900156006240249609984399376"
"2017-10-31T00:00:00.000","Klickitat","WA","Passenger","27","29","56","15237","15293","0.3661806055057869613548682404"
"2017-10-31T00:00:00.000","Dale","AL","Passenger","0","1","1","68","69","1.449275362318840579710144928"
"2017-10-31T00:00:00.000","Latah","ID","Passenger","0","1","1","82","83","1.204819277108433734939759036"
"2017-09-30T00:00:00.000","Benton","WA","Truck","0","0","0","41705","41705","0"
"2017-10-31T00:00:00.000","Dekalb","IN","Passenger","1","0","1","1","2","50.0"
"2017-10-31T00:00:00.000","Dakota","MN","Passenger","0","1","1","35","36","2.777777777777777777777777778"
"2017-10-31T00:00:00.000","Liberty","GA","Passenger","1","0","1","161","162","0.6172839506172839506172839506"
"2017-10-31T00:00:00.000","District Of Columbia","DC","Passenger","0","4","4","213","217","1.843317972350230414746543779"
"2017-06-30T00:00:00.000","Jackson","MO","Passenger","1","0","1","58","59","1.694915254237288135593220339"
"2017-10-31T00:00:00.000","Lincoln","WA","Passenger","4","6","10","7838","7848","0.1274209989806320081549439348"
"2017-10-31T00:00:00.000","Ferry","WA","Passenger","2","1","3","4579","4582","0.06547359231776516804888694893"
"2017-09-30T00:00:00.000","San Diego","CA","Passenger","5","3","8","2710","2718","0.2943340691685062545989698308"
"2017-10-31T00:00:00.000","Asotin","WA","Truck","0","0","0","6780","6780","0"
"2017-10-31T00:00:00.000","Mason","WA","Passenger","77","78","155","45591","45746","0.3388274384645652078870283741"
"2017-09-30T00:00:00.000","Charles","MD","Passenger","0","1","1","84","85","1.176470588235294117647058824"
"2017-10-31T00:00:00.000","Fairfax City","VA","Passenger","1","0","1","8","9","11.11111111111111111111111111"
"2017-06-30T00:00:00.000","San Diego","CA","Passenger","4","2","6","2776","2782","0.2156721782890007189072609633"
"2017-06-30T00:00:00.000","King","WA","Truck","8","1","9","192796","192805","0.004667928736287959337154119447"
"2017-09-30T00:00:00.000","Clallam","WA","Passenger","103","88","191","49694","49885","0.3828806254385085697103337677"
"2017-10-31T00:00:00.000","Grays Harbor","WA","Truck","0","0","0","20662","20662","0"
"2017-10-31T00:00:00.000","Glacier","MT","Passenger","0","1","1","3","4","25.00"
"2017-09-30T00:00:00.000","Clallam","WA","Truck","0","0","0","21714","21714","0"
"2017-09-30T00:00:00.000","Skagit","WA","Passenger","167","136","303","90734","91037","0.3328317057899535353757263530"
"2017-09-30T00:00:00.000","Skamania","WA","Truck","0","0","0","4084","4084","0"
"2017-10-31T00:00:00.000","Okaloosa","FL","Passenger","1","0","1","183","184","0.5434782608695652173913043478"
"2017-09-30T00:00:00.000","Dakota","MN","Passenger","0","1","1","34","35","2.857142857142857142857142857"
"2017-06-30T00:00:00.000","Skamania","WA","Truck","0","0","0","4092","4092","0"
"2017-10-31T00:00:00.000","Ozaukee","WI","Passenger","0","1","1","2","3","33.33333333333333333333333333"
"2017-10-31T00:00:00.000","Pacific","WA","Truck","0","0","0","7745","7745","0"
"2017-10-31T00:00:00.000","Pima","AZ","Passenger","0","1","1","400","401","0.2493765586034912718204488778"
"2017-09-30T00:00:00.000","Twin Falls","ID","Passenger","0","1","1","22","23","4.347826086956521739130434783"
"2017-06-30T00:00:00.000","Spokane","WA","Passenger","272","248","520","303020","303540","0.1713118534624761151742768663"
"2017-10-31T00:00:00.000","Pinal","AZ","Passenger","2","0","2","198","200","1.00"
"2017-06-30T00:00:00.000","Lewis","WA","Passenger","56","45","101","56850","56951","0.1773454373057540692876332286"
"2017-06-30T00:00:00.000","Lewis","WA","Truck","0","0","0","25839","25839","0"
"2017-09-30T00:00:00.000","Virginia Beach City","VA","Passenger","1","1","2","653","655","0.3053435114503816793893129771"
"2017-09-30T00:00:00.000","Douglas","WA","Passenger","35","29","64","27610","27674","0.2312640023126400231264002313"
"2017-10-31T00:00:00.000","Polk","FL","Passenger","1","0","1","64","65","1.538461538461538461538461538"
"2017-09-30T00:00:00.000","Wahkiakum","WA","Truck","0","0","0","1728","1728","0"
"2017-09-30T00:00:00.000","Duval","FL","Passenger","1","1","2","367","369","0.5420054200542005420054200542"
"2017-10-31T00:00:00.000","Kittitas","WA","Passenger","37","23","60","28942","29002","0.2068822839804151437831873664"
"2017-09-30T00:00:00.000","Fairfax City","VA","Passenger","1","0","1","8","9","11.11111111111111111111111111"
"2017-10-31T00:00:00.000","Lane","OR","Passenger","0","1","1","216","217","0.4608294930875576036866359447"
"2017-06-30T00:00:00.000","Tulare","CA","Passenger","1","0","1","202","203","0.4926108374384236453201970443"
"2017-10-31T00:00:00.000","Riley","KS","Passenger","1","0","1","92","93","1.075268817204301075268817204"
"2017-09-30T00:00:00.000","Flathead","MT","Passenger","1","0","1","58","59","1.694915254237288135593220339"
"2017-09-30T00:00:00.000","Whatcom","WA","Truck","2","0","2","43088","43090","0.004641448131817126943606405198"
"2017-06-30T00:00:00.000","Wahkiakum","WA","Truck","0","0","0","1708","1708","0"
"2017-10-31T00:00:00.000","Mason","WA","Truck","0","0","0","20217","20217","0"
"2017-06-30T00:00:00.000","Manassas City","VA","Passenger","0","1","1","9","10","10.0"
"2017-10-31T00:00:00.000","Russell","AL","Passenger","1","0","1","53","54","1.851851851851851851851851852"
"2017-10-31T00:00:00.000","Maricopa","AZ","Passenger","2","0","2","1505","1507","0.1327140013271400132714001327"
"2017-06-30T00:00:00.000","Manatee","FL","Passenger","1","0","1","40","41","2.439024390243902439024390244"
"2017-09-30T00:00:00.000","Glacier","MT","Passenger","0","1","1","3","4","25.00"
"2017-10-31T00:00:00.000","Miami-Dade","FL","Passenger","0","1","1","120","121","0.8264462809917355371900826446"
"2017-10-31T00:00:00.000","NULL","NULL","Passenger","9","2","11","2368","2379","0.4623791509037410676754939050"
"2017-10-31T00:00:00.000","Maui","HI","Passenger","1","0","1","71","72","1.388888888888888888888888889"
"2017-10-31T00:00:00.000","Adams","WA","Passenger","4","3","7","12744","12751","0.05489765508587561759861971610"
"2017-10-31T00:00:00.000","Anne Arundel","MD","Passenger","0","2","2","501","503","0.3976143141153081510934393638"
"2017-10-31T00:00:00.000","Montgomery","TN","Passenger","1","0","1","260","261","0.3831417624521072796934865900"
"2017-06-30T00:00:00.000","Whatcom","WA","Truck","2","0","2","42839","42841","0.004668425106790224317826381270"
"2017-10-31T00:00:00.000","Asotin","WA","Passenger","7","6","13","12802","12815","0.1014436207569254779555208740"
"2017-10-31T00:00:00.000","Skamania","WA","Passenger","11","7","18","8829","8847","0.2034587995930824008138351984"
"2017-10-31T00:00:00.000","Duval","FL","Passenger","1","1","2","367","369","0.5420054200542005420054200542"
"2017-10-31T00:00:00.000","New Castle","DE","Passenger","1","0","1","25","26","3.846153846153846153846153846"
"2017-09-30T00:00:00.000","Howard","MD","Passenger","0","1","1","101","102","0.9803921568627450980392156863"
"2017-10-31T00:00:00.000","Norfolk City","VA","Passenger","2","1","3","329","332","0.9036144578313253012048192771"
"2017-10-31T00:00:00.000","Northampton","PA","Passenger","0","1","1","74","75","1.333333333333333333333333333"
"2017-06-30T00:00:00.000","Montgomery","PA","Passenger","1","0","1","35","36","2.777777777777777777777777778"
"2017-10-31T00:00:00.000","Orange","CA","Passenger","3","1","4","622","626","0.6389776357827476038338658147"
"2017-07-31T00:00:00.000","NULL","NULL","Passenger","9","4","13","2431","2444","0.5319148936170212765957446809"
"2017-10-31T00:00:00.000","Ferry","WA","Truck","0","0","0","3767","3767","0"
"2017-10-31T00:00:00.000","Orleans","LA","Passenger","0","1","1","50","51","1.960784313725490196078431373"
"2017-10-31T00:00:00.000","Orange","FL","Passenger","1","1","2","144","146","1.369863013698630136986301370"
"2017-09-30T00:00:00.000","Jefferson","NY","Passenger","1","0","1","261","262","0.3816793893129770992366412214"
"2017-06-30T00:00:00.000","Multnomah","OR","Passenger","1","3","4","1000","1004","0.3984063745019920318725099602"
"2017-07-31T00:00:00.000","Adams","WA","Passenger","4","3","7","12634","12641","0.05537536587295308915433905545"
"2017-10-31T00:00:00.000","Pend Oreille","WA","Passenger","4","4","8","9783","9791","0.08170769073639056276171994689"
"2017-10-31T00:00:00.000","Pend Oreille","WA","Truck","0","0","0","5886","5886","0"
"2017-10-31T00:00:00.000","Wahkiakum","WA","Passenger","2","2","4","2916","2920","0.1369863013698630136986301370"
"2017-09-30T00:00:00.000","Kent","DE","Passenger","0","1","1","69","70","1.428571428571428571428571429"
"2017-10-31T00:00:00.000","Garfield","WA","Passenger","1","0","1","1355","1356","0.07374631268436578171091445428"
"2017-09-30T00:00:00.000","Kitsap","WA","Truck","1","0","1","54241","54242","0.001843589838132812211939087792"
"2017-09-30T00:00:00.000","Kittitas","WA","Truck","0","0","0","14188","14188","0"
"2017-06-30T00:00:00.000","Okanogan","WA","Passenger","0","5","5","6577","6582","0.07596475235490732300212701307"
"2017-10-31T00:00:00.000","Whatcom","WA","Passenger","551","217","768","147337","148105","0.5185510279869011849701225482"
"2017-10-31T00:00:00.000","Canyon","ID","Passenger","0","1","1","86","87","1.149425287356321839080459770"
"2017-10-31T00:00:00.000","Whitman","WA","Truck","0","0","0","8729","8729","0"
"2017-10-31T00:00:00.000","San Diego","CA","Passenger","4","3","7","2686","2693","0.2599331600445599702933531378"
"2017-11-30T00:00:00.000","NULL","CA","Passenger","1","1","2","302","304","0.6578947368421052631578947368"
"2017-10-31T00:00:00.000","Sacramento","CA","Passenger","1","0","1","332","333","0.3003003003003003003003003003"
"2017-09-30T00:00:00.000","Marion","OR","Passenger","1","0","1","133","134","0.7462686567164179104477611940"
"2017-10-31T00:00:00.000","San Juan","WA","Truck","0","0","0","5818","5818","0"
"2017-10-31T00:00:00.000","Shelby","TN","Passenger","0","1","1","111","112","0.8928571428571428571428571429"
"2017-10-31T00:00:00.000","Santa Rosa","FL","Passenger","1","0","1","100","101","0.9900990099009900990099009901"
"2017-06-30T00:00:00.000","Pierce","WA","Passenger","1048","907","1955","535192","537147","0.3639599588194665519867001026"
"2017-10-31T00:00:00.000","Skagit","WA","Passenger","176","142","318","91033","91351","0.3481078477520771529594640453"
"2017-06-30T00:00:00.000","Pierce","WA","Truck","0","0","0","141888","141888","0"
"2017-10-31T00:00:00.000","Snohomish","WA","Passenger","2064","1096","3160","525421","528581","0.5978270123216687697817363848"
"2017-09-30T00:00:00.000","Nassau","NY","Passenger","1","1","2","36","38","5.263157894736842105263157895"
"2017-07-31T00:00:00.000","Camden","GA","Passenger","0","1","1","185","186","0.5376344086021505376344086022"
"2017-09-30T00:00:00.000","Orleans","LA","Passenger","0","1","1","48","49","2.040816326530612244897959184"
"2017-10-31T00:00:00.000","Virginia Beach City","VA","Passenger","1","1","2","649","651","0.3072196620583717357910906298"
"2017-10-31T00:00:00.000","Wahkiakum","WA","Truck","0","0","0","1735","1735","0"
"2017-10-31T00:00:00.000","Kitsap","WA","Passenger","729","371","1100","178832","179932","0.6113420625569659649200809195"
"2017-11-30T00:00:00.000","Chelan","WA","Truck","0","0","0","22259","22259","0"
"2017-10-31T00:00:00.000","Douglas","WA","Passenger","36","32","68","27659","27727","0.2452483139178418148375229920"
"2017-09-30T00:00:00.000","Pend Oreille","WA","Passenger","4","4","8","9792","9800","0.08163265306122448979591836735"
"2017-06-30T00:00:00.000","Riverside","CA","Passenger","0","1","1","809","810","0.1234567901234567901234567901"
"2017-11-30T00:00:00.000","Clark","WA","Truck","0","0","0","80737","80737","0"
"2017-07-31T00:00:00.000","Clark","NV","Passenger","1","1","2","783","785","0.2547770700636942675159235669"
"2017-10-31T00:00:00.000","Fairfax","VA","Passenger","0","3","3","838","841","0.3567181926278240190249702735"
"2017-10-31T00:00:00.000","Flathead","MT","Passenger","1","0","1","56","57","1.754385964912280701754385965"
"2017-11-30T00:00:00.000","Anne Arundel","MD","Passenger","0","2","2","503","505","0.3960396039603960396039603960"
"2017-11-30T00:00:00.000","Cowlitz","WA","Passenger","66","75","141","72169","72310","0.1949937767943576268842483751"
"2017-11-30T00:00:00.000","Asotin","WA","Passenger","7","5","12","12837","12849","0.09339248190520663086621526967"
"2017-11-30T00:00:00.000","Asotin","WA","Truck","0","0","0","6805","6805","0"
"2017-11-30T00:00:00.000","Alameda","CA","Passenger","0","1","1","352","353","0.2832861189801699716713881020"
"2017-10-31T00:00:00.000","Lumpkin","GA","Passenger","1","0","1","10","11","9.090909090909090909090909091"
"2017-06-30T00:00:00.000","San Juan","WA","Passenger","108","42","150","13930","14080","1.065340909090909090909090909"
"2017-10-31T00:00:00.000","Franklin","WA","Passenger","39","52","91","57998","58089","0.1566561655390865740501644029"
"2017-06-30T00:00:00.000","Santa Clara","CA","Passenger","5","2","7","399","406","1.724137931034482758620689655"
"2017-11-30T00:00:00.000","Bexar","TX","Passenger","2","1","3","813","816","0.3676470588235294117647058824"
"2017-09-30T00:00:00.000","Skamania","WA","Passenger","11","7","18","8835","8853","0.2033209081667231446967129787"
"2017-07-31T00:00:00.000","Dale","AL","Passenger","0","1","1","70","71","1.408450704225352112676056338"
"2017-09-30T00:00:00.000","Sumter","FL","Passenger","0","1","1","9","10","10.0"
"2017-10-31T00:00:00.000","Gwinnett","GA","Passenger","0","1","1","87","88","1.136363636363636363636363636"
"2017-10-31T00:00:00.000","Missoula","MT","Passenger","1","0","1","63","64","1.562500"
"2017-11-30T00:00:00.000","Garfield","WA","Truck","0","0","0","965","965","0"
"2017-09-30T00:00:00.000","Travis","TX","Passenger","0","1","1","184","185","0.5405405405405405405405405405"
"2017-07-31T00:00:00.000","Dekalb","IN","Passenger","1","0","1","1","2","50.0"
"2017-09-30T00:00:00.000","Wahkiakum","WA","Passenger","2","2","4","2901","2905","0.1376936316695352839931153184"
"2017-09-30T00:00:00.000","Walla Walla","WA","Passenger","27","28","55","35879","35934","0.1530583848166082261924639617"
"2017-10-31T00:00:00.000","Honolulu","HI","Passenger","3","1","4","544","548","0.7299270072992700729927007299"
"2017-10-31T00:00:00.000","Moore","NC","Passenger","0","1","1","207","208","0.4807692307692307692307692308"
"2017-07-31T00:00:00.000","District Of Columbia","DC","Passenger","0","3","3","219","222","1.351351351351351351351351351"
"2017-11-30T00:00:00.000","Grant","WA","Passenger","26","37","63","63901","63964","0.09849290225751985491839159527"
"2017-11-30T00:00:00.000","Grays Harbor","WA","Passenger","50","47","97","46737","46834","0.2071144894734594525344834949"
"2017-06-30T00:00:00.000","Thurston","WA","Truck","0","0","0","54968","54968","0"
"2017-10-31T00:00:00.000","Howard","MD","Passenger","0","1","1","100","101","0.9900990099009900990099009901"
"2017-10-31T00:00:00.000","Island","WA","Passenger","153","164","317","62550","62867","0.5042391079580702117167989565"
"2017-11-30T00:00:00.000","Clark","NV","Passenger","1","1","2","727","729","0.2743484224965706447187928669"
"2017-11-30T00:00:00.000","Hardin","KY","Passenger","0","1","1","124","125","0.800"
"2017-09-30T00:00:00.000","Whatcom","WA","Passenger","531","205","736","146861","147597","0.4986551217165660548656137997"
"2017-07-31T00:00:00.000","Flathead","MT","Passenger","1","0","1","61","62","1.612903225806451612903225806"
"2017-10-31T00:00:00.000","Nueces","TX","Passenger","0","1","1","99","100","1.00"
"2017-11-30T00:00:00.000","Cowlitz","WA","Truck","0","0","0","29102","29102","0"
"2017-06-30T00:00:00.000","Volusia","FL","Passenger","0","1","1","47","48","2.083333333333333333333333333"
"2017-09-30T00:00:00.000","Yakima","WA","Truck","0","0","0","60295","60295","0"
"2017-10-31T00:00:00.000","Juneau","AK","Passenger","0","1","1","39","40","2.500"
"2017-11-30T00:00:00.000","Ferry","WA","Passenger","2","3","5","4588","4593","0.1088613106901807097757457000"
"2017-11-30T00:00:00.000","Dale","AL","Passenger","0","1","1","70","71","1.408450704225352112676056338"
"2017-11-30T00:00:00.000","Franklin","WA","Passenger","40","51","91","58166","58257","0.1562044046209039257084985495"
"2017-11-30T00:00:00.000","Franklin","WA","Truck","0","0","0","19126","19126","0"
"2017-10-31T00:00:00.000","Kitsap","WA","Truck","1","0","1","54264","54265","0.001842808440062655486962130287"
"2017-11-30T00:00:00.000","King","WA","Passenger","11528","4923","16451","1396221","1412672","1.164530761563901599238889141"
"2017-11-30T00:00:00.000","Kitsap","WA","Passenger","752","383","1135","179330","180465","0.6289308176100628930817610063"
"2017-11-30T00:00:00.000","District Of Columbia","DC","Passenger","0","4","4","214","218","1.834862385321100917431192661"
"2017-10-31T00:00:00.000","Knox","TN","Passenger","1","0","1","39","40","2.500"
"2017-10-31T00:00:00.000","Bexar","TX","Passenger","2","1","3","813","816","0.3676470588235294117647058824"
"2017-11-30T00:00:00.000","Kittitas","WA","Truck","0","0","0","14312","14312","0"
"2017-11-30T00:00:00.000","Gallatin","MT","Passenger","0","1","1","61","62","1.612903225806451612903225806"
"2017-11-30T00:00:00.000","Klickitat","WA","Truck","0","0","0","8313","8313","0"
"2017-11-30T00:00:00.000","El Paso","TX","Passenger","1","0","1","546","547","0.1828153564899451553930530165"
"2017-07-31T00:00:00.000","Gwinnett","GA","Passenger","0","1","1","85","86","1.162790697674418604651162791"
"2017-11-30T00:00:00.000","Grays Harbor","WA","Truck","0","0","0","20683","20683","0"
"2017-11-30T00:00:00.000","Larimer","CO","Passenger","0","1","1","62","63","1.587301587301587301587301587"
"2017-07-31T00:00:00.000","NULL","WA","Truck","0","0","0","1","1","0"
"2017-11-30T00:00:00.000","Fulton","GA","Passenger","1","1","2","101","103","1.941747572815533980582524272"
"2017-11-30T00:00:00.000","Hamilton","TN","Passenger","1","0","1","19","20","5.00"
"2017-11-30T00:00:00.000","Lewis","WA","Passenger","58","47","105","57867","57972","0.1811219209273442351480024840"
"2017-10-31T00:00:00.000","Lewis","WA","Truck","0","0","0","26209","26209","0"
"2017-11-30T00:00:00.000","Garfield","WA","Passenger","1","0","1","1357","1358","0.07363770250368188512518409426"
"2017-10-31T00:00:00.000","Charlottesville City","VA","Passenger","0","1","1","9","10","10.0"
"2017-10-31T00:00:00.000","Lincoln","WA","Truck","0","0","0","4671","4671","0"
"2017-10-31T00:00:00.000","Chelan","WA","Passenger","77","37","114","54148","54262","0.2100917769341343850208248867"
"2017-10-31T00:00:00.000","Chelan","WA","Truck","0","0","0","22231","22231","0"
"2017-11-30T00:00:00.000","Lumpkin","GA","Passenger","1","0","1","10","11","9.090909090909090909090909091"
"2017-07-31T00:00:00.000","Asotin","WA","Truck","0","0","0","6774","6774","0"
"2017-11-30T00:00:00.000","Grant","WA","Truck","0","0","0","26650","26650","0"
"2017-10-31T00:00:00.000","Clark","NV","Passenger","1","1","2","736","738","0.2710027100271002710027100271"
"2017-10-31T00:00:00.000","Clay","FL","Passenger","0","1","1","108","109","0.9174311926605504587155963303"
"2017-10-31T00:00:00.000","Manatee","FL","Passenger","1","0","1","37","38","2.631578947368421052631578947"
"2017-07-31T00:00:00.000","Honolulu","HI","Passenger","4","1","5","556","561","0.8912655971479500891265597148"
"2017-10-31T00:00:00.000","Columbia","WA","Passenger","1","1","2","2456","2458","0.08136696501220504475183075671"
"2017-10-31T00:00:00.000","Cowlitz","WA","Truck","0","0","0","29077","29077","0"
"2017-10-31T00:00:00.000","Marion","OR","Passenger","1","0","1","133","134","0.7462686567164179104477611940"
"2017-10-31T00:00:00.000","Santa Fe","NM","Passenger","0","1","1","39","40","2.500"
"2017-11-30T00:00:00.000","Lane","OR","Passenger","0","1","1","209","210","0.4761904761904761904761904762"
"2017-10-31T00:00:00.000","Deschutes","OR","Passenger","1","0","1","175","176","0.5681818181818181818181818182"
"2017-10-31T00:00:00.000","Montgomery","PA","Passenger","1","0","1","33","34","2.941176470588235294117647059"
"2017-11-30T00:00:00.000","Lewis","WA","Truck","0","0","0","26212","26212","0"
"2017-11-30T00:00:00.000","Oklahoma","OK","Passenger","0","1","1","126","127","0.7874015748031496062992125984"
"2017-11-30T00:00:00.000","Island","WA","Truck","0","0","0","21384","21384","0"
"2017-11-30T00:00:00.000","Madison","ID","Passenger","1","0","1","38","39","2.564102564102564102564102564"
"2017-10-31T00:00:00.000","Nassau","NY","Passenger","1","1","2","35","37","5.405405405405405405405405405"
"2017-10-31T00:00:00.000","Douglas","WA","Truck","0","0","0","12036","12036","0"
"2017-11-30T00:00:00.000","Maricopa","AZ","Passenger","2","0","2","1504","1506","0.1328021248339973439575033201"
"2017-10-31T00:00:00.000","Stevens","WA","Passenger","11","24","35","32668","32703","0.1070238204446075283613124178"
"2017-10-31T00:00:00.000","Okanogan","WA","Truck","0","0","0","4440","4440","0"
"2017-07-31T00:00:00.000","Kitsap","WA","Truck","1","0","1","54093","54094","0.001848633859577772026472436869"
"2017-10-31T00:00:00.000","El Paso","TX","Passenger","1","0","1","548","549","0.1821493624772313296903460838"
"2017-07-31T00:00:00.000","Knox","TN","Passenger","1","0","1","39","40","2.500"
"2017-11-30T00:00:00.000","Monterey","CA","Passenger","0","2","2","207","209","0.9569377990430622009569377990"
"2017-11-30T00:00:00.000","Prince George","VA","Passenger","0","1","1","74","75","1.333333333333333333333333333"
"2017-10-31T00:00:00.000","Fulton","GA","Passenger","1","1","2","102","104","1.923076923076923076923076923"
"2017-11-30T00:00:00.000","Moore","NC","Passenger","0","1","1","207","208","0.4807692307692307692307692308"
"2017-10-31T00:00:00.000","Tuolumne","CA","Passenger","0","1","1","12","13","7.692307692307692307692307692"
"2017-11-30T00:00:00.000","New Castle","DE","Passenger","1","0","1","25","26","3.846153846153846153846153846"
"2017-10-31T00:00:00.000","Utah","UT","Passenger","0","1","1","135","136","0.7352941176470588235294117647"
"2017-10-31T00:00:00.000","Grant","WA","Truck","0","0","0","26605","26605","0"
"2017-11-30T00:00:00.000","Nueces","TX","Passenger","1","1","2","99","101","1.980198019801980198019801980"
"2017-11-30T00:00:00.000","Santa Fe","NM","Passenger","0","1","1","41","42","2.380952380952380952380952381"
"2017-07-31T00:00:00.000","Manatee","FL","Passenger","1","0","1","37","38","2.631578947368421052631578947"
"2017-10-31T00:00:00.000","Pierce","WA","Truck","0","0","0","141534","141534","0"
"2017-11-30T00:00:00.000","Missoula","MT","Passenger","1","0","1","62","63","1.587301587301587301587301587"
"2017-10-31T00:00:00.000","Island","WA","Truck","0","0","0","21299","21299","0"
"2017-07-31T00:00:00.000","Maui","HI","Passenger","1","0","1","72","73","1.369863013698630136986301370"
"2017-10-31T00:00:00.000","Yakima","WA","Passenger","67","79","146","165951","166097","0.08790044371662341884561430971"
"2017-11-30T00:00:00.000","Sumter","FL","Passenger","0","1","1","9","10","10.0"
"2017-07-31T00:00:00.000","Fairfax City","VA","Passenger","1","0","1","6","7","14.28571428571428571428571429"
"2017-10-31T00:00:00.000","Yakima","WA","Truck","0","0","0","60396","60396","0"
"2017-11-30T00:00:00.000","Travis","TX","Passenger","0","1","1","179","180","0.5555555555555555555555555556"
"2017-11-30T00:00:00.000","San Juan","WA","Passenger","126","44","170","14183","14353","1.184421375322232285933254372"
"2017-11-30T00:00:00.000","San Mateo","CA","Passenger","0","1","1","148","149","0.6711409395973154362416107383"
"2017-11-30T00:00:00.000","NULL","NULL","Passenger","9","2","11","2352","2363","0.4655099449851883199322894625"
"2017-11-30T00:00:00.000","Ventura","CA","Passenger","0","1","1","334","335","0.2985074626865671641791044776"
"2017-11-30T00:00:00.000","Adams","WA","Passenger","4","5","9","12822","12831","0.07014262333411269581482347440"
"2017-07-31T00:00:00.000","Garfield","WA","Passenger","0","0","0","1338","1338","0"
"2017-11-30T00:00:00.000","Adams","WA","Truck","0","0","0","5385","5385","0"
"2017-10-31T00:00:00.000","King","WA","Passenger","11313","4805","16118","1396812","1412930","1.140750072544287402772961152"
"2017-07-31T00:00:00.000","Glacier","MT","Passenger","0","1","1","3","4","25.00"
"2017-07-31T00:00:00.000","Okanogan","WA","Truck","0","0","0","4470","4470","0"
"2017-11-30T00:00:00.000","Alexandria City","VA","Passenger","2","0","2","173","175","1.142857142857142857142857143"
"2017-11-30T00:00:00.000","Sacramento","CA","Passenger","1","0","1","325","326","0.3067484662576687116564417178"
"2017-07-31T00:00:00.000","Orange","FL","Passenger","1","1","2","132","134","1.492537313432835820895522388"
"2017-10-31T00:00:00.000","Santa Clara","CA","Passenger","6","1","7","381","388","1.804123711340206185567010309"
"2017-11-30T00:00:00.000","Yakima","WA","Truck","0","0","0","60492","60492","0"
"2017-11-30T00:00:00.000","Arlington","VA","Passenger","1","2","3","167","170","1.764705882352941176470588235"
"2017-10-31T00:00:00.000","Lewis","WA","Passenger","58","49","107","57715","57822","0.1850506727543149666217010826"
"2017-11-30T00:00:00.000","Saint Lucie","FL","Passenger","1","0","1","24","25","4.00"
"2017-10-31T00:00:00.000","Saratoga","NY","Passenger","0","1","1","70","71","1.408450704225352112676056338"
"2017-11-30T00:00:00.000","Thurston","WA","Truck","0","0","0","55415","55415","0"
"2017-12-31T00:00:00.000","Alexandria City","VA","Passenger","2","0","2","170","172","1.162790697674418604651162791"
"2017-11-30T00:00:00.000","San Juan","WA","Truck","0","0","0","5821","5821","0"
"2017-07-31T00:00:00.000","Pierce","WA","Truck","0","0","0","141763","141763","0"
"2017-11-30T00:00:00.000","Utah","UT","Passenger","0","1","1","132","133","0.7518796992481203007518796992"
"2017-11-30T00:00:00.000","Sangamon","IL","Passenger","1","0","1","11","12","8.333333333333333333333333333"
"2017-10-31T00:00:00.000","Manassas City","VA","Passenger","0","1","1","9","10","10.0"
"2017-11-30T00:00:00.000","Snohomish","WA","Passenger","2113","1115","3228","526208","529436","0.6097054223739979903142211712"
"2017-11-30T00:00:00.000","Yakima","WA","Passenger","68","80","148","166588","166736","0.08876307456098263122541022934"
"2017-11-30T00:00:00.000","Spokane","WA","Truck","1","0","1","94932","94933","0.001053374485163220376476040997"
"2017-12-31T00:00:00.000","NULL","WA","Truck","0","0","0","2","2","0"
"2017-10-31T00:00:00.000","Walla Walla","WA","Passenger","28","28","56","36003","36059","0.1553010344158185196483540864"
"2017-11-30T00:00:00.000","Stevens","WA","Passenger","12","23","35","32691","32726","0.1069486035568049868606001344"
"2017-10-31T00:00:00.000","Okanogan","WA","Passenger","0","4","4","6485","6489","0.06164278008938203112960394514"
"2017-12-31T00:00:00.000","Clark","WA","Truck","0","0","0","80902","80902","0"
"2017-07-31T00:00:00.000","San Diego","CA","Passenger","5","3","8","2751","2759","0.2899601304820587169264226169"
"2017-11-30T00:00:00.000","Thurston","WA","Passenger","527","415","942","193521","194463","0.4844109162154240138226809213"
"2017-10-31T00:00:00.000","Whitman","WA","Passenger","13","24","37","22887","22924","0.1614028965276566044320362938"
"2017-12-31T00:00:00.000","Benton","WA","Truck","0","0","0","41986","41986","0"
"2017-07-31T00:00:00.000","San Juan","WA","Truck","0","0","0","5783","5783","0"
"2017-11-30T00:00:00.000","Tuolumne","CA","Passenger","0","1","1","13","14","7.142857142857142857142857143"
"2017-10-31T00:00:00.000","Pacific","WA","Passenger","21","11","32","15640","15672","0.2041858090862685043389484431"
"2017-12-31T00:00:00.000","Cowlitz","WA","Passenger","66","76","142","72328","72470","0.1959431488891955291844901338"
"2017-07-31T00:00:00.000","Santa Clara","CA","Passenger","5","2","7","398","405","1.728395061728395061728395062"
"2017-07-31T00:00:00.000","Saratoga","NY","Passenger","0","1","1","73","74","1.351351351351351351351351351"
"2017-12-31T00:00:00.000","Brevard","FL","Passenger","0","1","1","91","92","1.086956521739130434782608696"
"2017-11-30T00:00:00.000","Columbia","GA","Passenger","1","0","1","169","170","0.5882352941176470588235294118"
"2017-07-31T00:00:00.000","Shelby","TN","Passenger","0","1","1","115","116","0.8620689655172413793103448276"
"2017-10-31T00:00:00.000","Pierce","WA","Passenger","1222","988","2210","536922","539132","0.4099181647537152311493289213"
"2017-07-31T00:00:00.000","Mason","WA","Passenger","67","74","141","44720","44861","0.3143041840351307371659124852"
"2017-07-31T00:00:00.000","Skagit","WA","Passenger","154","119","273","90173","90446","0.3018375605333569201512504699"
"2017-12-31T00:00:00.000","Fairfax","VA","Passenger","0","3","3","824","827","0.3627569528415961305925030230"
"2017-07-31T00:00:00.000","Snohomish","WA","Passenger","1898","1015","2913","522773","525686","0.5541330756383088003104514862"
"2017-12-31T00:00:00.000","Charles","MD","Passenger","0","1","1","84","85","1.176470588235294117647058824"
"2017-07-31T00:00:00.000","Miami-Dade","FL","Passenger","0","1","1","127","128","0.7812500"
"2017-11-30T00:00:00.000","Benton","WA","Passenger","174","168","342","132992","133334","0.2564987175064124679376603117"
"2017-10-31T00:00:00.000","Saint Lucie","FL","Passenger","1","0","1","25","26","3.846153846153846153846153846"
"2017-12-31T00:00:00.000","Grant","WA","Passenger","28","39","67","64114","64181","0.1043922656237827394400211901"
"2017-07-31T00:00:00.000","Missoula","MT","Passenger","1","0","1","66","67","1.492537313432835820895522388"
"2017-12-31T00:00:00.000","Clallam","WA","Passenger","107","98","205","50081","50286","0.4076681382492144930994710257"
"2017-11-30T00:00:00.000","Dekalb","IN","Passenger","1","0","1","1","2","50.0"
"2017-12-31T00:00:00.000","Clallam","WA","Truck","0","0","0","21855","21855","0"
"2017-12-31T00:00:00.000","Guilford","NC","Passenger","1","0","1","30","31","3.225806451612903225806451613"
"2017-12-31T00:00:00.000","Benton","WA","Passenger","181","176","357","133280","133637","0.2671415850400712377560106857"
"2017-10-31T00:00:00.000","Sangamon","IL","Passenger","1","0","1","11","12","8.333333333333333333333333333"
"2017-07-31T00:00:00.000","Moore","NC","Passenger","0","1","1","206","207","0.4830917874396135265700483092"
"2017-12-31T00:00:00.000","Dakota","MN","Passenger","0","1","1","34","35","2.857142857142857142857142857"
"2017-11-30T00:00:00.000","Canyon","ID","Passenger","0","1","1","84","85","1.176470588235294117647058824"
"2017-11-30T00:00:00.000","El Paso","CO","Passenger","2","0","2","780","782","0.2557544757033248081841432225"
"2017-12-31T00:00:00.000","Honolulu","HI","Passenger","3","1","4","548","552","0.7246376811594202898550724638"
"2017-07-31T00:00:00.000","Virginia Beach City","VA","Passenger","1","1","2","649","651","0.3072196620583717357910906298"
"2017-11-30T00:00:00.000","Clallam","WA","Passenger","106","92","198","49927","50125","0.3950124688279301745635910224"
"2017-10-31T00:00:00.000","Skamania","WA","Truck","0","0","0","4092","4092","0"
"2017-12-31T00:00:00.000","Douglas","WA","Passenger","38","33","71","27852","27923","0.2542706729219639723525409161"
"2017-10-31T00:00:00.000","Spokane","WA","Truck","1","0","1","94794","94795","0.001054907959280552771770663010"
"2017-12-31T00:00:00.000","Fairfax City","VA","Passenger","1","0","1","9","10","10.0"
"2017-12-31T00:00:00.000","Clark","WA","Passenger","941","605","1546","310646","312192","0.4952080770807708077080770808"
"2017-11-30T00:00:00.000","Frederick","MD","Passenger","0","1","1","91","92","1.086956521739130434782608696"
"2017-12-31T00:00:00.000","King","WA","Passenger","11698","4996","16694","1395097","1411791","1.182469643169562633562616563"
"2017-12-31T00:00:00.000","Franklin","OH","Passenger","0","1","1","111","112","0.8928571428571428571428571429"
"2017-11-30T00:00:00.000","Columbia","WA","Truck","0","0","0","1611","1611","0"
"2017-07-31T00:00:00.000","Whitman","WA","Passenger","12","21","33","22637","22670","0.1455668284075871195412439347"
"2017-12-31T00:00:00.000","Klickitat","WA","Truck","0","0","0","8308","8308","0"
"2017-10-31T00:00:00.000","Thurston","WA","Passenger","504","403","907","192888","193795","0.4680203307618875615985964550"
"2017-12-31T00:00:00.000","Glacier","MT","Passenger","0","1","1","4","5","20.0"
"2017-11-30T00:00:00.000","Dakota","MN","Passenger","0","1","1","34","35","2.857142857142857142857142857"
"2017-10-31T00:00:00.000","Twin Falls","ID","Passenger","0","1","1","24","25","4.00"
"2017-12-31T00:00:00.000","Lincoln","WA","Truck","0","0","0","4683","4683","0"
"2017-12-31T00:00:00.000","Duval","FL","Passenger","1","1","2","371","373","0.5361930294906166219839142091"
"2017-10-31T00:00:00.000","Walla Walla","WA","Truck","0","0","0","13770","13770","0"
"2017-07-31T00:00:00.000","Pend Oreille","WA","Passenger","4","4","8","9720","9728","0.08223684210526315789473684211"
"2017-08-31T00:00:00.000","Alameda","CA","Passenger","0","1","1","351","352","0.2840909090909090909090909091"
"2017-12-31T00:00:00.000","Howard","MD","Passenger","0","1","1","98","99","1.010101010101010101010101010"
"2017-12-31T00:00:00.000","Ferry","WA","Truck","0","0","0","3754","3754","0"
"2017-11-30T00:00:00.000","Duval","FL","Passenger","1","1","2","366","368","0.5434782608695652173913043478"
"2017-11-30T00:00:00.000","Honolulu","HI","Passenger","3","1","4","546","550","0.7272727272727272727272727273"
"2017-10-31T00:00:00.000","Whatcom","WA","Truck","2","0","2","43138","43140","0.004636068613815484469170143718"
"2017-12-31T00:00:00.000","Island","WA","Passenger","173","174","347","63002","63349","0.5477592385041594973874883581"
"2017-08-31T00:00:00.000","Bexar","TX","Passenger","2","1","3","847","850","0.3529411764705882352941176471"
"2017-12-31T00:00:00.000","Hamilton","IN","Passenger","1","0","1","49","50","2.00"
"2017-12-31T00:00:00.000","Jefferson","NY","Passenger","1","0","1","252","253","0.3952569169960474308300395257"
"2017-12-31T00:00:00.000","Montgomery","TN","Passenger","1","0","1","259","260","0.3846153846153846153846153846"
"2017-11-30T00:00:00.000","Ferry","WA","Truck","0","0","0","3766","3766","0"
"2017-11-30T00:00:00.000","Flathead","MT","Passenger","1","0","1","57","58","1.724137931034482758620689655"
"2017-11-30T00:00:00.000","Allegheny","PA","Passenger","1","0","1","83","84","1.190476190476190476190476190"
"2017-08-31T00:00:00.000","Canyon","ID","Passenger","0","1","1","89","90","1.111111111111111111111111111"
"2017-12-31T00:00:00.000","Norfolk City","VA","Passenger","2","1","3","327","330","0.9090909090909090909090909091"
"2017-12-31T00:00:00.000","Northampton","PA","Passenger","0","1","1","71","72","1.388888888888888888888888889"
"2017-12-31T00:00:00.000","Okanogan","WA","Truck","0","0","0","4397","4397","0"
"2017-12-31T00:00:00.000","Kittitas","WA","Passenger","39","26","65","29248","29313","0.2217446184286835192576672466"
"2017-12-31T00:00:00.000","Orange","CA","Passenger","3","1","4","600","604","0.6622516556291390728476821192"
"2017-07-31T00:00:00.000","Santa Fe","NM","Passenger","0","1","1","42","43","2.325581395348837209302325581"
"2017-12-31T00:00:00.000","Lincoln","WA","Passenger","4","6","10","7844","7854","0.1273236567354214413037942450"
"2017-12-31T00:00:00.000","Marion","OR","Passenger","1","0","1","128","129","0.7751937984496124031007751938"
"2017-12-31T00:00:00.000","Mason","WA","Truck","0","0","0","20331","20331","0"
"2017-12-31T00:00:00.000","Kent","MI","Passenger","0","1","1","32","33","3.030303030303030303030303030"
"2017-11-30T00:00:00.000","Camden","GA","Passenger","0","1","1","178","179","0.5586592178770949720670391061"
"2017-12-31T00:00:00.000","Klickitat","WA","Passenger","27","28","55","15323","15378","0.3576537911301859799713876967"
"2017-11-30T00:00:00.000","Latah","ID","Passenger","0","1","1","77","78","1.282051282051282051282051282"
"2017-08-31T00:00:00.000","Cowlitz","WA","Truck","0","0","0","28949","28949","0"
"2017-11-30T00:00:00.000","Charles","MD","Passenger","0","1","1","84","85","1.176470588235294117647058824"
"2017-11-30T00:00:00.000","Liberty","GA","Passenger","1","0","1","159","160","0.62500"
"2017-12-31T00:00:00.000","Nassau","NY","Passenger","1","1","2","35","37","5.405405405405405405405405405"
"2017-12-31T00:00:00.000","San Diego","CA","Passenger","5","3","8","2645","2653","0.3015454202789295137580098002"
"2017-11-30T00:00:00.000","Chelan","WA","Passenger","84","37","121","54258","54379","0.2225123669063425219294212840"
"2017-07-31T00:00:00.000","Stevens","WA","Passenger","9","25","34","32486","32520","0.1045510455104551045510455105"
"2017-12-31T00:00:00.000","Orleans","LA","Passenger","0","1","1","51","52","1.923076923076923076923076923"
"2017-08-31T00:00:00.000","District Of Columbia","DC","Passenger","0","3","3","213","216","1.388888888888888888888888889"
"2017-11-30T00:00:00.000","Clallam","WA","Truck","0","0","0","21825","21825","0"
"2017-12-31T00:00:00.000","Skamania","WA","Truck","0","0","0","4096","4096","0"
"2017-11-30T00:00:00.000","Kent","MI","Passenger","0","1","1","33","34","2.941176470588235294117647059"
"2017-11-30T00:00:00.000","Clay","FL","Passenger","0","1","1","105","106","0.9433962264150943396226415094"
"2017-11-30T00:00:00.000","King","WA","Truck","8","1","9","191131","191140","0.004708590561891807052422308256"
"2017-12-31T00:00:00.000","Spokane","WA","Passenger","333","278","611","307207","307818","0.1984939152356262466782319423"
"2017-08-31T00:00:00.000","Duval","FL","Passenger","1","1","2","373","375","0.5333333333333333333333333333"
"2017-07-31T00:00:00.000","Tuolumne","CA","Passenger","0","1","1","12","13","7.692307692307692307692307692"
"2017-12-31T00:00:00.000","Pend Oreille","WA","Passenger","4","4","8","9836","9844","0.08126777732629012596505485575"
"2017-12-31T00:00:00.000","Nueces","TX","Passenger","1","1","2","99","101","1.980198019801980198019801980"
"2017-11-30T00:00:00.000","Columbia","WA","Passenger","2","1","3","2454","2457","0.1221001221001221001221001221"
"2017-12-31T00:00:00.000","Okanogan","NULL","Passenger","8","15","23","20183","20206","0.1138275759675343957240423637"
"2017-07-31T00:00:00.000","Utah","UT","Passenger","0","1","1","145","146","0.6849315068493150684931506849"
"2017-12-31T00:00:00.000","Pend Oreille","WA","Truck","0","0","0","5931","5931","0"
"2017-11-30T00:00:00.000","Mason","WA","Passenger","82","76","158","45740","45898","0.3442415791537757636498322367"
"2017-12-31T00:00:00.000","Ventura","CA","Passenger","0","1","1","335","336","0.2976190476190476190476190476"
"2017-11-30T00:00:00.000","Miami-Dade","FL","Passenger","0","1","1","119","120","0.8333333333333333333333333333"
"2017-08-31T00:00:00.000","Flathead","MT","Passenger","1","0","1","60","61","1.639344262295081967213114754"
"2017-11-30T00:00:00.000","Dekalb","GA","Passenger","1","0","1","82","83","1.204819277108433734939759036"
"2017-12-31T00:00:00.000","Wahkiakum","WA","Truck","0","0","0","1729","1729","0"
"2017-12-31T00:00:00.000","Riley","KS","Passenger","1","0","1","90","91","1.098901098901098901098901099"
"2017-11-30T00:00:00.000","Montgomery","TN","Passenger","1","0","1","261","262","0.3816793893129770992366412214"
"2017-08-31T00:00:00.000","Franklin","WA","Passenger","32","49","81","57383","57464","0.1409578170680774049839899763"
"2017-12-31T00:00:00.000","Prince William","VA","Passenger","0","3","3","269","272","1.102941176470588235294117647"
"2017-12-31T00:00:00.000","Ramsey","MN","Passenger","1","0","1","34","35","2.857142857142857142857142857"
"2017-08-31T00:00:00.000","Fulton","GA","Passenger","1","1","2","102","104","1.923076923076923076923076923"
"2017-11-30T00:00:00.000","Douglas","WA","Truck","0","0","0","12095","12095","0"
"2017-12-31T00:00:00.000","Russell","AL","Passenger","1","0","1","52","53","1.886792452830188679245283019"
"2017-07-31T00:00:00.000","Yakima","WA","Truck","0","0","0","60055","60055","0"
"2017-12-31T00:00:00.000","Sacramento","CA","Passenger","1","0","1","319","320","0.312500"
"2017-08-31T00:00:00.000","Garfield","WA","Passenger","1","0","1","1344","1345","0.07434944237918215613382899628"
"2017-11-30T00:00:00.000","Manatee","FL","Passenger","1","0","1","36","37","2.702702702702702702702702703"
"2017-12-31T00:00:00.000","Whatcom","WA","Truck","1","0","1","43282","43283","0.002310375898158630409167571564"
"2017-12-31T00:00:00.000","Santa Rosa","FL","Passenger","1","0","1","96","97","1.030927835051546391752577320"
"2017-11-30T00:00:00.000","Norfolk City","VA","Passenger","2","1","3","327","330","0.9090909090909090909090909091"
"2017-12-31T00:00:00.000","San Mateo","CA","Passenger","0","1","1","148","149","0.6711409395973154362416107383"
"2017-11-30T00:00:00.000","Okaloosa","FL","Passenger","1","0","1","185","186","0.5376344086021505376344086022"
"2017-08-31T00:00:00.000","Grant","WA","Truck","0","0","0","26487","26487","0"
"2017-08-31T00:00:00.000","Grays Harbor","WA","Truck","0","0","0","20583","20583","0"
"2017-12-31T00:00:00.000","Skamania","WA","Passenger","12","7","19","8845","8864","0.2143501805054151624548736462"
"2017-11-30T00:00:00.000","Okanogan","WA","Truck","0","0","0","4422","4422","0"
"2017-11-30T00:00:00.000","Orange","FL","Passenger","1","1","2","144","146","1.369863013698630136986301370"
"2017-12-31T00:00:00.000","Skagit","WA","Truck","1","0","1","32802","32803","0.003048501661433405481205987257"
"2017-12-31T00:00:00.000","Snohomish","WA","Truck","1","0","1","125643","125644","0.0007958995256438827162459011174"
"2017-11-30T00:00:00.000","Ozaukee","WI","Passenger","0","1","1","3","4","25.00"
"2018-01-31T00:00:00.000","NULL","NULL","Passenger","9","2","11","2333","2344","0.4692832764505119453924914676"
"2017-11-30T00:00:00.000","Montgomery","PA","Passenger","1","0","1","33","34","2.941176470588235294117647059"
"2018-01-31T00:00:00.000","Adams","WA","Passenger","5","4","9","12895","12904","0.06974581525108493490390576565"
"2017-12-31T00:00:00.000","Wahkiakum","WA","Passenger","2","2","4","2929","2933","0.1363791339924991476304125469"
"2017-11-30T00:00:00.000","Multnomah","OR","Passenger","3","3","6","903","909","0.6600660066006600660066006601"
"2017-12-31T00:00:00.000","Walla Walla","WA","Passenger","29","32","61","36118","36179","0.1686060974598524005638630145"
"2017-12-31T00:00:00.000","Tarrant","TX","Passenger","1","0","1","219","220","0.4545454545454545454545454545"
"2017-11-30T00:00:00.000","Pierce","WA","Truck","0","0","0","141594","141594","0"
"2017-11-30T00:00:00.000","Pinal","AZ","Passenger","2","0","2","195","197","1.015228426395939086294416244"
"2017-11-30T00:00:00.000","Jefferson","NY","Passenger","1","0","1","254","255","0.3921568627450980392156862745"
"2017-12-31T00:00:00.000","Whatcom","WA","Passenger","582","243","825","148191","149016","0.5536318247704944435496859398"
"2017-12-31T00:00:00.000","Whitman","WA","Truck","0","0","0","8735","8735","0"
"2017-11-30T00:00:00.000","Okanogan","NULL","Passenger","6","14","20","20168","20188","0.09906875371507826431543491183"
"2017-11-30T00:00:00.000","Kent","DE","Passenger","0","1","1","70","71","1.408450704225352112676056338"
"2017-11-30T00:00:00.000","Orleans","LA","Passenger","0","1","1","50","51","1.960784313725490196078431373"
"2017-11-30T00:00:00.000","Kittitas","WA","Passenger","37","24","61","29091","29152","0.2092480790340285400658616905"
"2017-08-31T00:00:00.000","Kent","MI","Passenger","0","1","1","37","38","2.631578947368421052631578947"
"2017-12-31T00:00:00.000","Washoe","NV","Passenger","1","0","1","118","119","0.8403361344537815126050420168"
"2017-08-31T00:00:00.000","King","WA","Truck","8","1","9","192072","192081","0.004685523294859980945538600903"
"2018-01-31T00:00:00.000","Camden","GA","Passenger","0","1","1","173","174","0.5747126436781609195402298851"
"2017-08-31T00:00:00.000","Camden","GA","Passenger","0","1","1","186","187","0.5347593582887700534759358289"
"2017-11-30T00:00:00.000","Los Angeles","CA","Passenger","5","2","7","1226","1233","0.5677210056772100567721005677"
"2017-12-31T00:00:00.000","Yakima","WA","Passenger","70","82","152","166979","167131","0.09094662270913235725269399453"
"2018-01-31T00:00:00.000","NULL","CA","Passenger","1","1","2","308","310","0.6451612903225806451612903226"
"2017-08-31T00:00:00.000","Lewis","WA","Truck","0","0","0","26002","26002","0"
"2018-01-31T00:00:00.000","Adams","WA","Truck","0","0","0","5399","5399","0"
"2017-11-30T00:00:00.000","Prince William","VA","Passenger","0","3","3","269","272","1.102941176470588235294117647"
"2017-11-30T00:00:00.000","San Diego","CA","Passenger","4","3","7","2664","2671","0.2620741295394983152377386747"
"2017-11-30T00:00:00.000","Marin","CA","Passenger","1","0","1","54","55","1.818181818181818181818181818"
"2018-01-31T00:00:00.000","Allegheny","PA","Passenger","1","0","1","76","77","1.298701298701298701298701299"
"2017-11-30T00:00:00.000","Santa Clara","CA","Passenger","7","1","8","379","387","2.067183462532299741602067183"
"2017-11-30T00:00:00.000","Maui","HI","Passenger","1","0","1","70","71","1.408450704225352112676056338"
"2017-11-30T00:00:00.000","Riverside","CA","Passenger","0","2","2","749","751","0.2663115845539280958721704394"
"2018-01-31T00:00:00.000","Charlottesville City","VA","Passenger","0","1","1","10","11","9.090909090909090909090909091"
"2018-01-31T00:00:00.000","Columbia","GA","Passenger","1","1","2","167","169","1.183431952662721893491124260"
"2017-08-31T00:00:00.000","Clark","WA","Passenger","850","562","1412","306948","308360","0.4579063432351796601375016215"
"2018-01-31T00:00:00.000","Clark","NV","Passenger","1","1","2","712","714","0.2801120448179271708683473389"
"2018-01-31T00:00:00.000","Arlington","VA","Passenger","1","2","3","167","170","1.764705882352941176470588235"
"2017-11-30T00:00:00.000","Saint Clair","IL","Passenger","0","1","1","170","171","0.5847953216374269005847953216"
"2017-11-30T00:00:00.000","Shelby","TN","Passenger","0","1","1","111","112","0.8928571428571428571428571429"
"2018-01-31T00:00:00.000","Columbia","WA","Passenger","2","1","3","2459","2462","0.1218521527213647441104792851"
"2018-01-31T00:00:00.000","Columbia","WA","Truck","0","0","0","1616","1616","0"
"2017-08-31T00:00:00.000","Maui","HI","Passenger","1","0","1","72","73","1.369863013698630136986301370"
"2017-11-30T00:00:00.000","Northampton","PA","Passenger","0","1","1","71","72","1.388888888888888888888888889"
"2018-01-31T00:00:00.000","Dallas","TX","Passenger","0","1","1","177","178","0.5617977528089887640449438202"
"2018-01-31T00:00:00.000","Benton","WA","Truck","0","0","0","42114","42114","0"
"2018-01-31T00:00:00.000","Dale","AL","Passenger","0","1","1","73","74","1.351351351351351351351351351"
"2018-01-31T00:00:00.000","Deschutes","OR","Passenger","1","0","1","167","168","0.5952380952380952380952380952"
"2017-11-30T00:00:00.000","Pacific","WA","Passenger","23","12","35","15659","15694","0.2230151650312221231043710972"
"2017-08-31T00:00:00.000","Columbia","WA","Passenger","1","1","2","2410","2412","0.08291873963515754560530679934"
"2018-01-31T00:00:00.000","Dekalb","IN","Passenger","1","0","1","1","2","50.0"
"2017-11-30T00:00:00.000","Skagit","WA","Truck","1","0","1","32767","32768","0.003051757812500"
"2017-11-30T00:00:00.000","Pacific","WA","Truck","0","0","0","7759","7759","0"
"2017-11-30T00:00:00.000","Palm Beach","FL","Passenger","0","1","1","82","83","1.204819277108433734939759036"
"2018-01-31T00:00:00.000","District Of Columbia","DC","Passenger","0","4","4","205","209","1.913875598086124401913875598"
"2017-11-30T00:00:00.000","Pend Oreille","WA","Truck","0","0","0","5911","5911","0"
"2017-08-31T00:00:00.000","Montgomery","PA","Passenger","1","0","1","36","37","2.702702702702702702702702703"
"2018-01-31T00:00:00.000","Douglas","OR","Passenger","1","0","1","52","53","1.886792452830188679245283019"
"2017-11-30T00:00:00.000","Pima","AZ","Passenger","0","1","1","397","398","0.2512562814070351758793969849"
"2018-01-31T00:00:00.000","Dupage","IL","Passenger","1","0","1","61","62","1.612903225806451612903225806"
"2017-11-30T00:00:00.000","Polk","FL","Passenger","1","0","1","63","64","1.562500"
"2018-01-31T00:00:00.000","Charles","MD","Passenger","0","1","1","81","82","1.219512195121951219512195122"
"2018-01-31T00:00:00.000","Clallam","WA","Truck","0","0","0","21916","21916","0"
"2017-11-30T00:00:00.000","Volusia","FL","Passenger","0","1","1","36","37","2.702702702702702702702702703"
"2017-12-31T00:00:00.000","NULL","CA","Passenger","1","1","2","298","300","0.6666666666666666666666666667"
"2017-12-31T00:00:00.000","Allegheny","PA","Passenger","1","0","1","77","78","1.282051282051282051282051282"
"2017-11-30T00:00:00.000","Skagit","WA","Passenger","184","147","331","91384","91715","0.3609006160388158970724527068"
"2018-01-31T00:00:00.000","Dekalb","GA","Passenger","1","0","1","81","82","1.219512195121951219512195122"
"2018-01-31T00:00:00.000","Guilford","NC","Passenger","1","0","1","28","29","3.448275862068965517241379310"
"2017-11-30T00:00:00.000","Skamania","WA","Passenger","12","7","19","8833","8852","0.2146407591504744690465431541"
"2018-01-31T00:00:00.000","Gwinnett","GA","Passenger","0","1","1","83","84","1.190476190476190476190476190"
"2017-11-30T00:00:00.000","Skamania","WA","Truck","0","0","0","4092","4092","0"
"2018-01-31T00:00:00.000","Jefferson","WA","Truck","0","0","0","9783","9783","0"
"2017-08-31T00:00:00.000","Hamilton","IN","Passenger","1","0","1","55","56","1.785714285714285714285714286"
"2017-12-31T00:00:00.000","Adams","WA","Truck","0","0","0","5377","5377","0"
"2017-11-30T00:00:00.000","Twin Falls","ID","Passenger","0","1","1","24","25","4.00"
"2018-01-31T00:00:00.000","Honolulu","HI","Passenger","3","1","4","547","551","0.7259528130671506352087114338"
"2018-01-31T00:00:00.000","Franklin","WA","Truck","0","0","0","19252","19252","0"
"2018-01-31T00:00:00.000","Frederick","MD","Passenger","0","1","1","95","96","1.041666666666666666666666667"
"2017-08-31T00:00:00.000","Saint Clair","IL","Passenger","0","1","1","176","177","0.5649717514124293785310734463"
"2017-11-30T00:00:00.000","Virginia Beach City","VA","Passenger","1","1","2","655","657","0.3044140030441400304414003044"
"2017-11-30T00:00:00.000","Wahkiakum","WA","Passenger","2","2","4","2939","2943","0.1359157322460074753652735304"
"2017-11-30T00:00:00.000","Wahkiakum","WA","Truck","0","0","0","1723","1723","0"
"2018-01-31T00:00:00.000","Gallatin","MT","Passenger","0","1","1","60","61","1.639344262295081967213114754"
"2017-12-31T00:00:00.000","Asotin","WA","Truck","0","0","0","6799","6799","0"
"2017-11-30T00:00:00.000","Walla Walla","WA","Truck","0","0","0","13819","13819","0"
"2017-12-31T00:00:00.000","Camden","GA","Passenger","0","1","1","172","173","0.5780346820809248554913294798"
"2018-01-31T00:00:00.000","Juneau","AK","Passenger","0","1","1","38","39","2.564102564102564102564102564"
"2017-08-31T00:00:00.000","Sangamon","IL","Passenger","1","0","1","11","12","8.333333333333333333333333333"
"2018-01-31T00:00:00.000","Hamilton","TN","Passenger","1","0","1","19","20","5.00"
"2017-08-31T00:00:00.000","Jefferson","WA","Passenger","117","69","186","24486","24672","0.7538910505836575875486381323"
"2018-01-31T00:00:00.000","Kitsap","WA","Truck","1","0","1","54447","54448","0.001836614751689685571554510726"
"2018-01-31T00:00:00.000","Knox","TN","Passenger","1","0","1","37","38","2.631578947368421052631578947"
"2017-11-30T00:00:00.000","Whatcom","WA","Passenger","571","229","800","147698","148498","0.5387277943137281310185995771"
"2017-12-31T00:00:00.000","Bexar","TX","Passenger","2","2","4","811","815","0.4907975460122699386503067485"
"2017-11-30T00:00:00.000","Whatcom","WA","Truck","1","0","1","43210","43211","0.002314225544421559325171831247"
"2018-01-31T00:00:00.000","Manassas City","VA","Passenger","0","1","1","9","10","10.0"
"2017-12-31T00:00:00.000","NULL","NULL","Passenger","9","2","11","2339","2350","0.4680851063829787234042553191"
"2017-08-31T00:00:00.000","King","WA","Passenger","10745","4597","15342","1395768","1411110","1.087229202542679167463911389"
"2018-01-31T00:00:00.000","Jefferson","NY","Passenger","1","0","1","248","249","0.4016064257028112449799196787"
"2017-08-31T00:00:00.000","Snohomish","WA","Passenger","1946","1038","2984","523546","526530","0.5667293411581486335061629917"
"2017-12-31T00:00:00.000","Adams","WA","Passenger","5","5","10","12868","12878","0.07765180928715639074390433297"
"2017-08-31T00:00:00.000","Kittitas","WA","Passenger","31","21","52","28695","28747","0.1808884405329251748008487842"
"2017-08-31T00:00:00.000","Spokane","WA","Truck","1","0","1","94372","94373","0.001059625104637979083000434446"
"2017-12-31T00:00:00.000","Anne Arundel","MD","Passenger","0","2","2","491","493","0.4056795131845841784989858012"
"2018-01-31T00:00:00.000","Kent","DE","Passenger","0","1","1","72","73","1.369863013698630136986301370"
"2018-01-31T00:00:00.000","Manatee","FL","Passenger","1","0","1","35","36","2.777777777777777777777777778"
"2017-08-31T00:00:00.000","Klickitat","WA","Passenger","26","26","52","15197","15249","0.3410059676044330775788576300"
"2017-08-31T00:00:00.000","Stevens","WA","Passenger","10","24","34","32625","32659","0.1041060657092991212223276892"
"2018-01-31T00:00:00.000","Kittitas","WA","Truck","0","0","0","14415","14415","0"
"2017-12-31T00:00:00.000","Asotin","WA","Passenger","8","5","13","12826","12839","0.1012539917439052885738764701"
"2018-01-31T00:00:00.000","Montgomery","MD","Passenger","1","3","4","301","305","1.311475409836065573770491803"
"2018-01-31T00:00:00.000","Maui","HI","Passenger","1","0","1","68","69","1.449275362318840579710144928"
"2018-01-31T00:00:00.000","Multnomah","OR","Passenger","3","4","7","850","857","0.8168028004667444574095682614"
"2017-08-31T00:00:00.000","Thurston","WA","Passenger","470","386","856","191682","192538","0.4445875619358256551953380631"
"2018-01-31T00:00:00.000","Latah","ID","Passenger","0","1","1","75","76","1.315789473684210526315789474"
"2018-01-31T00:00:00.000","Liberty","GA","Passenger","1","0","1","153","154","0.6493506493506493506493506494"
"2018-01-31T00:00:00.000","Norfolk City","VA","Passenger","2","1","3","333","336","0.8928571428571428571428571429"
"2017-12-31T00:00:00.000","Chelan","WA","Passenger","87","39","126","54449","54575","0.2308749427393495190105359597"
"2018-01-31T00:00:00.000","Los Angeles","CA","Passenger","6","3","9","1205","1214","0.7413509060955518945634266886"
"2018-01-31T00:00:00.000","Okanogan","NULL","Passenger","8","15","23","20191","20214","0.1137825269615118234886712180"
"2017-08-31T00:00:00.000","Tuolumne","CA","Passenger","0","1","1","12","13","7.692307692307692307692307692"
"2018-01-31T00:00:00.000","Okanogan","WA","Passenger","0","4","4","6434","6438","0.06213109661385523454488971730"
"2018-01-31T00:00:00.000","Okanogan","WA","Truck","0","0","0","4393","4393","0"
"2018-01-31T00:00:00.000","Madison","ID","Passenger","1","0","1","38","39","2.564102564102564102564102564"
"2017-12-31T00:00:00.000","Canyon","ID","Passenger","0","1","1","85","86","1.162790697674418604651162791"
"2017-12-31T00:00:00.000","Clay","FL","Passenger","0","1","1","102","103","0.9708737864077669902912621359"
"2018-01-31T00:00:00.000","Orange","FL","Passenger","2","1","3","168","171","1.754385964912280701754385965"
"2017-12-31T00:00:00.000","District Of Columbia","DC","Passenger","0","4","4","208","212","1.886792452830188679245283019"
"2018-01-31T00:00:00.000","Marin","CA","Passenger","1","0","1","53","54","1.851851851851851851851851852"
"2017-12-31T00:00:00.000","Charlottesville City","VA","Passenger","0","1","1","10","11","9.090909090909090909090909091"
"2017-12-31T00:00:00.000","Chelan","WA","Truck","0","0","0","22359","22359","0"
"2018-01-31T00:00:00.000","Pacific","WA","Passenger","23","14","37","15767","15804","0.2341179448240951657808149835"
"2018-01-31T00:00:00.000","Mason","WA","Passenger","86","81","167","46094","46261","0.3609952227578305700265882709"
"2018-01-31T00:00:00.000","Pierce","WA","Truck","0","0","0","141707","141707","0"
"2018-01-31T00:00:00.000","Pierce","WA","Passenger","1307","1074","2381","538829","541210","0.4399401341438628258901350677"
"2017-12-31T00:00:00.000","Columbia","WA","Truck","0","0","0","1613","1613","0"
"2017-12-31T00:00:00.000","Flathead","MT","Passenger","1","0","1","57","58","1.724137931034482758620689655"
"2018-01-31T00:00:00.000","Monterey","CA","Passenger","0","2","2","207","209","0.9569377990430622009569377990"
"2018-01-31T00:00:00.000","Ramsey","MN","Passenger","1","0","1","35","36","2.777777777777777777777777778"
"2017-12-31T00:00:00.000","Dekalb","GA","Passenger","1","0","1","84","85","1.176470588235294117647058824"
"2017-12-31T00:00:00.000","Garfield","WA","Truck","0","0","0","969","969","0"
"2018-01-31T00:00:00.000","San Diego","CA","Passenger","5","3","8","2644","2652","0.3016591251885369532428355958"
"2017-09-30T00:00:00.000","Adams","WA","Truck","0","0","0","5374","5374","0"
"2018-01-31T00:00:00.000","Riverside","CA","Passenger","0","2","2","730","732","0.2732240437158469945355191257"
"2017-12-31T00:00:00.000","Deschutes","OR","Passenger","1","0","1","168","169","0.5917159763313609467455621302"
"2017-08-31T00:00:00.000","Northampton","PA","Passenger","0","1","1","103","104","0.9615384615384615384615384615"
"2018-01-31T00:00:00.000","Okaloosa","FL","Passenger","1","0","1","177","178","0.5617977528089887640449438202"
"2018-01-31T00:00:00.000","San Juan","WA","Truck","0","0","0","5886","5886","0"
"2017-12-31T00:00:00.000","Douglas","WA","Truck","0","0","0","12146","12146","0"
"2018-01-31T00:00:00.000","Santa Clara","CA","Passenger","7","1","8","381","389","2.056555269922879177377892031"
"2018-01-31T00:00:00.000","Saratoga","NY","Passenger","0","1","1","65","66","1.515151515151515151515151515"
"2018-01-31T00:00:00.000","Saint Lucie","FL","Passenger","1","0","1","25","26","3.846153846153846153846153846"
"2017-08-31T00:00:00.000","Okanogan","NULL","Passenger","5","14","19","20036","20055","0.09473946646721515831463475443"
"2018-01-31T00:00:00.000","Ozaukee","WI","Passenger","0","1","1","3","4","25.00"
"2018-01-31T00:00:00.000","Shelby","TN","Passenger","0","1","1","112","113","0.8849557522123893805309734513"
"2018-01-31T00:00:00.000","Pacific","WA","Truck","0","0","0","7759","7759","0"
"2018-01-31T00:00:00.000","Skagit","WA","Passenger","200","157","357","91883","92240","0.3870338248048568950563746748"
"2018-01-31T00:00:00.000","Palm Beach","FL","Passenger","0","1","1","77","78","1.282051282051282051282051282"
"2018-01-31T00:00:00.000","Snohomish","WA","Passenger","2211","1191","3402","528184","531586","0.6399717073060614839367477699"
"2017-08-31T00:00:00.000","Pacific","WA","Passenger","17","10","27","15558","15585","0.1732435033686236766121270452"
"2017-12-31T00:00:00.000","El Paso","CO","Passenger","2","0","2","777","779","0.2567394094993581514762516046"
"2018-01-31T00:00:00.000","Pima","AZ","Passenger","0","1","1","395","396","0.2525252525252525252525252525"
"2017-08-31T00:00:00.000","Pend Oreille","WA","Truck","0","0","0","5873","5873","0"
"2018-01-31T00:00:00.000","Pinal","AZ","Passenger","2","0","2","183","185","1.081081081081081081081081081"
"2017-12-31T00:00:00.000","Franklin","WA","Truck","0","0","0","19200","19200","0"
"2018-01-31T00:00:00.000","Skagit","WA","Truck","1","0","1","32912","32913","0.003038313128551028468994014523"
"2018-01-31T00:00:00.000","Polk","FL","Passenger","1","0","1","63","64","1.562500"
"2017-12-31T00:00:00.000","Frederick","MD","Passenger","0","1","1","92","93","1.075268817204301075268817204"
"2017-09-30T00:00:00.000","Benton","WA","Passenger","170","158","328","132321","132649","0.2472691087004048277785735286"
"2017-12-31T00:00:00.000","Fulton","GA","Passenger","1","1","2","97","99","2.020202020202020202020202020"
"2017-12-31T00:00:00.000","Gallatin","MT","Passenger","0","1","1","58","59","1.694915254237288135593220339"
"2017-12-31T00:00:00.000","Jefferson","WA","Passenger","132","79","211","24816","25027","0.8430894633795500859072202022"
"2017-12-31T00:00:00.000","Garfield","WA","Passenger","1","0","1","1365","1366","0.07320644216691068814055636896"
"2017-12-31T00:00:00.000","Franklin","WA","Passenger","39","53","92","58317","58409","0.1575099727781677481210087487"
"2018-01-31T00:00:00.000","Virginia Beach City","VA","Passenger","1","1","2","664","666","0.3003003003003003003003003003"
"2018-01-31T00:00:00.000","Twin Falls","ID","Passenger","0","1","1","23","24","4.166666666666666666666666667"
"2017-08-31T00:00:00.000","Prince William","VA","Passenger","0","3","3","265","268","1.119402985074626865671641791"
"2017-12-31T00:00:00.000","Kent","DE","Passenger","0","1","1","70","71","1.408450704225352112676056338"
"2018-01-31T00:00:00.000","Volusia","FL","Passenger","0","1","1","32","33","3.030303030303030303030303030"
"2017-12-31T00:00:00.000","Kitsap","WA","Passenger","768","394","1162","179791","180953","0.6421556978884019607301343443"
"2018-01-31T00:00:00.000","Whitman","WA","Passenger","19","24","43","23048","23091","0.1862197392923649906890130354"
"2017-08-31T00:00:00.000","Ramsey","MN","Passenger","1","0","1","34","35","2.857142857142857142857142857"
"2017-12-31T00:00:00.000","Kitsap","WA","Truck","1","0","1","54404","54405","0.001838066354195386453450969580"
"2017-12-31T00:00:00.000","Kittitas","WA","Truck","0","0","0","14349","14349","0"
"2017-08-31T00:00:00.000","Russell","AL","Passenger","1","0","1","54","55","1.818181818181818181818181818"
"2018-01-31T00:00:00.000","Washoe","NV","Passenger","1","0","1","118","119","0.8403361344537815126050420168"
"2018-01-31T00:00:00.000","Skamania","WA","Passenger","13","8","21","8869","8890","0.2362204724409448818897637795"
"2018-02-28T00:00:00.000","Asotin","WA","Truck","0","0","0","6829","6829","0"
"2018-01-31T00:00:00.000","Sumter","FL","Passenger","0","1","1","9","10","10.0"
"2017-08-31T00:00:00.000","Skagit","WA","Passenger","154","128","282","90509","90791","0.3106034739126124836162174665"
"2017-12-31T00:00:00.000","Island","WA","Truck","0","0","0","21427","21427","0"
"2018-02-28T00:00:00.000","NULL","CA","Passenger","1","1","2","311","313","0.6389776357827476038338658147"
"2017-08-31T00:00:00.000","Skagit","WA","Truck","1","0","1","32570","32571","0.003070215836173282981793620091"
"2018-01-31T00:00:00.000","Travis","TX","Passenger","0","1","1","179","180","0.5555555555555555555555555556"
"2018-02-28T00:00:00.000","Allegheny","PA","Passenger","1","0","1","74","75","1.333333333333333333333333333"
"2017-08-31T00:00:00.000","Skamania","WA","Truck","0","0","0","4087","4087","0"
"2018-02-28T00:00:00.000","Broward","FL","Passenger","0","1","1","137","138","0.7246376811594202898550724638"
"2017-12-31T00:00:00.000","King","WA","Truck","9","1","10","190661","190671","0.005244636048481415632162206104"
"2018-01-31T00:00:00.000","Wahkiakum","WA","Passenger","2","2","4","2909","2913","0.1373154823206316512186749056"
"2018-02-28T00:00:00.000","Caddo","LA","Passenger","0","1","1","21","22","4.545454545454545454545454545"
"2017-08-31T00:00:00.000","Snohomish","WA","Truck","1","0","1","125798","125799","0.0007949188785284461720681404463"
"2017-12-31T00:00:00.000","Maui","HI","Passenger","1","0","1","69","70","1.428571428571428571428571429"
"2017-08-31T00:00:00.000","Stevens","WA","Truck","0","0","0","19130","19130","0"
"2017-09-30T00:00:00.000","Dekalb","GA","Passenger","1","0","1","82","83","1.204819277108433734939759036"
"2018-01-31T00:00:00.000","Whatcom","WA","Passenger","599","255","854","148490","149344","0.5718341547032354831797728734"
"2017-12-31T00:00:00.000","Lewis","WA","Passenger","60","48","108","58000","58108","0.1858608109038342396916087286"
"2017-12-31T00:00:00.000","Lewis","WA","Truck","0","0","0","26271","26271","0"
"2018-02-28T00:00:00.000","Columbia","WA","Truck","0","0","0","1609","1609","0"
"2018-02-28T00:00:00.000","Cook","IL","Passenger","1","0","1","279","280","0.3571428571428571428571428571"
"2017-08-31T00:00:00.000","Tarrant","TX","Passenger","1","0","1","227","228","0.4385964912280701754385964912"
"2018-02-28T00:00:00.000","Camden","GA","Passenger","0","1","1","175","176","0.5681818181818181818181818182"
"2017-12-31T00:00:00.000","Latah","ID","Passenger","0","1","1","77","78","1.282051282051282051282051282"
"2018-02-28T00:00:00.000","Dekalb","GA","Passenger","1","0","1","80","81","1.234567901234567901234567901"
"2017-08-31T00:00:00.000","Twin Falls","ID","Passenger","0","1","1","22","23","4.347826086956521739130434783"
"2017-12-31T00:00:00.000","Manassas City","VA","Passenger","0","1","1","9","10","10.0"
"2017-12-31T00:00:00.000","Manatee","FL","Passenger","1","0","1","35","36","2.777777777777777777777777778"
"2017-08-31T00:00:00.000","Virginia Beach City","VA","Passenger","1","1","2","642","644","0.3105590062111801242236024845"
"2017-12-31T00:00:00.000","Los Angeles","CA","Passenger","6","2","8","1223","1231","0.6498781478472786352558895207"
"2017-09-30T00:00:00.000","Frederick","MD","Passenger","0","1","1","87","88","1.136363636363636363636363636"
"2018-02-28T00:00:00.000","Duval","FL","Passenger","1","1","2","371","373","0.5361930294906166219839142091"
"2017-08-31T00:00:00.000","Wahkiakum","WA","Truck","0","0","0","1720","1720","0"
"2018-02-28T00:00:00.000","Ferry","WA","Truck","0","0","0","3752","3752","0"
"2017-12-31T00:00:00.000","Madison","ID","Passenger","1","0","1","39","40","2.500"
"2018-02-28T00:00:00.000","Franklin","WA","Truck","0","0","0","19273","19273","0"
"2017-12-31T00:00:00.000","Montgomery","PA","Passenger","1","0","1","33","34","2.941176470588235294117647059"
"2017-12-31T00:00:00.000","Marin","CA","Passenger","1","0","1","55","56","1.785714285714285714285714286"
"2018-02-28T00:00:00.000","District Of Columbia","DC","Passenger","0","4","4","201","205","1.951219512195121951219512195"
"2017-12-31T00:00:00.000","Multnomah","OR","Passenger","3","3","6","883","889","0.6749156355455568053993250844"
"2018-02-28T00:00:00.000","Garfield","WA","Passenger","1","0","1","1369","1370","0.07299270072992700729927007299"
"2017-08-31T00:00:00.000","Washoe","NV","Passenger","1","0","1","127","128","0.7812500"
"2018-02-28T00:00:00.000","Clark","WA","Truck","0","0","0","81043","81043","0"
"2017-12-31T00:00:00.000","Mason","WA","Passenger","85","78","163","45977","46140","0.3532726484612050281751192024"
"2018-02-28T00:00:00.000","Cowlitz","WA","Passenger","66","80","146","72492","72638","0.2009967234780693301027010656"
"2017-12-31T00:00:00.000","Okanogan","WA","Passenger","0","3","3","6468","6471","0.04636068613815484469170143718"
"2017-08-31T00:00:00.000","Whatcom","WA","Truck","2","0","2","43011","43013","0.004649757050194127356845604817"
"2018-02-28T00:00:00.000","Flathead","MT","Passenger","1","0","1","54","55","1.818181818181818181818181818"
"2017-08-31T00:00:00.000","Whitman","WA","Truck","0","0","0","8737","8737","0"
"2017-12-31T00:00:00.000","Miami-Dade","FL","Passenger","0","1","1","119","120","0.8333333333333333333333333333"
"2017-12-31T00:00:00.000","Missoula","MT","Passenger","1","0","1","62","63","1.587301587301587301587301587"
"2018-02-28T00:00:00.000","Garfield","WA","Truck","0","0","0","971","971","0"
"2017-12-31T00:00:00.000","Pierce","WA","Passenger","1280","1041","2321","537904","540225","0.4296357998981905687445046046"
"2017-12-31T00:00:00.000","Pierce","WA","Truck","0","0","0","141578","141578","0"
"2018-02-28T00:00:00.000","Dupage","IL","Passenger","1","0","1","62","63","1.587301587301587301587301587"
"2017-12-31T00:00:00.000","Monterey","CA","Passenger","0","2","2","204","206","0.9708737864077669902912621359"
"2017-12-31T00:00:00.000","Moore","NC","Passenger","0","1","1","205","206","0.4854368932038834951456310680"
"2018-02-28T00:00:00.000","Fairfax","VA","Passenger","0","3","3","820","823","0.3645200486026731470230862697"
"2017-12-31T00:00:00.000","Snohomish","WA","Passenger","2147","1148","3295","527046","530341","0.6212983721794090971657857869"
"2017-12-31T00:00:00.000","Stevens","WA","Passenger","12","23","35","32663","32698","0.1070401859440944400269129610"
"2017-12-31T00:00:00.000","Riverside","CA","Passenger","0","2","2","735","737","0.2713704206241519674355495251"
"2017-12-31T00:00:00.000","Stevens","WA","Truck","0","0","0","19292","19292","0"
"2018-02-28T00:00:00.000","Jefferson","WA","Passenger","139","85","224","24807","25031","0.8948903359833806080460229316"
"2018-02-28T00:00:00.000","Grant","WA","Passenger","34","43","77","64334","64411","0.1195447982487463321482355498"
"2017-12-31T00:00:00.000","Pacific","WA","Truck","0","0","0","7767","7767","0"
"2018-02-28T00:00:00.000","Grays Harbor","WA","Passenger","51","50","101","47020","47121","0.2143418008955667324547441693"
"2017-12-31T00:00:00.000","Saint Clair","IL","Passenger","0","1","1","167","168","0.5952380952380952380952380952"
"2017-12-31T00:00:00.000","Sumter","FL","Passenger","0","1","1","9","10","10.0"
"2017-12-31T00:00:00.000","Palm Beach","FL","Passenger","0","1","1","80","81","1.234567901234567901234567901"
"2018-02-28T00:00:00.000","Kent","DE","Passenger","0","1","1","73","74","1.351351351351351351351351351"
"2018-02-28T00:00:00.000","Guilford","NC","Passenger","1","0","1","28","29","3.448275862068965517241379310"
"2018-02-28T00:00:00.000","Kitsap","WA","Passenger","789","435","1224","180187","181411","0.6747110153188064670830324512"
"2018-02-28T00:00:00.000","Gwinnett","GA","Passenger","0","1","1","81","82","1.219512195121951219512195122"
"2018-02-28T00:00:00.000","Kitsap","WA","Truck","1","0","1","54490","54491","0.001835165440164430823438733002"
"2018-02-28T00:00:00.000","Los Angeles","CA","Passenger","6","3","9","1195","1204","0.7475083056478405315614617940"
"2018-02-28T00:00:00.000","Kittitas","WA","Truck","0","0","0","14481","14481","0"
"2017-12-31T00:00:00.000","Travis","TX","Passenger","0","1","1","182","183","0.5464480874316939890710382514"
"2018-02-28T00:00:00.000","Marin","CA","Passenger","1","0","1","54","55","1.818181818181818181818181818"
"2017-12-31T00:00:00.000","Pima","AZ","Passenger","0","1","1","395","396","0.2525252525252525252525252525"
"2017-12-31T00:00:00.000","San Juan","WA","Passenger","134","46","180","14243","14423","1.248006656035498855993898634"
"2017-12-31T00:00:00.000","Pinal","AZ","Passenger","2","0","2","186","188","1.063829787234042553191489362"
"2017-09-30T00:00:00.000","Camden","GA","Passenger","0","1","1","182","183","0.5464480874316939890710382514"
"2017-12-31T00:00:00.000","Santa Clara","CA","Passenger","7","1","8","377","385","2.077922077922077922077922078"
"2018-02-28T00:00:00.000","Missoula","MT","Passenger","1","0","1","60","61","1.639344262295081967213114754"
"2017-12-31T00:00:00.000","Polk","FL","Passenger","1","0","1","62","63","1.587301587301587301587301587"
"2018-02-28T00:00:00.000","Jefferson","WA","Truck","0","0","0","9805","9805","0"
"2017-09-30T00:00:00.000","Latah","ID","Passenger","0","1","1","89","90","1.111111111111111111111111111"
"2018-02-28T00:00:00.000","Juneau","AK","Passenger","0","1","1","36","37","2.702702702702702702702702703"
"2018-02-28T00:00:00.000","Moore","NC","Passenger","0","1","1","203","204","0.4901960784313725490196078431"
"2018-02-28T00:00:00.000","Maui","HI","Passenger","1","0","1","67","68","1.470588235294117647058823529"
"2018-02-28T00:00:00.000","Klickitat","WA","Truck","0","0","0","8344","8344","0"
"2017-12-31T00:00:00.000","Thurston","WA","Truck","0","0","0","55462","55462","0"
"2018-02-28T00:00:00.000","Nueces","TX","Passenger","1","1","2","104","106","1.886792452830188679245283019"
"2018-02-28T00:00:00.000","Okanogan","NULL","Passenger","8","15","23","20181","20204","0.1138388437933082557909324886"
"2017-09-30T00:00:00.000","Los Angeles","CA","Passenger","4","2","6","1246","1252","0.4792332268370607028753993610"
"2017-12-31T00:00:00.000","Yakima","WA","Truck","0","0","0","60585","60585","0"
"2017-12-31T00:00:00.000","Volusia","FL","Passenger","0","1","1","35","36","2.777777777777777777777777778"
"2017-09-30T00:00:00.000","Marin","CA","Passenger","1","0","1","57","58","1.724137931034482758620689655"
"2018-01-31T00:00:00.000","Ada","ID","Passenger","0","1","1","336","337","0.2967359050445103857566765579"
"2018-02-28T00:00:00.000","Palm Beach","FL","Passenger","0","1","1","77","78","1.282051282051282051282051282"
"2017-09-30T00:00:00.000","Mason","WA","Passenger","76","77","153","45295","45448","0.3366484773807428269670832600"
"2018-02-28T00:00:00.000","Ramsey","MN","Passenger","1","0","1","34","35","2.857142857142857142857142857"
"2017-09-30T00:00:00.000","Miami-Dade","FL","Passenger","0","1","1","122","123","0.8130081300813008130081300813"
"2018-01-31T00:00:00.000","NULL","WA","Truck","0","0","0","3","3","0"
"2018-01-31T00:00:00.000","Bexar","TX","Passenger","2","2","4","799","803","0.4981320049813200498132004981"
"2018-02-28T00:00:00.000","Montgomery","MD","Passenger","1","3","4","301","305","1.311475409836065573770491803"
"2018-01-31T00:00:00.000","Asotin","WA","Truck","0","0","0","6811","6811","0"
"2018-02-28T00:00:00.000","Saint Lucie","FL","Passenger","1","0","1","24","25","4.00"
"2018-02-28T00:00:00.000","San Mateo","CA","Passenger","0","1","1","139","140","0.7142857142857142857142857143"
"2017-09-30T00:00:00.000","District Of Columbia","DC","Passenger","0","3","3","212","215","1.395348837209302325581395349"
"2017-12-31T00:00:00.000","Tuolumne","CA","Passenger","0","1","1","12","13","7.692307692307692307692307692"
"2017-09-30T00:00:00.000","Okanogan","NULL","Passenger","6","14","20","20075","20095","0.09952724558347847723314257278"
"2018-02-28T00:00:00.000","Skagit","WA","Passenger","203","161","364","91831","92195","0.3948153370573241498996691795"
"2018-02-28T00:00:00.000","Snohomish","WA","Passenger","2231","1214","3445","527333","530778","0.6490472476251841636239633142"
"2018-02-28T00:00:00.000","Skagit","WA","Truck","1","0","1","32895","32896","0.003039883268482490272373540856"
"2018-02-28T00:00:00.000","Snohomish","WA","Truck","1","0","1","125514","125515","0.0007967175238019360235828387045"
"2018-01-31T00:00:00.000","Chelan","WA","Passenger","95","39","134","54645","54779","0.2446192884134431077602730974"
"2018-02-28T00:00:00.000","Stevens","WA","Passenger","12","23","35","32614","32649","0.1072008331036172623970106282"
"2017-09-30T00:00:00.000","Palm Beach","FL","Passenger","0","1","1","86","87","1.149425287356321839080459770"
"2018-02-28T00:00:00.000","Stevens","WA","Truck","0","0","0","19319","19319","0"
"2017-09-30T00:00:00.000","Franklin","OH","Passenger","0","1","1","113","114","0.8771929824561403508771929825"
"2017-12-31T00:00:00.000","Walla Walla","WA","Truck","0","0","0","13800","13800","0"
"2018-01-31T00:00:00.000","Chelan","WA","Truck","0","0","0","22413","22413","0"
"2018-02-28T00:00:00.000","Sumter","FL","Passenger","0","1","1","9","10","10.0"
"2017-09-30T00:00:00.000","Garfield","WA","Truck","0","0","0","969","969","0"
"2018-01-31T00:00:00.000","Clark","WA","Truck","0","0","0","81084","81084","0"
"2018-01-31T00:00:00.000","Cook","IL","Passenger","1","0","1","278","279","0.3584229390681003584229390681"
"2017-09-30T00:00:00.000","Pinal","AZ","Passenger","2","0","2","201","203","0.9852216748768472906403940887"
"2018-01-31T00:00:00.000","Clay","FL","Passenger","0","1","1","101","102","0.9803921568627450980392156863"
"2018-02-28T00:00:00.000","Santa Fe","NM","Passenger","0","1","1","41","42","2.380952380952380952380952381"
"2018-02-28T00:00:00.000","Travis","TX","Passenger","0","1","1","180","181","0.5524861878453038674033149171"
"2018-02-28T00:00:00.000","Saratoga","NY","Passenger","0","1","1","64","65","1.538461538461538461538461538"
"2017-09-30T00:00:00.000","Ramsey","MN","Passenger","1","0","1","35","36","2.777777777777777777777777778"
"2018-02-28T00:00:00.000","Tuolumne","CA","Passenger","0","1","1","12","13","7.692307692307692307692307692"
"2018-02-28T00:00:00.000","Spokane","WA","Passenger","343","298","641","307601","308242","0.2079534910881709825396928387"
"2018-01-31T00:00:00.000","Fairfax City","VA","Passenger","1","0","1","10","11","9.090909090909090909090909091"
"2018-01-31T00:00:00.000","Cowlitz","WA","Passenger","66","79","145","72532","72677","0.1995129133013195371300411409"
"2018-02-28T00:00:00.000","Yakima","WA","Truck","0","0","0","60675","60675","0"
"2018-01-31T00:00:00.000","Cowlitz","WA","Truck","0","0","0","29151","29151","0"
"2017-09-30T00:00:00.000","Jefferson","WA","Passenger","121","70","191","24550","24741","0.7719978982256173962248898589"
"2018-03-31T00:00:00.000","Ada","ID","Passenger","0","2","2","324","326","0.6134969325153374233128834356"
"2018-03-31T00:00:00.000","Alameda","CA","Passenger","0","1","1","344","345","0.2898550724637681159420289855"
"2018-02-28T00:00:00.000","Washoe","NV","Passenger","1","0","1","115","116","0.8620689655172413793103448276"
"2018-01-31T00:00:00.000","Garfield","WA","Passenger","1","0","1","1373","1374","0.07278020378457059679767103348"
"2018-02-28T00:00:00.000","Utah","UT","Passenger","0","1","1","130","131","0.7633587786259541984732824427"
"2018-01-31T00:00:00.000","Glacier","MT","Passenger","0","1","1","4","5","20.0"
"2018-02-28T00:00:00.000","Ventura","CA","Passenger","0","1","1","335","336","0.2976190476190476190476190476"
"2018-01-31T00:00:00.000","Douglas","WA","Truck","0","0","0","12177","12177","0"
"2017-09-30T00:00:00.000","Kitsap","WA","Passenger","716","361","1077","178261","179338","0.6005419933310285605950774515"
"2018-02-28T00:00:00.000","Yakima","WA","Passenger","75","86","161","167133","167294","0.09623776106734252274439011560"
"2018-03-31T00:00:00.000","Bexar","TX","Passenger","2","2","4","768","772","0.5181347150259067357512953368"
"2017-09-30T00:00:00.000","Kittitas","WA","Passenger","36","21","57","28800","28857","0.1975257303253976504834182347"
"2018-02-28T00:00:00.000","Whitman","WA","Passenger","19","24","43","23086","23129","0.1859137878853387522158329370"
"2018-01-31T00:00:00.000","El Paso","TX","Passenger","1","0","1","541","542","0.1845018450184501845018450185"
"2017-09-30T00:00:00.000","Skagit","WA","Truck","1","0","1","32616","32617","0.003065885887727258791427783058"
"2018-03-31T00:00:00.000","Canyon","ID","Passenger","0","1","1","85","86","1.162790697674418604651162791"
"2017-09-30T00:00:00.000","Snohomish","WA","Truck","1","0","1","125697","125698","0.0007955576063262740855065315279"
"2018-03-31T00:00:00.000","Chelan","WA","Truck","0","0","0","22448","22448","0"
"2017-09-30T00:00:00.000","Lincoln","WA","Passenger","4","7","11","7827","7838","0.1403419239601939270221995407"
"2018-03-31T00:00:00.000","Alexandria City","VA","Passenger","2","0","2","167","169","1.183431952662721893491124260"
"2018-01-31T00:00:00.000","Fulton","GA","Passenger","1","1","2","96","98","2.040816326530612244897959184"
"2018-03-31T00:00:00.000","Clark","WA","Truck","0","0","0","81106","81106","0"
"2018-03-31T00:00:00.000","Caddo","LA","Passenger","0","1","1","21","22","4.545454545454545454545454545"
"2018-03-31T00:00:00.000","Clay","FL","Passenger","0","1","1","97","98","1.020408163265306122448979592"
"2018-01-31T00:00:00.000","Grant","WA","Passenger","32","41","73","64314","64387","0.1133769239132122944072561231"
"2018-01-31T00:00:00.000","Grant","WA","Truck","0","0","0","26761","26761","0"
"2018-01-31T00:00:00.000","Grays Harbor","WA","Passenger","51","48","99","47097","47196","0.2097635392829900839054157132"
"2017-09-30T00:00:00.000","Mason","WA","Truck","0","0","0","20119","20119","0"
"2017-09-30T00:00:00.000","Maui","HI","Passenger","1","0","1","72","73","1.369863013698630136986301370"
"2018-01-31T00:00:00.000","Clark","WA","Passenger","966","633","1599","311617","313216","0.5105103187576624438087454025"
"2018-01-31T00:00:00.000","Miami-Dade","FL","Passenger","0","1","1","116","117","0.8547008547008547008547008547"
"2018-03-31T00:00:00.000","Cowlitz","WA","Passenger","66","79","145","72758","72903","0.1988944213544024251402548592"
"2018-03-31T00:00:00.000","Charles","MD","Passenger","0","1","1","82","83","1.204819277108433734939759036"
"2018-03-31T00:00:00.000","Cowlitz","WA","Truck","0","0","0","29194","29194","0"
"2018-01-31T00:00:00.000","Missoula","MT","Passenger","1","0","1","61","62","1.612903225806451612903225806"
"2018-01-31T00:00:00.000","Hamilton","IN","Passenger","1","0","1","48","49","2.040816326530612244897959184"
"2018-03-31T00:00:00.000","Chelan","WA","Passenger","97","41","138","54731","54869","0.2515081375640161111009859848"
"2018-03-31T00:00:00.000","Camden","GA","Passenger","0","1","1","175","176","0.5681818181818181818181818182"
"2018-01-31T00:00:00.000","Moore","NC","Passenger","0","1","1","205","206","0.4854368932038834951456310680"
"2018-01-31T00:00:00.000","Hardin","KY","Passenger","0","1","1","123","124","0.8064516129032258064516129032"
"2017-09-30T00:00:00.000","Washoe","NV","Passenger","1","0","1","124","125","0.800"
"2018-03-31T00:00:00.000","El Paso","TX","Passenger","1","0","1","545","546","0.1831501831501831501831501832"
"2018-03-31T00:00:00.000","Clallam","WA","Truck","0","0","0","21937","21937","0"
"2018-03-31T00:00:00.000","Clark","WA","Passenger","1014","676","1690","312206","313896","0.5383948823814256951346942937"
"2018-03-31T00:00:00.000","Fulton","GA","Passenger","1","1","2","89","91","2.197802197802197802197802198"
"2018-03-31T00:00:00.000","Columbia","GA","Passenger","1","1","2","164","166","1.204819277108433734939759036"
"2018-01-31T00:00:00.000","Island","WA","Truck","0","0","0","21457","21457","0"
"2018-03-31T00:00:00.000","Columbia","WA","Passenger","2","1","3","2466","2469","0.1215066828675577156743620899"
"2017-10-31T00:00:00.000","NULL","CA","Passenger","1","1","2","318","320","0.62500"
"2018-01-31T00:00:00.000","El Paso","CO","Passenger","2","0","2","772","774","0.2583979328165374677002583979"
"2018-03-31T00:00:00.000","Grant","WA","Passenger","35","46","81","64592","64673","0.1252454656502713651755755880"
"2018-03-31T00:00:00.000","Grant","WA","Truck","0","0","0","26847","26847","0"
"2018-01-31T00:00:00.000","Pend Oreille","WA","Passenger","5","4","9","9839","9848","0.09138911454102355808285946385"
"2018-03-31T00:00:00.000","Grays Harbor","WA","Passenger","55","53","108","47177","47285","0.2284022417257058263719995770"
"2018-03-31T00:00:00.000","Dekalb","IN","Passenger","1","0","1","1","2","50.0"
"2017-10-31T00:00:00.000","Allegheny","PA","Passenger","1","0","1","83","84","1.190476190476190476190476190"
"2018-03-31T00:00:00.000","Douglas","WA","Truck","0","0","0","12229","12229","0"
"2017-09-30T00:00:00.000","Pend Oreille","WA","Truck","0","0","0","5879","5879","0"
"2018-01-31T00:00:00.000","Kent","MI","Passenger","0","1","1","33","34","2.941176470588235294117647059"
"2018-01-31T00:00:00.000","Franklin","OH","Passenger","0","1","1","113","114","0.8771929824561403508771929825"
"2018-03-31T00:00:00.000","Douglas","OR","Passenger","1","0","1","55","56","1.785714285714285714285714286"
"2018-03-31T00:00:00.000","Hardin","KY","Passenger","0","1","1","120","121","0.8264462809917355371900826446"
"2018-01-31T00:00:00.000","King","WA","Passenger","12055","5189","17244","1394735","1411979","1.221264622207554078353856538"
"2018-01-31T00:00:00.000","Sacramento","CA","Passenger","1","0","1","312","313","0.3194888178913738019169329073"
"2018-01-31T00:00:00.000","King","WA","Truck","9","1","10","190367","190377","0.005252735361939730114457103537"
"2018-03-31T00:00:00.000","Franklin","WA","Truck","0","0","0","19304","19304","0"
"2018-01-31T00:00:00.000","Klickitat","WA","Truck","0","0","0","8305","8305","0"
"2018-03-31T00:00:00.000","Ferry","WA","Passenger","2","3","5","4587","4592","0.1088850174216027874564459930"
"2018-01-31T00:00:00.000","Garfield","WA","Truck","0","0","0","974","974","0"
"2018-03-31T00:00:00.000","Gallatin","MT","Passenger","0","1","1","59","60","1.666666666666666666666666667"
"2018-01-31T00:00:00.000","Larimer","CO","Passenger","0","1","1","59","60","1.666666666666666666666666667"
"2018-01-31T00:00:00.000","Santa Fe","NM","Passenger","0","1","1","42","43","2.325581395348837209302325581"
"2017-09-30T00:00:00.000","Riley","KS","Passenger","1","0","1","92","93","1.075268817204301075268817204"
"2018-03-31T00:00:00.000","Island","WA","Truck","0","0","0","21491","21491","0"
"2017-09-30T00:00:00.000","Russell","AL","Passenger","1","0","1","53","54","1.851851851851851851851851852"
"2018-01-31T00:00:00.000","Lewis","WA","Passenger","58","51","109","58202","58311","0.1869287098489135840578964518"
"2018-03-31T00:00:00.000","Grays Harbor","WA","Truck","0","0","0","20743","20743","0"
"2018-03-31T00:00:00.000","Hamilton","IN","Passenger","1","0","1","44","45","2.222222222222222222222222222"
"2018-03-31T00:00:00.000","Kent","MI","Passenger","0","1","1","32","33","3.030303030303030303030303030"
"2017-09-30T00:00:00.000","Sacramento","CA","Passenger","1","0","1","340","341","0.2932551319648093841642228739"
"2018-03-31T00:00:00.000","Hamilton","TN","Passenger","1","0","1","19","20","5.00"
"2018-03-31T00:00:00.000","King","WA","Passenger","12426","5454","17880","1390897","1408777","1.269185967686865983757542890"
"2018-03-31T00:00:00.000","King","WA","Truck","8","1","9","189140","189149","0.004758153624920036584914538274"
"2018-01-31T00:00:00.000","Stevens","WA","Passenger","12","24","36","32711","32747","0.1099337343878828594985800226"
"2018-03-31T00:00:00.000","Klickitat","WA","Truck","0","0","0","8347","8347","0"
"2017-09-30T00:00:00.000","Santa Rosa","FL","Passenger","1","0","1","101","102","0.9803921568627450980392156863"
"2018-01-31T00:00:00.000","Tuolumne","CA","Passenger","0","1","1","12","13","7.692307692307692307692307692"
"2018-03-31T00:00:00.000","Larimer","CO","Passenger","0","1","1","56","57","1.754385964912280701754385965"
"2018-01-31T00:00:00.000","Jefferson","WA","Passenger","136","85","221","24862","25083","0.8810748315592233783837658972"
"2018-01-31T00:00:00.000","Utah","UT","Passenger","0","1","1","132","133","0.7518796992481203007518796992"
"2018-03-31T00:00:00.000","Lewis","WA","Passenger","61","55","116","58519","58635","0.1978340581563912339046644496"
"2017-09-30T00:00:00.000","Snohomish","WA","Passenger","2022","1069","3091","524505","527596","0.5858649421147999605758951925"
"2018-03-31T00:00:00.000","Jefferson","NY","Passenger","1","0","1","247","248","0.4032258064516129032258064516"
"2018-01-31T00:00:00.000","Klickitat","WA","Passenger","27","28","55","15349","15404","0.3570501168527655154505323293"
"2018-01-31T00:00:00.000","Oklahoma","OK","Passenger","0","1","1","123","124","0.8064516129032258064516129032"
"2018-03-31T00:00:00.000","Kittitas","WA","Passenger","43","30","73","29516","29589","0.2467133056203318800905741999"
"2018-01-31T00:00:00.000","Yakima","WA","Truck","0","0","0","60671","60671","0"
"2018-03-31T00:00:00.000","Lane","OR","Passenger","0","1","1","187","188","0.5319148936170212765957446809"
"2017-09-30T00:00:00.000","Stevens","WA","Passenger","10","24","34","32657","32691","0.1040041601664066562662506500"
"2017-09-30T00:00:00.000","Stevens","WA","Truck","0","0","0","19171","19171","0"
"2018-01-31T00:00:00.000","Lincoln","WA","Passenger","4","6","10","7852","7862","0.1271940981938438056474179598"
"2018-02-28T00:00:00.000","NULL","NULL","Passenger","9","2","11","2318","2329","0.4723057106054100472305710605"
"2018-03-31T00:00:00.000","Klickitat","WA","Passenger","29","29","58","15382","15440","0.3756476683937823834196891192"
"2018-02-28T00:00:00.000","Adams","WA","Passenger","5","4","9","12903","12912","0.06970260223048327137546468401"
"2018-03-31T00:00:00.000","Maricopa","AZ","Passenger","2","1","3","1430","1433","0.2093510118632240055826936497"
"2018-02-28T00:00:00.000","Anne Arundel","MD","Passenger","0","2","2","490","492","0.4065040650406504065040650407"
"2018-02-28T00:00:00.000","Arlington","VA","Passenger","1","2","3","166","169","1.775147928994082840236686391"
"2018-03-31T00:00:00.000","Montgomery","PA","Passenger","1","0","1","28","29","3.448275862068965517241379310"
"2018-03-31T00:00:00.000","Marion","IN","Passenger","1","0","1","119","120","0.8333333333333333333333333333"
"2018-02-28T00:00:00.000","Asotin","WA","Passenger","8","5","13","12885","12898","0.1007908202822142967902000310"
"2018-01-31T00:00:00.000","Prince William","VA","Passenger","0","4","4","267","271","1.476014760147601476014760148"
"2017-09-30T00:00:00.000","Tuolumne","CA","Passenger","0","1","1","12","13","7.692307692307692307692307692"
"2018-03-31T00:00:00.000","Maui","HI","Passenger","1","0","1","65","66","1.515151515151515151515151515"
"2018-03-31T00:00:00.000","Madison","ID","Passenger","1","0","1","38","39","2.564102564102564102564102564"
"2018-03-31T00:00:00.000","Oklahoma","OK","Passenger","0","1","1","123","124","0.8064516129032258064516129032"
"2018-01-31T00:00:00.000","Saint Clair","IL","Passenger","0","1","1","166","167","0.5988023952095808383233532934"
"2017-10-31T00:00:00.000","Dekalb","GA","Passenger","1","0","1","84","85","1.176470588235294117647058824"
"2018-02-28T00:00:00.000","Canyon","ID","Passenger","0","1","1","86","87","1.149425287356321839080459770"
"2018-03-31T00:00:00.000","New Castle","DE","Passenger","1","0","1","27","28","3.571428571428571428571428571"
"2018-01-31T00:00:00.000","Sangamon","IL","Passenger","1","0","1","11","12","8.333333333333333333333333333"
"2018-03-31T00:00:00.000","Norfolk City","VA","Passenger","2","2","4","344","348","1.149425287356321839080459770"
"2018-03-31T00:00:00.000","Monterey","CA","Passenger","0","2","2","200","202","0.9900990099009900990099009901"
"2017-09-30T00:00:00.000","Whitman","WA","Truck","0","0","0","8723","8723","0"
"2018-03-31T00:00:00.000","Prince William","VA","Passenger","0","4","4","262","266","1.503759398496240601503759398"
"2018-03-31T00:00:00.000","Northampton","PA","Passenger","0","1","1","67","68","1.470588235294117647058823529"
"2018-03-31T00:00:00.000","Moore","NC","Passenger","0","1","1","203","204","0.4901960784313725490196078431"
"2018-01-31T00:00:00.000","Skamania","WA","Truck","0","0","0","4098","4098","0"
"2018-03-31T00:00:00.000","Orange","FL","Passenger","2","1","3","171","174","1.724137931034482758620689655"
"2018-01-31T00:00:00.000","Spokane","WA","Passenger","337","291","628","307876","308504","0.2035630008038793662318802998"
"2018-01-31T00:00:00.000","Spokane","WA","Truck","1","0","1","95239","95240","0.001049979000419991600167996640"
"2018-03-31T00:00:00.000","Saint Clair","IL","Passenger","0","1","1","160","161","0.6211180124223602484472049689"
"2018-02-28T00:00:00.000","Dallas","TX","Passenger","0","1","1","174","175","0.5714285714285714285714285714"
"2018-03-31T00:00:00.000","Pacific","WA","Passenger","23","19","42","15761","15803","0.2657723217110675188255394545"
"2017-10-31T00:00:00.000","Franklin","WA","Truck","0","0","0","19024","19024","0"
"2018-03-31T00:00:00.000","Pend Oreille","WA","Truck","0","0","0","5961","5961","0"
"2018-03-31T00:00:00.000","Pacific","WA","Truck","0","0","0","7799","7799","0"
"2018-03-31T00:00:00.000","Sangamon","IL","Passenger","1","0","1","11","12","8.333333333333333333333333333"
"2018-03-31T00:00:00.000","Pima","AZ","Passenger","0","1","1","394","395","0.2531645569620253164556962025"
"2018-01-31T00:00:00.000","Tarrant","TX","Passenger","1","0","1","214","215","0.4651162790697674418604651163"
"2017-10-31T00:00:00.000","Gallatin","MT","Passenger","0","1","1","60","61","1.639344262295081967213114754"
"2018-01-31T00:00:00.000","Riley","KS","Passenger","1","0","1","90","91","1.098901098901098901098901099"
"2018-03-31T00:00:00.000","Polk","FL","Passenger","1","0","1","63","64","1.562500"
"2017-10-31T00:00:00.000","Garfield","WA","Truck","0","0","0","972","972","0"
"2018-01-31T00:00:00.000","Thurston","WA","Passenger","561","440","1001","194543","195544","0.5119052489465286585116393241"
"2018-03-31T00:00:00.000","Skamania","WA","Truck","0","0","0","4109","4109","0"
"2018-03-31T00:00:00.000","Spokane","WA","Passenger","343","308","651","308281","308932","0.2107259850064091774241580671"
"2018-01-31T00:00:00.000","Russell","AL","Passenger","1","0","1","51","52","1.923076923076923076923076923"
"2018-03-31T00:00:00.000","Spokane","WA","Truck","1","0","1","95401","95402","0.001048196054590050523049831240"
"2018-02-28T00:00:00.000","Franklin","WA","Passenger","41","54","95","58444","58539","0.1622849724115546900357026939"
"2018-01-31T00:00:00.000","Ventura","CA","Passenger","0","1","1","332","333","0.3003003003003003003003003003"
"2018-02-28T00:00:00.000","Frederick","MD","Passenger","0","1","1","95","96","1.041666666666666666666666667"
"2018-01-31T00:00:00.000","Walla Walla","WA","Truck","0","0","0","13831","13831","0"
"2018-02-28T00:00:00.000","Gallatin","MT","Passenger","0","1","1","61","62","1.612903225806451612903225806"
"2018-03-31T00:00:00.000","San Diego","CA","Passenger","5","3","8","2631","2639","0.3031451307313376278893520273"
"2018-03-31T00:00:00.000","Russell","AL","Passenger","1","0","1","50","51","1.960784313725490196078431373"
"2018-03-31T00:00:00.000","Tarrant","TX","Passenger","1","0","1","210","211","0.4739336492890995260663507109"
"2017-10-31T00:00:00.000","Hamilton","TN","Passenger","1","0","1","19","20","5.00"
"2018-01-31T00:00:00.000","San Juan","WA","Passenger","139","49","188","14320","14508","1.295836779707747449682933554"
"2018-03-31T00:00:00.000","San Juan","WA","Truck","0","0","0","5885","5885","0"
"2018-03-31T00:00:00.000","Thurston","WA","Passenger","595","464","1059","194844","195903","0.5405736512457695900522197210"
"2018-01-31T00:00:00.000","Whatcom","WA","Truck","1","0","1","43333","43334","0.002307656805279918770480454147"
"2018-03-31T00:00:00.000","San Juan","WA","Passenger","143","53","196","14321","14517","1.350141213749397258386719019"
"2018-02-28T00:00:00.000","Hamilton","TN","Passenger","1","0","1","19","20","5.00"
"2018-03-31T00:00:00.000","Shelby","TN","Passenger","0","1","1","110","111","0.9009009009009009009009009009"
"2018-03-31T00:00:00.000","San Mateo","CA","Passenger","1","1","2","136","138","1.449275362318840579710144928"
"2018-01-31T00:00:00.000","San Mateo","CA","Passenger","0","1","1","143","144","0.6944444444444444444444444444"
"2018-03-31T00:00:00.000","Ventura","CA","Passenger","0","1","1","330","331","0.3021148036253776435045317221"
"2018-02-28T00:00:00.000","Hardin","KY","Passenger","0","1","1","119","120","0.8333333333333333333333333333"
"2018-03-31T00:00:00.000","Skagit","WA","Passenger","208","171","379","91942","92321","0.4105241494351231030859717724"
"2018-02-28T00:00:00.000","NULL","WA","Truck","0","0","0","3","3","0"
"2018-03-31T00:00:00.000","Skamania","WA","Passenger","14","8","22","8931","8953","0.2457276890427789567742656093"
"2018-02-28T00:00:00.000","Honolulu","HI","Passenger","3","1","4","547","551","0.7259528130671506352087114338"
"2018-01-31T00:00:00.000","Snohomish","WA","Truck","1","0","1","125764","125765","0.0007951337812586967757325169960"
"2018-03-31T00:00:00.000","Whatcom","WA","Truck","2","0","2","43306","43308","0.004618084418583171700378682922"
"2017-10-31T00:00:00.000","Clark","WA","Truck","0","0","0","80609","80609","0"
"2018-03-31T00:00:00.000","Virginia Beach City","VA","Passenger","1","1","2","665","667","0.2998500749625187406296851574"
"2018-03-31T00:00:00.000","Wahkiakum","WA","Truck","0","0","0","1723","1723","0"
"2018-03-31T00:00:00.000","Thurston","WA","Truck","0","0","0","55654","55654","0"
"2018-01-31T00:00:00.000","Stevens","WA","Truck","0","0","0","19304","19304","0"
"2017-10-31T00:00:00.000","Jefferson","WA","Passenger","126","73","199","24624","24823","0.8016758651250856060911251662"
"2018-04-30T00:00:00.000","Allegheny","PA","Passenger","1","0","1","70","71","1.408450704225352112676056338"
"2018-03-31T00:00:00.000","Washtenaw","MI","Passenger","1","0","1","36","37","2.702702702702702702702702703"
"2018-02-28T00:00:00.000","King","WA","Truck","9","1","10","189614","189624","0.005273594059823651014639497110"
"2018-03-31T00:00:00.000","Wahkiakum","WA","Passenger","3","2","5","2928","2933","0.1704739174906239345380156836"
"2018-02-28T00:00:00.000","Benton","WA","Truck","0","0","0","42128","42128","0"
"2017-10-31T00:00:00.000","Kent","DE","Passenger","0","1","1","70","71","1.408450704225352112676056338"
"2017-10-31T00:00:00.000","Columbia","WA","Truck","0","0","0","1615","1615","0"
"2018-03-31T00:00:00.000","Walla Walla","WA","Truck","0","0","0","13817","13817","0"
"2018-01-31T00:00:00.000","Thurston","WA","Truck","0","0","0","55570","55570","0"
"2017-10-31T00:00:00.000","Cowlitz","WA","Passenger","64","75","139","71998","72137","0.1926889113769632782067454981"
"2018-02-28T00:00:00.000","Larimer","CO","Passenger","0","1","1","58","59","1.694915254237288135593220339"
"2017-10-31T00:00:00.000","Kittitas","WA","Truck","0","0","0","14234","14234","0"
"2018-02-28T00:00:00.000","Latah","ID","Passenger","0","1","1","75","76","1.315789473684210526315789474"
"2018-03-31T00:00:00.000","Whatcom","WA","Passenger","627","278","905","148976","149881","0.6038123578038577271301899507"
"2018-03-31T00:00:00.000","Whitman","WA","Truck","0","0","0","8740","8740","0"
"2017-10-31T00:00:00.000","Dallas","TX","Passenger","0","1","1","174","175","0.5714285714285714285714285714"
"2018-04-30T00:00:00.000","Ada","ID","Passenger","0","2","2","316","318","0.6289308176100628930817610063"
"2018-02-28T00:00:00.000","Lewis","WA","Truck","0","0","0","26223","26223","0"
"2018-04-30T00:00:00.000","Alameda","CA","Passenger","0","1","1","342","343","0.2915451895043731778425655977"
"2018-03-31T00:00:00.000","Yakima","WA","Passenger","77","88","165","167586","167751","0.09836006938855804138276373911"
"2018-02-28T00:00:00.000","Liberty","GA","Passenger","1","0","1","148","149","0.6711409395973154362416107383"
"2018-04-30T00:00:00.000","Camden","GA","Passenger","0","1","1","172","173","0.5780346820809248554913294798"
"2018-04-30T00:00:00.000","NULL","CA","Passenger","1","1","2","316","318","0.6289308176100628930817610063"
"2018-02-28T00:00:00.000","Madison","ID","Passenger","1","0","1","38","39","2.564102564102564102564102564"
"2018-02-28T00:00:00.000","Charles","MD","Passenger","0","1","1","82","83","1.204819277108433734939759036"
"2018-04-30T00:00:00.000","Bexar","TX","Passenger","2","2","4","757","761","0.5256241787122207621550591327"
"2018-04-30T00:00:00.000","Arlington","VA","Passenger","1","2","3","168","171","1.754385964912280701754385965"
"2017-10-31T00:00:00.000","Los Angeles","CA","Passenger","4","2","6","1233","1239","0.4842615012106537530266343826"
"2018-01-31T00:00:00.000","Whitman","WA","Truck","0","0","0","8757","8757","0"
"2018-02-28T00:00:00.000","Manatee","FL","Passenger","1","0","1","34","35","2.857142857142857142857142857"
"2018-04-30T00:00:00.000","Broward","FL","Passenger","0","1","1","129","130","0.7692307692307692307692307692"
"2017-10-31T00:00:00.000","Madison","ID","Passenger","1","0","1","37","38","2.631578947368421052631578947"
"2018-02-28T00:00:00.000","Clallam","WA","Truck","0","0","0","21919","21919","0"
"2018-02-28T00:00:00.000","Clark","WA","Passenger","982","649","1631","311585","313216","0.5207269105026563138536984062"
"2018-04-30T00:00:00.000","Columbia","WA","Passenger","2","1","3","2468","2471","0.1214083367057871307163091866"
"2018-02-28T00:00:00.000","Alexandria City","VA","Passenger","2","0","2","169","171","1.169590643274853801169590643"
"2017-10-31T00:00:00.000","Marin","CA","Passenger","1","0","1","55","56","1.785714285714285714285714286"
"2017-10-31T00:00:00.000","Grant","WA","Passenger","22","38","60","63658","63718","0.09416491415298659719388555824"
"2017-10-31T00:00:00.000","Grays Harbor","WA","Passenger","45","47","92","46517","46609","0.1973867707953399558025274089"
"2018-02-28T00:00:00.000","Monterey","CA","Passenger","0","2","2","203","205","0.9756097560975609756097560976"
"2018-04-30T00:00:00.000","Dekalb","GA","Passenger","1","0","1","79","80","1.2500"
"2018-02-28T00:00:00.000","Montgomery","PA","Passenger","1","0","1","28","29","3.448275862068965517241379310"
"2018-02-28T00:00:00.000","Dakota","MN","Passenger","0","1","1","33","34","2.941176470588235294117647059"
"2018-04-30T00:00:00.000","Clark","NV","Passenger","1","1","2","714","716","0.2793296089385474860335195531"
"2018-02-28T00:00:00.000","Multnomah","OR","Passenger","3","4","7","838","845","0.8284023668639053254437869822"
"2017-10-31T00:00:00.000","Hamilton","IN","Passenger","1","0","1","54","55","1.818181818181818181818181818"
"2018-04-30T00:00:00.000","Clackamas","OR","Passenger","0","1","1","216","217","0.4608294930875576036866359447"
"2018-04-30T00:00:00.000","Cowlitz","WA","Truck","0","0","0","29207","29207","0"
"2017-10-31T00:00:00.000","Hardin","KY","Passenger","0","1","1","122","123","0.8130081300813008130081300813"
"2018-04-30T00:00:00.000","Douglas","OR","Passenger","1","0","1","54","55","1.818181818181818181818181818"
"2018-04-30T00:00:00.000","Dale","AL","Passenger","0","1","1","70","71","1.408450704225352112676056338"
"2018-02-28T00:00:00.000","Okaloosa","FL","Passenger","1","0","1","176","177","0.5649717514124293785310734463"
"2018-04-30T00:00:00.000","Dupage","IL","Passenger","1","0","1","60","61","1.639344262295081967213114754"
"2017-10-31T00:00:00.000","Monterey","CA","Passenger","0","2","2","204","206","0.9708737864077669902912621359"
"2018-02-28T00:00:00.000","Okanogan","WA","Truck","0","0","0","4372","4372","0"
"2018-02-28T00:00:00.000","Oklahoma","OK","Passenger","0","1","1","125","126","0.7936507936507936507936507937"
"2018-02-28T00:00:00.000","Douglas","WA","Passenger","44","33","77","27959","28036","0.2746468825795405906691396776"
"2018-02-28T00:00:00.000","Brevard","FL","Passenger","0","1","1","92","93","1.075268817204301075268817204"
"2018-04-30T00:00:00.000","Dallas","TX","Passenger","0","1","1","176","177","0.5649717514124293785310734463"
"2018-02-28T00:00:00.000","Ozaukee","WI","Passenger","0","1","1","3","4","25.00"
"2018-04-30T00:00:00.000","District Of Columbia","DC","Passenger","0","4","4","200","204","1.960784313725490196078431373"
"2018-02-28T00:00:00.000","Fairfax City","VA","Passenger","1","0","1","10","11","9.090909090909090909090909091"
"2018-04-30T00:00:00.000","El Paso","TX","Passenger","1","0","1","539","540","0.1851851851851851851851851852"
"2018-04-30T00:00:00.000","Deschutes","OR","Passenger","1","0","1","158","159","0.6289308176100628930817610063"
"2018-02-28T00:00:00.000","Pierce","WA","Truck","0","0","0","141552","141552","0"
"2018-02-28T00:00:00.000","Pinal","AZ","Passenger","2","0","2","184","186","1.075268817204301075268817204"
"2017-10-31T00:00:00.000","Jefferson","WA","Truck","0","0","0","9732","9732","0"
"2018-04-30T00:00:00.000","Gwinnett","GA","Passenger","0","1","1","81","82","1.219512195121951219512195122"
"2017-10-31T00:00:00.000","Palm Beach","FL","Passenger","0","1","1","86","87","1.149425287356321839080459770"
"2018-02-28T00:00:00.000","Glacier","MT","Passenger","0","1","1","4","5","20.0"
"2018-04-30T00:00:00.000","Fulton","GA","Passenger","1","1","2","89","91","2.197802197802197802197802198"
"2018-04-30T00:00:00.000","Garfield","WA","Passenger","1","0","1","1373","1374","0.07278020378457059679767103348"
"2018-04-30T00:00:00.000","Garfield","WA","Truck","0","0","0","980","980","0"
"2017-10-31T00:00:00.000","Kent","MI","Passenger","0","1","1","33","34","2.941176470588235294117647059"
"2018-02-28T00:00:00.000","Riverside","CA","Passenger","0","2","2","721","723","0.2766251728907330567081604426"
"2017-10-31T00:00:00.000","King","WA","Truck","8","1","9","191370","191379","0.004702710328719451977489693227"
"2018-04-30T00:00:00.000","Grant","WA","Truck","0","0","0","26948","26948","0"
"2017-10-31T00:00:00.000","Klickitat","WA","Truck","0","0","0","8317","8317","0"
"2018-02-28T00:00:00.000","Columbia","WA","Passenger","2","1","3","2465","2468","0.1215559157212317666126418152"
"2018-04-30T00:00:00.000","Jackson","OK","Passenger","1","0","1","44","45","2.222222222222222222222222222"
"2018-02-28T00:00:00.000","Santa Clara","CA","Passenger","7","1","8","372","380","2.105263157894736842105263158"
"2018-04-30T00:00:00.000","Jefferson","WA","Passenger","145","94","239","24830","25069","0.9533687023814272607603015677"
"2018-04-30T00:00:00.000","Jefferson","WA","Truck","0","0","0","9808","9808","0"
"2018-02-28T00:00:00.000","Island","WA","Passenger","183","180","363","63253","63616","0.5706111670020120724346076459"
"2017-10-31T00:00:00.000","Larimer","CO","Passenger","0","1","1","64","65","1.538461538461538461538461538"
"2018-04-30T00:00:00.000","Juneau","AK","Passenger","0","1","1","40","41","2.439024390243902439024390244"
"2018-02-28T00:00:00.000","Jefferson","NY","Passenger","1","0","1","248","249","0.4016064257028112449799196787"
"2018-04-30T00:00:00.000","Kent","DE","Passenger","0","1","1","74","75","1.333333333333333333333333333"
"2018-02-28T00:00:00.000","Douglas","OR","Passenger","1","0","1","55","56","1.785714285714285714285714286"
"2017-10-31T00:00:00.000","San Juan","WA","Passenger","127","43","170","14161","14331","1.186239620403321470937129300"
"2018-04-30T00:00:00.000","Kitsap","WA","Truck","1","0","1","54594","54595","0.001831669566810147449400128217"
"2018-04-30T00:00:00.000","Klamath","OR","Passenger","1","0","1","25","26","3.846153846153846153846153846"
"2018-04-30T00:00:00.000","Kitsap","WA","Passenger","819","458","1277","180936","182213","0.7008281516686515232173335602"
"2017-10-31T00:00:00.000","San Mateo","CA","Passenger","0","1","1","150","151","0.6622516556291390728476821192"
"2018-04-30T00:00:00.000","Kootenai","ID","Passenger","0","1","1","209","210","0.4761904761904761904761904762"
"2018-04-30T00:00:00.000","Kittitas","WA","Truck","0","0","0","14519","14519","0"
"2018-02-28T00:00:00.000","Kittitas","WA","Passenger","40","27","67","29467","29534","0.2268571815534638044287939324"
"2018-02-28T00:00:00.000","Volusia","FL","Passenger","0","1","1","32","33","3.030303030303030303030303030"
"2017-10-31T00:00:00.000","Snohomish","WA","Truck","1","0","1","125677","125678","0.0007956842088511911392606502331"
"2018-02-28T00:00:00.000","Lincoln","WA","Passenger","4","6","10","7857","7867","0.1271132579128003050718189907"
"2018-04-30T00:00:00.000","Los Angeles","CA","Passenger","7","4","11","1174","1185","0.9282700421940928270042194093"
"2018-02-28T00:00:00.000","Lincoln","WA","Truck","0","0","0","4699","4699","0"
"2018-04-30T00:00:00.000","Lumpkin","GA","Passenger","1","0","1","9","10","10.0"
"2017-10-31T00:00:00.000","Stevens","WA","Truck","0","0","0","19228","19228","0"
"2017-10-31T00:00:00.000","Sumter","FL","Passenger","0","1","1","9","10","10.0"
"2018-04-30T00:00:00.000","Marin","CA","Passenger","1","0","1","54","55","1.818181818181818181818181818"
"2018-04-30T00:00:00.000","Manassas City","VA","Passenger","0","1","1","9","10","10.0"
"2018-04-30T00:00:00.000","Maui","HI","Passenger","1","0","1","60","61","1.639344262295081967213114754"
"2017-10-31T00:00:00.000","Montgomery","MD","Passenger","1","3","4","307","311","1.286173633440514469453376206"
"2017-10-31T00:00:00.000","Thurston","WA","Truck","0","0","0","55298","55298","0"
"2018-02-28T00:00:00.000","Marion","OR","Passenger","1","0","1","122","123","0.8130081300813008130081300813"
"2018-03-31T00:00:00.000","Asotin","WA","Truck","0","0","0","6840","6840","0"
"2017-10-31T00:00:00.000","Travis","TX","Passenger","0","1","1","187","188","0.5319148936170212765957446809"
"2017-10-31T00:00:00.000","Multnomah","OR","Passenger","1","3","4","921","925","0.4324324324324324324324324324"
"2018-04-30T00:00:00.000","Montgomery","MD","Passenger","1","3","4","295","299","1.337792642140468227424749164"
"2018-03-31T00:00:00.000","Brevard","FL","Passenger","0","1","1","91","92","1.086956521739130434782608696"
"2018-04-30T00:00:00.000","Okaloosa","FL","Passenger","1","0","1","168","169","0.5917159763313609467455621302"
"2018-04-30T00:00:00.000","Okanogan","NULL","Passenger","9","14","23","20306","20329","0.1131388656598947316641251414"
"2017-10-31T00:00:00.000","Okanogan","NULL","Passenger","6","13","19","20135","20154","0.09427408951076709338096655751"
"2018-03-31T00:00:00.000","Broward","FL","Passenger","0","1","1","131","132","0.7575757575757575757575757576"
"2018-04-30T00:00:00.000","Okanogan","WA","Passenger","0","5","5","6442","6447","0.07755545214828602450752287886"
"2018-04-30T00:00:00.000","Sacramento","CA","Passenger","1","0","1","304","305","0.3278688524590163934426229508"
"2018-04-30T00:00:00.000","Pacific","WA","Passenger","25","20","45","15781","15826","0.2843422216605585744976620751"
"2017-10-31T00:00:00.000","Oklahoma","OK","Passenger","0","1","1","128","129","0.7751937984496124031007751938"
"2018-02-28T00:00:00.000","Nassau","NY","Passenger","1","0","1","34","35","2.857142857142857142857142857"
"2018-04-30T00:00:00.000","Saint Lucie","FL","Passenger","1","0","1","23","24","4.166666666666666666666666667"
"2018-04-30T00:00:00.000","Palm Beach","FL","Passenger","0","1","1","77","78","1.282051282051282051282051282"
"2018-04-30T00:00:00.000","Ozaukee","WI","Passenger","0","1","1","3","4","25.00"
"2018-04-30T00:00:00.000","San Juan","WA","Truck","0","0","0","5908","5908","0"
"2018-04-30T00:00:00.000","Pierce","WA","Passenger","1371","1181","2552","540152","542704","0.4702379197499926294996904390"
"2018-04-30T00:00:00.000","Sangamon","IL","Passenger","1","0","1","11","12","8.333333333333333333333333333"
"2018-04-30T00:00:00.000","Ramsey","MN","Passenger","1","0","1","37","38","2.631578947368421052631578947"
"2018-02-28T00:00:00.000","King","WA","Passenger","12202","5326","17528","1391778","1409306","1.243732730861856828822129474"
"2018-04-30T00:00:00.000","Prince George","VA","Passenger","0","1","1","75","76","1.315789473684210526315789474"
"2018-02-28T00:00:00.000","Pacific","WA","Truck","0","0","0","7781","7781","0"
"2017-11-30T00:00:00.000","NULL","WA","Truck","0","0","0","2","2","0"
"2018-04-30T00:00:00.000","Snohomish","WA","Passenger","2343","1287","3630","528525","532155","0.6821320855765707359697832398"
"2018-03-31T00:00:00.000","Cook","IL","Passenger","1","0","1","272","273","0.3663003663003663003663003663"
"2018-02-28T00:00:00.000","Pend Oreille","WA","Passenger","5","3","8","9823","9831","0.08137524158274844878445732886"
"2018-04-30T00:00:00.000","Spokane","WA","Truck","1","0","1","95509","95510","0.001047010784211077374096953199"
"2018-02-28T00:00:00.000","Pend Oreille","WA","Truck","0","0","0","5939","5939","0"
"2018-04-30T00:00:00.000","Saratoga","NY","Passenger","0","1","1","63","64","1.562500"
"2018-02-28T00:00:00.000","Lane","OR","Passenger","0","1","1","199","200","0.500"
"2018-04-30T00:00:00.000","Stevens","WA","Passenger","12","26","38","32652","32690","0.1162434995411440807586417865"
"2017-10-31T00:00:00.000","Prince William","VA","Passenger","0","3","3","266","269","1.115241635687732342007434944"
"2018-04-30T00:00:00.000","Skagit","WA","Passenger","217","173","390","92052","92442","0.4218861556435386512624131888"
"2018-04-30T00:00:00.000","Skagit","WA","Truck","1","0","1","33015","33016","0.003028834504482675066634359099"
"2017-11-30T00:00:00.000","Benton","WA","Truck","0","0","0","41932","41932","0"
"2018-04-30T00:00:00.000","Snohomish","WA","Truck","1","0","1","125392","125393","0.0007974926830046334324882569202"
"2018-04-30T00:00:00.000","Thurston","WA","Passenger","603","477","1080","195433","196513","0.5495819614987303638945006183"
"2018-03-31T00:00:00.000","District Of Columbia","DC","Passenger","0","4","4","203","207","1.932367149758454106280193237"
"2017-10-31T00:00:00.000","Ramsey","MN","Passenger","1","0","1","35","36","2.777777777777777777777777778"
"2018-02-28T00:00:00.000","Lewis","WA","Passenger","58","53","111","58235","58346","0.1902444040722585952764542556"
"2018-04-30T00:00:00.000","Tuolumne","CA","Passenger","0","1","1","11","12","8.333333333333333333333333333"
"2017-10-31T00:00:00.000","Riverside","CA","Passenger","0","2","2","749","751","0.2663115845539280958721704394"
"2018-04-30T00:00:00.000","Stevens","WA","Truck","0","0","0","19386","19386","0"
"2018-02-28T00:00:00.000","Riley","KS","Passenger","1","0","1","87","88","1.136363636363636363636363636"
"2018-03-31T00:00:00.000","Garfield","WA","Passenger","1","0","1","1373","1374","0.07278020378457059679767103348"
"2018-04-30T00:00:00.000","Twin Falls","ID","Passenger","0","1","1","23","24","4.166666666666666666666666667"
"2017-11-30T00:00:00.000","Brevard","FL","Passenger","0","1","1","94","95","1.052631578947368421052631579"
"2018-03-31T00:00:00.000","Garfield","WA","Truck","0","0","0","982","982","0"
"2018-04-30T00:00:00.000","Sumter","FL","Passenger","0","1","1","9","10","10.0"
"2017-10-31T00:00:00.000","Saint Clair","IL","Passenger","0","1","1","170","171","0.5847953216374269005847953216"
"2018-04-30T00:00:00.000","Virginia Beach City","VA","Passenger","1","1","2","663","665","0.3007518796992481203007518797"
"2018-04-30T00:00:00.000","Travis","TX","Passenger","0","1","1","180","181","0.5524861878453038674033149171"
"2018-02-28T00:00:00.000","Lumpkin","GA","Passenger","1","0","1","9","10","10.0"
"2018-05-31T00:00:00.000","NULL","WA","Passenger","0","0","0","1","1","0"
"2018-02-28T00:00:00.000","Russell","AL","Passenger","1","0","1","50","51","1.960784313725490196078431373"
"2018-02-28T00:00:00.000","Sacramento","CA","Passenger","1","0","1","308","309","0.3236245954692556634304207120"
"2018-04-30T00:00:00.000","Washoe","NV","Passenger","1","0","1","106","107","0.9345794392523364485981308411"
"2018-02-28T00:00:00.000","Maricopa","AZ","Passenger","2","0","2","1469","1471","0.1359619306594153636981645139"
"2017-11-30T00:00:00.000","Charlottesville City","VA","Passenger","0","1","1","9","10","10.0"
"2018-02-28T00:00:00.000","Mason","WA","Truck","0","0","0","20456","20456","0"
"2018-04-30T00:00:00.000","Whitman","WA","Passenger","22","27","49","23081","23130","0.2118460873324686554258538694"
"2017-10-31T00:00:00.000","Skagit","WA","Truck","1","0","1","32708","32709","0.003057262527133204928307193739"
"2018-05-31T00:00:00.000","Benton","WA","Passenger","202","205","407","134009","134416","0.3027913343649565527913343650"
"2018-05-31T00:00:00.000","Ada","ID","Passenger","0","2","2","316","318","0.6289308176100628930817610063"
"2018-04-30T00:00:00.000","Yakima","WA","Truck","0","0","0","60742","60742","0"
"2018-05-31T00:00:00.000","Alameda","CA","Passenger","0","1","1","338","339","0.2949852507374631268436578171"
"2017-10-31T00:00:00.000","Spokane","WA","Passenger","321","276","597","306087","306684","0.1946629103572406777008256055"
"2018-02-28T00:00:00.000","Skamania","WA","Passenger","13","8","21","8888","8909","0.2357166909866427208440902458"
"2018-05-31T00:00:00.000","Anne Arundel","MD","Passenger","0","3","3","462","465","0.6451612903225806451612903226"
"2017-11-30T00:00:00.000","Dallas","TX","Passenger","0","1","1","174","175","0.5714285714285714285714285714"
"2018-03-31T00:00:00.000","Kitsap","WA","Passenger","814","445","1259","180567","181826","0.6924202259302849977450969608"
"2018-05-31T00:00:00.000","Asotin","WA","Passenger","8","6","14","12875","12889","0.1086197532779889828535960897"
"2018-02-28T00:00:00.000","Montgomery","TN","Passenger","1","0","1","254","255","0.3921568627450980392156862745"
"2017-10-31T00:00:00.000","Tarrant","TX","Passenger","1","0","1","220","221","0.4524886877828054298642533937"
"2018-05-31T00:00:00.000","Clallam","WA","Passenger","128","116","244","50718","50962","0.4787881166359248067187316039"
"2017-11-30T00:00:00.000","Deschutes","OR","Passenger","1","0","1","170","171","0.5847953216374269005847953216"
"2018-03-31T00:00:00.000","Lincoln","WA","Passenger","4","6","10","7841","7851","0.1273723092599668831995924086"
"2018-02-28T00:00:00.000","Norfolk City","VA","Passenger","2","1","3","338","341","0.8797653958944281524926686217"
"2018-02-28T00:00:00.000","Northampton","PA","Passenger","0","1","1","65","66","1.515151515151515151515151515"
"2017-10-31T00:00:00.000","Tulare","CA","Passenger","1","0","1","201","202","0.4950495049504950495049504950"
"2018-03-31T00:00:00.000","Lumpkin","GA","Passenger","1","0","1","9","10","10.0"
"2018-05-31T00:00:00.000","Columbia","WA","Truck","0","0","0","1590","1590","0"
"2018-02-28T00:00:00.000","Orange","CA","Passenger","3","1","4","596","600","0.6666666666666666666666666667"
"2017-10-31T00:00:00.000","Ventura","CA","Passenger","0","1","1","342","343","0.2915451895043731778425655977"
"2018-05-31T00:00:00.000","Canyon","ID","Passenger","0","1","1","78","79","1.265822784810126582278481013"
"2018-03-31T00:00:00.000","Mason","WA","Truck","0","0","0","20512","20512","0"
"2018-02-28T00:00:00.000","Wahkiakum","WA","Passenger","2","2","4","2922","2926","0.1367053998632946001367053999"
"2018-02-28T00:00:00.000","Pacific","WA","Passenger","23","18","41","15768","15809","0.2593459421848314251375798596"
"2017-10-31T00:00:00.000","Volusia","FL","Passenger","0","1","1","38","39","2.564102564102564102564102564"
"2018-05-31T00:00:00.000","Chelan","WA","Truck","0","0","0","22523","22523","0"
"2018-02-28T00:00:00.000","Walla Walla","WA","Passenger","31","35","66","36195","36261","0.1820137337635476131380822371"
"2018-02-28T00:00:00.000","Pierce","WA","Passenger","1328","1111","2439","537738","540177","0.4515186688807557522811967189"
"2018-05-31T00:00:00.000","Duval","FL","Passenger","1","1","2","376","378","0.5291005291005291005291005291"
"2017-11-30T00:00:00.000","Fairfax City","VA","Passenger","1","0","1","9","10","10.0"
"2018-03-31T00:00:00.000","Montgomery","TN","Passenger","1","0","1","254","255","0.3921568627450980392156862745"
"2018-05-31T00:00:00.000","Ferry","WA","Truck","0","0","0","3724","3724","0"
"2018-02-28T00:00:00.000","Prince George","VA","Passenger","0","1","1","77","78","1.282051282051282051282051282"
"2018-02-28T00:00:00.000","Whatcom","WA","Passenger","606","267","873","148530","149403","0.5843256159514869179333748318"
"2017-10-31T00:00:00.000","Washoe","NV","Passenger","1","0","1","121","122","0.8196721311475409836065573770"
"2018-05-31T00:00:00.000","Cowlitz","WA","Truck","0","0","0","29252","29252","0"
"2018-02-28T00:00:00.000","Whitman","WA","Truck","0","0","0","8739","8739","0"
"2018-05-31T00:00:00.000","Clark","WA","Truck","0","0","0","81275","81275","0"
"2018-03-31T00:00:00.000","Orange","CA","Passenger","3","1","4","588","592","0.6756756756756756756756756757"
"2017-10-31T00:00:00.000","Wayne","MI","Passenger","0","1","1","68","69","1.449275362318840579710144928"
"2017-11-30T00:00:00.000","Glacier","MT","Passenger","0","1","1","3","4","25.00"
"2018-05-31T00:00:00.000","Hamilton","IN","Passenger","1","0","1","41","42","2.380952380952380952380952381"
"2018-05-31T00:00:00.000","Cowlitz","WA","Passenger","69","85","154","73016","73170","0.2104687713543802104687713544"
"2018-02-28T00:00:00.000","Santa Rosa","FL","Passenger","1","0","1","92","93","1.075268817204301075268817204"
"2018-05-31T00:00:00.000","El Paso","TX","Passenger","1","0","1","541","542","0.1845018450184501845018450185"
"2018-03-31T00:00:00.000","Prince George","VA","Passenger","0","1","1","77","78","1.282051282051282051282051282"
"2018-05-31T00:00:00.000","Ferry","WA","Passenger","2","3","5","4595","4600","0.1086956521739130434782608696"
"2018-02-28T00:00:00.000","Skamania","WA","Truck","0","0","0","4115","4115","0"
"2018-05-31T00:00:00.000","Franklin","WA","Passenger","47","66","113","59002","59115","0.1911528376892497674025205109"
"2018-05-31T00:00:00.000","Jefferson","CO","Passenger","0","1","1","70","71","1.408450704225352112676056338"
"2018-03-31T00:00:00.000","Riley","KS","Passenger","1","0","1","87","88","1.136363636363636363636363636"
"2018-05-31T00:00:00.000","Gallatin","MT","Passenger","0","1","1","58","59","1.694915254237288135593220339"
"2018-05-31T00:00:00.000","Fairfax","VA","Passenger","0","3","3","826","829","0.3618817852834740651387213510"
"2018-03-31T00:00:00.000","Sacramento","CA","Passenger","1","0","1","303","304","0.3289473684210526315789473684"
"2018-02-28T00:00:00.000","Twin Falls","ID","Passenger","0","1","1","23","24","4.166666666666666666666666667"
"2018-05-31T00:00:00.000","Kent","MI","Passenger","0","1","1","28","29","3.448275862068965517241379310"
"2018-02-28T00:00:00.000","Virginia Beach City","VA","Passenger","1","1","2","666","668","0.2994011976047904191616766467"
"2018-05-31T00:00:00.000","Grant","WA","Truck","0","0","0","26938","26938","0"
"2018-05-31T00:00:00.000","Klickitat","WA","Passenger","28","32","60","15481","15541","0.3860755421144070523132359565"
"2018-05-31T00:00:00.000","Grays Harbor","WA","Truck","0","0","0","20817","20817","0"
"2018-03-31T00:00:00.000","Santa Rosa","FL","Passenger","1","0","1","93","94","1.063829787234042553191489362"
"2018-05-31T00:00:00.000","Grant","WA","Passenger","33","48","81","64943","65024","0.1245693897637795275590551181"
"2018-02-28T00:00:00.000","Wahkiakum","WA","Truck","0","0","0","1728","1728","0"
"2018-05-31T00:00:00.000","Grays Harbor","WA","Passenger","60","61","121","47441","47562","0.2544047769227534586434548589"
"2018-05-31T00:00:00.000","Hamilton","TN","Passenger","1","0","1","19","20","5.00"
"2018-05-31T00:00:00.000","Hardin","KY","Passenger","0","1","1","121","122","0.8196721311475409836065573770"
"2018-02-28T00:00:00.000","Whatcom","WA","Truck","1","0","1","43298","43299","0.002309522159865123905863876764"
"2018-03-31T00:00:00.000","Snohomish","WA","Passenger","2278","1254","3532","527821","531353","0.6647181816984189418333951253"
"2018-03-31T00:00:00.000","NULL","NULL","Passenger","8","2","10","2293","2303","0.4342162396873643074250976987"
"2018-03-31T00:00:00.000","Stevens","WA","Passenger","11","23","34","32690","32724","0.1038992788167705659454834372"
"2018-05-31T00:00:00.000","Monroe","IL","Passenger","1","0","1","4","5","20.0"
"2018-03-31T00:00:00.000","Adams","WA","Passenger","5","4","9","12908","12917","0.06967562127428969574978710227"
"2018-03-31T00:00:00.000","Anne Arundel","MD","Passenger","0","3","3","484","487","0.6160164271047227926078028747"
"2018-03-31T00:00:00.000","Tuolumne","CA","Passenger","0","1","1","12","13","7.692307692307692307692307692"
"2018-03-31T00:00:00.000","Asotin","WA","Passenger","8","5","13","12910","12923","0.1005958368799814284608836957"
"2018-05-31T00:00:00.000","King","WA","Passenger","13202","5775","18977","1391495","1410472","1.345436137690078214952157859"
"2018-03-31T00:00:00.000","Clark","NV","Passenger","1","1","2","715","717","0.2789400278940027894002789400"
"2018-05-31T00:00:00.000","Klickitat","WA","Truck","0","0","0","8378","8378","0"
"2017-11-30T00:00:00.000","Lincoln","WA","Passenger","4","6","10","7830","7840","0.1275510204081632653061224490"
"2018-05-31T00:00:00.000","Nueces","TX","Passenger","1","1","2","101","103","1.941747572815533980582524272"
"2018-05-31T00:00:00.000","King","WA","Truck","8","1","9","188442","188451","0.004775777257748698600697263480"
"2018-05-31T00:00:00.000","Okanogan","NULL","Passenger","9","14","23","20330","20353","0.1130054537414631749619220754"
"2018-05-31T00:00:00.000","Lane","OR","Passenger","0","1","1","188","189","0.5291005291005291005291005291"
"2018-05-31T00:00:00.000","Larimer","CO","Passenger","0","1","1","53","54","1.851851851851851851851851852"
"2018-05-31T00:00:00.000","Orleans","LA","Passenger","0","1","1","50","51","1.960784313725490196078431373"
"2018-03-31T00:00:00.000","Columbia","WA","Truck","0","0","0","1599","1599","0"
"2018-05-31T00:00:00.000","Lewis","WA","Passenger","84","64","148","58867","59015","0.2507836990595611285266457680"
"2017-11-30T00:00:00.000","Clark","WA","Passenger","920","592","1512","309611","311123","0.4859814285668369101609331358"
"2018-05-31T00:00:00.000","Lewis","WA","Truck","0","0","0","26317","26317","0"
"2018-05-31T00:00:00.000","Lumpkin","GA","Passenger","1","0","1","9","10","10.0"
"2018-03-31T00:00:00.000","Dale","AL","Passenger","0","1","1","69","70","1.428571428571428571428571429"
"2017-11-30T00:00:00.000","Manassas City","VA","Passenger","0","1","1","9","10","10.0"
"2018-04-30T00:00:00.000","Adams","WA","Truck","0","0","0","5382","5382","0"
"2018-03-31T00:00:00.000","Dallas","TX","Passenger","0","1","1","175","176","0.5681818181818181818181818182"
"2018-05-31T00:00:00.000","Madison","ID","Passenger","1","0","1","37","38","2.631578947368421052631578947"
"2018-05-31T00:00:00.000","Prince William","VA","Passenger","0","4","4","261","265","1.509433962264150943396226415"
"2018-05-31T00:00:00.000","Maricopa","AZ","Passenger","2","1","3","1431","1434","0.2092050209205020920502092050"
"2018-04-30T00:00:00.000","Alexandria City","VA","Passenger","2","0","2","164","166","1.204819277108433734939759036"
"2018-05-31T00:00:00.000","Ramsey","MN","Passenger","1","0","1","38","39","2.564102564102564102564102564"
"2017-11-30T00:00:00.000","Mason","WA","Truck","0","0","0","20291","20291","0"
"2018-04-30T00:00:00.000","Asotin","WA","Truck","0","0","0","6837","6837","0"
"2018-03-31T00:00:00.000","Deschutes","OR","Passenger","1","0","1","161","162","0.6172839506172839506172839506"
"2018-05-31T00:00:00.000","Saint Clair","IL","Passenger","0","1","1","158","159","0.6289308176100628930817610063"
"2017-11-30T00:00:00.000","Douglas","WA","Passenger","37","33","70","27766","27836","0.2514729127748239689610576232"
"2018-05-31T00:00:00.000","San Mateo","CA","Passenger","1","1","2","137","139","1.438848920863309352517985612"
"2018-05-31T00:00:00.000","Monterey","CA","Passenger","0","2","2","201","203","0.9852216748768472906403940887"
"2018-05-31T00:00:00.000","Montgomery","PA","Passenger","2","0","2","27","29","6.896551724137931034482758621"
"2018-05-31T00:00:00.000","Skagit","WA","Truck","1","0","1","33067","33068","0.003024071610015725172372081771"
"2018-04-30T00:00:00.000","Caddo","LA","Passenger","0","1","1","20","21","4.761904761904761904761904762"
"2017-11-30T00:00:00.000","Fairfax","VA","Passenger","0","3","3","831","834","0.3597122302158273381294964029"
"2018-05-31T00:00:00.000","New Castle","DE","Passenger","1","0","1","27","28","3.571428571428571428571428571"
"2017-11-30T00:00:00.000","Montgomery","MD","Passenger","1","3","4","303","307","1.302931596091205211726384365"
"2018-05-31T00:00:00.000","Oklahoma","OK","Passenger","0","1","1","120","121","0.8264462809917355371900826446"
"2018-05-31T00:00:00.000","Tarrant","TX","Passenger","1","0","1","206","207","0.4830917874396135265700483092"
"2017-11-30T00:00:00.000","Franklin","OH","Passenger","0","1","1","111","112","0.8928571428571428571428571429"
"2018-04-30T00:00:00.000","Columbia","GA","Passenger","1","1","2","167","169","1.183431952662721893491124260"
"2018-05-31T00:00:00.000","Prince George","VA","Passenger","0","1","1","75","76","1.315789473684210526315789474"
"2017-11-30T00:00:00.000","Okanogan","WA","Passenger","0","3","3","6468","6471","0.04636068613815484469170143718"
"2018-04-30T00:00:00.000","Cook","IL","Passenger","1","0","1","265","266","0.3759398496240601503759398496"
"2017-11-30T00:00:00.000","Gwinnett","GA","Passenger","0","1","1","85","86","1.162790697674418604651162791"
"2017-11-30T00:00:00.000","Orange","CA","Passenger","3","1","4","609","613","0.6525285481239804241435562806"
"2017-11-30T00:00:00.000","Hamilton","IN","Passenger","1","0","1","50","51","1.960784313725490196078431373"
"2018-03-31T00:00:00.000","Douglas","WA","Passenger","43","33","76","28044","28120","0.2702702702702702702702702703"
"2018-05-31T00:00:00.000","Washoe","NV","Passenger","1","0","1","107","108","0.9259259259259259259259259259"
"2018-04-30T00:00:00.000","Dekalb","IN","Passenger","1","0","1","1","2","50.0"
"2018-03-31T00:00:00.000","Dupage","IL","Passenger","1","0","1","62","63","1.587301587301587301587301587"
"2018-05-31T00:00:00.000","San Francisco","CA","Passenger","0","1","1","126","127","0.7874015748031496062992125984"
"2018-05-31T00:00:00.000","Yakima","WA","Passenger","75","92","167","168229","168396","0.09917100168650086700396684007"
"2018-05-31T00:00:00.000","San Juan","WA","Passenger","145","59","204","14397","14601","1.397164577768645983151838915"
"2017-11-30T00:00:00.000","Pend Oreille","WA","Passenger","4","4","8","9829","9837","0.08132560740063027345735488462"
"2018-03-31T00:00:00.000","Fairfax","VA","Passenger","0","3","3","818","821","0.3654080389768574908647990256"
"2018-05-31T00:00:00.000","Sangamon","IL","Passenger","1","0","1","11","12","8.333333333333333333333333333"
"2017-11-30T00:00:00.000","Howard","MD","Passenger","0","1","1","102","103","0.9708737864077669902912621359"
"2018-05-31T00:00:00.000","Santa Fe","NM","Passenger","0","1","1","40","41","2.439024390243902439024390244"
"2017-11-30T00:00:00.000","Pierce","WA","Passenger","1246","1017","2263","537543","539806","0.4192246844236633160802214129"
"2018-05-31T00:00:00.000","Spokane","WA","Truck","1","0","1","95730","95731","0.001044593705278331992771411559"
"2018-04-30T00:00:00.000","Ferry","WA","Passenger","2","3","5","4592","4597","0.1087665869045029366978464216"
"2017-11-30T00:00:00.000","Island","WA","Passenger","162","166","328","62806","63134","0.5195298888079323343998479425"
"2018-03-31T00:00:00.000","Franklin","WA","Passenger","43","58","101","58595","58696","0.1720730543818999591113534142"
"2018-04-30T00:00:00.000","Franklin","WA","Truck","0","0","0","19296","19296","0"
"2018-05-31T00:00:00.000","Skamania","WA","Truck","0","0","0","4114","4114","0"
"2018-04-30T00:00:00.000","Frederick","MD","Passenger","0","1","1","92","93","1.075268817204301075268817204"
"2018-05-31T00:00:00.000","Spokane","WA","Passenger","363","336","699","309324","310023","0.2254671427603758430826099999"
"2018-04-30T00:00:00.000","Gallatin","MT","Passenger","0","1","1","59","60","1.666666666666666666666666667"
"2017-11-30T00:00:00.000","Jefferson","WA","Passenger","127","76","203","24719","24922","0.8145413690715030896396757885"
"2018-06-30T00:00:00.000","Bryan","GA","Passenger","1","0","1","55","56","1.785714285714285714285714286"
"2017-11-30T00:00:00.000","Jefferson","WA","Truck","0","0","0","9761","9761","0"
"2018-05-31T00:00:00.000","Thurston","WA","Truck","0","0","0","55758","55758","0"
"2018-04-30T00:00:00.000","Grays Harbor","WA","Truck","0","0","0","20784","20784","0"
"2017-11-30T00:00:00.000","Juneau","AK","Passenger","0","1","1","39","40","2.500"
"2018-03-31T00:00:00.000","Guilford","NC","Passenger","1","0","1","29","30","3.333333333333333333333333333"
"2018-03-31T00:00:00.000","Gwinnett","GA","Passenger","0","1","1","81","82","1.219512195121951219512195122"
"2017-11-30T00:00:00.000","Riley","KS","Passenger","1","0","1","93","94","1.063829787234042553191489362"
"2018-05-31T00:00:00.000","Utah","UT","Passenger","0","1","1","130","131","0.7633587786259541984732824427"
"2018-05-31T00:00:00.000","Ventura","CA","Passenger","0","1","1","320","321","0.3115264797507788161993769470"
"2017-11-30T00:00:00.000","Kitsap","WA","Truck","1","0","1","54335","54336","0.001840400471142520612485276796"
"2017-11-30T00:00:00.000","Klickitat","WA","Passenger","28","28","56","15301","15357","0.3646545549260923357426580712"
"2018-05-31T00:00:00.000","Wahkiakum","WA","Truck","0","0","0","1727","1727","0"
"2018-06-30T00:00:00.000","Clark","WA","Passenger","1107","756","1863","313818","315681","0.5901527174584469765364402672"
"2017-11-30T00:00:00.000","Knox","TN","Passenger","1","0","1","37","38","2.631578947368421052631578947"
"2018-03-31T00:00:00.000","Honolulu","HI","Passenger","3","1","4","538","542","0.7380073800738007380073800738"
"2018-06-30T00:00:00.000","Cochise","AZ","Passenger","0","1","1","125","126","0.7936507936507936507936507937"
"2018-05-31T00:00:00.000","Whatcom","WA","Truck","2","0","2","43415","43417","0.004606490545178156021834765184"
"2017-11-30T00:00:00.000","Santa Rosa","FL","Passenger","1","0","1","98","99","1.010101010101010101010101010"
"2018-03-31T00:00:00.000","Island","WA","Passenger","192","186","378","63384","63762","0.5928295850192904864966594523"
"2018-03-31T00:00:00.000","Manassas City","VA","Passenger","0","1","1","8","9","11.11111111111111111111111111"
"2017-11-30T00:00:00.000","Lincoln","WA","Truck","0","0","0","4674","4674","0"
"2018-05-31T00:00:00.000","Yakima","WA","Truck","0","0","0","60803","60803","0"
"2018-03-31T00:00:00.000","Manatee","FL","Passenger","1","0","1","33","34","2.941176470588235294117647059"
"2018-06-30T00:00:00.000","NULL","NULL","Passenger","7","3","10","2251","2261","0.4422821760283060592658115878"
"2018-03-31T00:00:00.000","Jefferson","WA","Truck","0","0","0","9806","9806","0"
"2018-04-30T00:00:00.000","Lane","OR","Passenger","0","1","1","188","189","0.5291005291005291005291005291"
"2018-06-30T00:00:00.000","El Paso","CO","Passenger","2","1","3","750","753","0.3984063745019920318725099602"
"2018-03-31T00:00:00.000","Juneau","AK","Passenger","0","1","1","38","39","2.564102564102564102564102564"
"2017-11-30T00:00:00.000","Marion","OR","Passenger","1","0","1","128","129","0.7751937984496124031007751938"
"2018-06-30T00:00:00.000","Adams","WA","Passenger","5","5","10","13006","13016","0.07682851874615857406269207130"
"2018-04-30T00:00:00.000","Latah","ID","Passenger","0","1","1","77","78","1.282051282051282051282051282"
"2018-04-30T00:00:00.000","Liberty","GA","Passenger","1","0","1","149","150","0.6666666666666666666666666667"
"2018-06-30T00:00:00.000","Columbia","WA","Passenger","2","2","4","2478","2482","0.1611603545527800161160354553"
"2018-03-31T00:00:00.000","Montgomery","MD","Passenger","1","3","4","298","302","1.324503311258278145695364238"
"2018-06-30T00:00:00.000","Garfield","OK","Passenger","1","0","1","18","19","5.263157894736842105263157895"
"2018-06-30T00:00:00.000","Garfield","WA","Truck","0","0","0","982","982","0"
"2018-03-31T00:00:00.000","Kitsap","WA","Truck","1","0","1","54606","54607","0.001831267053674437343197758529"
"2018-06-30T00:00:00.000","Columbia","WA","Truck","0","0","0","1592","1592","0"
"2018-03-31T00:00:00.000","Multnomah","OR","Passenger","3","4","7","819","826","0.8474576271186440677966101695"
"2018-04-30T00:00:00.000","Madison","ID","Passenger","1","0","1","36","37","2.702702702702702702702702703"
"2018-04-30T00:00:00.000","Maricopa","AZ","Passenger","2","1","3","1435","1438","0.2086230876216968011126564673"
"2018-06-30T00:00:00.000","Deschutes","OR","Passenger","1","0","1","151","152","0.6578947368421052631578947368"
"2017-11-30T00:00:00.000","Nassau","NY","Passenger","1","1","2","35","37","5.405405405405405405405405405"
"2018-03-31T00:00:00.000","Okanogan","NULL","Passenger","8","15","23","20239","20262","0.1135129799624913631428289409"
"2018-04-30T00:00:00.000","Marion","IN","Passenger","1","0","1","119","120","0.8333333333333333333333333333"
"2018-04-30T00:00:00.000","Mason","WA","Passenger","92","89","181","46466","46647","0.3880206658520376444358694021"
"2018-03-31T00:00:00.000","Okanogan","WA","Passenger","0","4","4","6417","6421","0.06229559258682448216788662202"
"2018-03-31T00:00:00.000","Lewis","WA","Truck","0","0","0","26195","26195","0"
"2018-06-30T00:00:00.000","Douglas","OR","Passenger","1","0","1","52","53","1.886792452830188679245283019"
"2018-06-30T00:00:00.000","Jefferson","WA","Passenger","156","103","259","24914","25173","1.028880149366384618440392484"
"2018-03-31T00:00:00.000","Lincoln","WA","Truck","0","0","0","4704","4704","0"
"2018-06-30T00:00:00.000","Dupage","IL","Passenger","1","0","1","60","61","1.639344262295081967213114754"
"2018-04-30T00:00:00.000","Miami-Dade","FL","Passenger","0","1","1","114","115","0.8695652173913043478260869565"
"2018-06-30T00:00:00.000","Camden","GA","Passenger","0","1","1","170","171","0.5847953216374269005847953216"
"2018-06-30T00:00:00.000","Lincoln","WA","Passenger","4","7","11","7925","7936","0.1386088709677419354838709677"
"2018-03-31T00:00:00.000","Marion","OR","Passenger","1","0","1","121","122","0.8196721311475409836065573770"
"2018-04-30T00:00:00.000","Monterey","CA","Passenger","0","2","2","200","202","0.9900990099009900990099009901"
"2017-11-30T00:00:00.000","Ramsey","MN","Passenger","1","0","1","34","35","2.857142857142857142857142857"
"2018-03-31T00:00:00.000","Pierce","WA","Passenger","1341","1138","2479","539017","541496","0.4578057824988550238598253727"
"2018-06-30T00:00:00.000","Gwinnett","GA","Passenger","0","1","1","82","83","1.204819277108433734939759036"
"2018-06-30T00:00:00.000","Clark","NV","Passenger","1","1","2","706","708","0.2824858757062146892655367232"
"2018-06-30T00:00:00.000","Hennepin","MN","Passenger","1","0","1","103","104","0.9615384615384615384615384615"
"2018-04-30T00:00:00.000","Montgomery","TN","Passenger","1","0","1","255","256","0.39062500"
"2018-04-30T00:00:00.000","Moore","NC","Passenger","0","1","1","200","201","0.4975124378109452736318407960"
"2017-11-30T00:00:00.000","Russell","AL","Passenger","1","0","1","52","53","1.886792452830188679245283019"
"2018-06-30T00:00:00.000","Columbia","GA","Passenger","1","1","2","168","170","1.176470588235294117647058824"
"2018-03-31T00:00:00.000","Nassau","NY","Passenger","1","0","1","32","33","3.030303030303030303030303030"
"2018-06-30T00:00:00.000","Jackson","OK","Passenger","1","0","1","40","41","2.439024390243902439024390244"
"2018-03-31T00:00:00.000","Ramsey","MN","Passenger","1","0","1","35","36","2.777777777777777777777777778"
"2018-04-30T00:00:00.000","New Castle","DE","Passenger","1","0","1","27","28","3.571428571428571428571428571"
"2018-06-30T00:00:00.000","Okanogan","WA","Passenger","0","5","5","6422","6427","0.07779679477205539131787770344"
"2018-03-31T00:00:00.000","Okanogan","WA","Truck","0","0","0","4339","4339","0"
"2018-04-30T00:00:00.000","Norfolk City","VA","Passenger","2","2","4","343","347","1.152737752161383285302593660"
"2018-06-30T00:00:00.000","Jefferson","WA","Truck","0","0","0","9815","9815","0"
"2018-03-31T00:00:00.000","Riverside","CA","Passenger","0","2","2","704","706","0.2832861189801699716713881020"
"2017-11-30T00:00:00.000","Saratoga","NY","Passenger","0","1","1","68","69","1.449275362318840579710144928"
"2018-06-30T00:00:00.000","Dale","AL","Passenger","0","1","1","66","67","1.492537313432835820895522388"
"2018-06-30T00:00:00.000","Juneau","AK","Passenger","0","1","1","41","42","2.380952380952380952380952381"
"2018-03-31T00:00:00.000","Pierce","WA","Truck","0","0","0","141575","141575","0"
"2018-04-30T00:00:00.000","Orange","FL","Passenger","2","1","3","169","172","1.744186046511627906976744186"
"2018-06-30T00:00:00.000","Dekalb","IN","Passenger","1","0","1","1","2","50.0"
"2018-03-31T00:00:00.000","Saint Lucie","FL","Passenger","1","0","1","24","25","4.00"
"2017-11-30T00:00:00.000","Snohomish","WA","Truck","1","0","1","125618","125619","0.0007960579211743446453163932208"
"2018-06-30T00:00:00.000","District Of Columbia","DC","Passenger","0","4","4","199","203","1.970443349753694581280788177"
"2018-04-30T00:00:00.000","Pinal","AZ","Passenger","2","0","2","183","185","1.081081081081081081081081081"
"2017-11-30T00:00:00.000","Spokane","WA","Passenger","326","276","602","306810","307412","0.1958283996721012842699699426"
"2018-06-30T00:00:00.000","Riley","KS","Passenger","1","0","1","89","90","1.111111111111111111111111111"
"2018-06-30T00:00:00.000","Russell","AL","Passenger","1","0","1","50","51","1.960784313725490196078431373"
"2018-06-30T00:00:00.000","Flathead","MT","Passenger","1","0","1","50","51","1.960784313725490196078431373"
"2017-11-30T00:00:00.000","Stevens","WA","Truck","0","0","0","19246","19246","0"
"2017-11-30T00:00:00.000","Tarrant","TX","Passenger","1","0","1","222","223","0.4484304932735426008968609865"
"2018-06-30T00:00:00.000","San Juan","WA","Passenger","149","63","212","14423","14635","1.448582166040314314998291766"
"2018-06-30T00:00:00.000","San Mateo","CA","Passenger","1","1","2","134","136","1.470588235294117647058823529"
"2018-03-31T00:00:00.000","Skagit","WA","Truck","1","0","1","32976","32977","0.003032416532734936470873639203"
"2018-06-30T00:00:00.000","Los Angeles","CA","Passenger","8","4","12","1147","1159","1.035375323554788610871440897"
"2018-03-31T00:00:00.000","Santa Clara","CA","Passenger","6","1","7","369","376","1.861702127659574468085106383"
"2017-11-30T00:00:00.000","Tulare","CA","Passenger","1","0","1","197","198","0.5050505050505050505050505051"
"2018-06-30T00:00:00.000","Snohomish","WA","Truck","1","0","1","125641","125642","0.0007959121949666512790308973114"
"2018-03-31T00:00:00.000","Saratoga","NY","Passenger","0","1","1","63","64","1.562500"
"2018-06-30T00:00:00.000","Manassas City","VA","Passenger","0","1","1","9","10","10.0"
"2018-04-30T00:00:00.000","San Diego","CA","Passenger","6","3","9","2628","2637","0.3412969283276450511945392491"
"2018-06-30T00:00:00.000","Stevens","WA","Truck","0","0","0","19434","19434","0"
"2017-12-31T00:00:00.000","Columbia","WA","Passenger","2","1","3","2462","2465","0.1217038539553752535496957404"
"2018-03-31T00:00:00.000","Twin Falls","ID","Passenger","0","1","1","24","25","4.00"
"2017-11-30T00:00:00.000","Walla Walla","WA","Passenger","29","31","60","36085","36145","0.1659980633559275141790012450"
"2018-06-30T00:00:00.000","Honolulu","HI","Passenger","2","1","3","508","511","0.5870841487279843444227005871"
"2018-04-30T00:00:00.000","Shelby","TN","Passenger","0","1","1","110","111","0.9009009009009009009009009009"
"2018-06-30T00:00:00.000","Thurston","WA","Truck","0","0","0","55828","55828","0"
"2018-06-30T00:00:00.000","Montgomery","MD","Passenger","1","3","4","285","289","1.384083044982698961937716263"
"2018-03-31T00:00:00.000","Volusia","FL","Passenger","0","1","1","31","32","3.12500"
"2018-06-30T00:00:00.000","Multnomah","OR","Passenger","3","4","7","800","807","0.8674101610904584882280049566"
"2017-11-30T00:00:00.000","Washoe","NV","Passenger","1","0","1","121","122","0.8196721311475409836065573770"
"2017-11-30T00:00:00.000","Whitman","WA","Passenger","17","23","40","22969","23009","0.1738450171671954452605502195"
"2018-06-30T00:00:00.000","Kitsap","WA","Truck","1","0","1","54695","54696","0.001828287260494368875237677344"
"2017-12-31T00:00:00.000","Dupage","IL","Passenger","1","0","1","58","59","1.694915254237288135593220339"
"2018-06-30T00:00:00.000","Klamath","OR","Passenger","1","0","1","26","27","3.703703703703703703703703704"
"2017-11-30T00:00:00.000","Whitman","WA","Truck","0","0","0","8728","8728","0"
"2018-06-30T00:00:00.000","Okanogan","NULL","Passenger","10","14","24","20379","20403","0.1176297603293633289222173210"
"2018-06-30T00:00:00.000","Washington","OR","Passenger","0","1","1","452","453","0.2207505518763796909492273731"
"2018-06-30T00:00:00.000","Pacific","WA","Passenger","27","21","48","15867","15915","0.3016022620169651272384542884"
"2018-03-31T00:00:00.000","Utah","UT","Passenger","0","1","1","132","133","0.7518796992481203007518796992"
"2018-06-30T00:00:00.000","Whitman","WA","Truck","0","0","0","8772","8772","0"
"2017-12-31T00:00:00.000","Ferry","WA","Passenger","2","3","5","4579","4584","0.1090750436300174520069808028"
"2018-03-31T00:00:00.000","Walla Walla","WA","Passenger","32","36","68","36255","36323","0.1872092062880268700272554580"
"2018-07-31T00:00:00.000","NULL","CA","Passenger","1","1","2","304","306","0.6535947712418300653594771242"
"2018-06-30T00:00:00.000","Pierce","WA","Passenger","1438","1266","2704","542965","545669","0.4955385041114668416201030295"
"2018-06-30T00:00:00.000","Manatee","FL","Passenger","1","0","1","33","34","2.941176470588235294117647059"
"2018-07-31T00:00:00.000","NULL","WA","Truck","0","0","0","3","3","0"
"2017-12-31T00:00:00.000","Ada","ID","Passenger","0","1","1","337","338","0.2958579881656804733727810651"
"2018-06-30T00:00:00.000","Marion","IN","Passenger","1","0","1","119","120","0.8333333333333333333333333333"
"2017-12-31T00:00:00.000","Alameda","CA","Passenger","0","1","1","348","349","0.2865329512893982808022922636"
"2018-06-30T00:00:00.000","Maui","HI","Passenger","1","0","1","57","58","1.724137931034482758620689655"
"2018-03-31T00:00:00.000","Whitman","WA","Passenger","20","26","46","23025","23071","0.1993845086905639114039270079"
"2018-06-30T00:00:00.000","Ramsey","MN","Passenger","1","0","1","37","38","2.631578947368421052631578947"
"2018-07-31T00:00:00.000","Arlington","VA","Passenger","1","2","3","170","173","1.734104046242774566473988439"
"2017-12-31T00:00:00.000","Gwinnett","GA","Passenger","0","1","1","85","86","1.162790697674418604651162791"
"2018-06-30T00:00:00.000","Riverside","CA","Passenger","0","2","2","693","695","0.2877697841726618705035971223"
"2017-12-31T00:00:00.000","Arlington","VA","Passenger","1","2","3","167","170","1.764705882352941176470588235"
"2018-06-30T00:00:00.000","Muscogee","GA","Passenger","0","1","1","198","199","0.5025125628140703517587939698"
"2018-07-31T00:00:00.000","Benton","WA","Truck","0","0","0","42386","42386","0"
"2018-04-30T00:00:00.000","Beaufort","SC","Passenger","1","0","1","36","37","2.702702702702702702702702703"
"2018-06-30T00:00:00.000","Okanogan","WA","Truck","0","0","0","4326","4326","0"
"2018-06-30T00:00:00.000","Saint Lucie","FL","Passenger","1","0","1","24","25","4.00"
"2018-05-31T00:00:00.000","Clackamas","OR","Passenger","0","1","1","215","216","0.4629629629629629629629629630"
"2018-06-30T00:00:00.000","Orange","FL","Passenger","2","1","3","171","174","1.724137931034482758620689655"
"2018-05-31T00:00:00.000","Clark","WA","Passenger","1060","735","1795","313122","314917","0.5699914580667286935922798706"
"2018-04-30T00:00:00.000","Adams","WA","Passenger","5","4","9","12941","12950","0.06949806949806949806949806950"
"2018-06-30T00:00:00.000","Pierce","WA","Truck","0","0","0","142158","142158","0"
"2018-06-30T00:00:00.000","Skagit","WA","Truck","1","0","1","33046","33047","0.003025993282294913305292462251"
"2018-07-31T00:00:00.000","Carson City","NV","Passenger","1","0","1","11","12","8.333333333333333333333333333"
"2018-05-31T00:00:00.000","Dakota","MN","Passenger","0","1","1","33","34","2.941176470588235294117647059"
"2018-07-31T00:00:00.000","Charles","MD","Passenger","0","1","1","83","84","1.190476190476190476190476190"
"2018-04-30T00:00:00.000","Charles","MD","Passenger","0","1","1","83","84","1.190476190476190476190476190"
"2018-06-30T00:00:00.000","Twin Falls","ID","Passenger","0","1","1","22","23","4.347826086956521739130434783"
"2018-04-30T00:00:00.000","Benton","WA","Passenger","192","198","390","133779","134169","0.2906781745410638821188202938"
"2018-07-31T00:00:00.000","Clallam","WA","Truck","0","0","0","22045","22045","0"
"2018-06-30T00:00:00.000","Volusia","FL","Passenger","0","1","1","30","31","3.225806451612903225806451613"
"2018-05-31T00:00:00.000","Douglas","WA","Passenger","45","31","76","28144","28220","0.2693125442948263642806520198"
"2018-06-30T00:00:00.000","Saint Marys","MD","Passenger","1","0","1","207","208","0.4807692307692307692307692308"
"2017-12-31T00:00:00.000","Jefferson","WA","Truck","0","0","0","9776","9776","0"
"2018-06-30T00:00:00.000","San Diego","CA","Passenger","6","3","9","2648","2657","0.3387278885961610839292435077"
"2018-07-31T00:00:00.000","Cowlitz","WA","Passenger","69","87","156","73291","73447","0.2123980557408743719961332662"
"2018-04-30T00:00:00.000","Chelan","WA","Passenger","100","45","145","54750","54895","0.2641406321158575462246106203"
"2018-06-30T00:00:00.000","San Juan","WA","Truck","0","0","0","5918","5918","0"
"2017-12-31T00:00:00.000","Clark","NV","Passenger","1","1","2","719","721","0.2773925104022191400832177531"
"2018-05-31T00:00:00.000","Flathead","MT","Passenger","1","0","1","51","52","1.923076923076923076923076923"
"2018-04-30T00:00:00.000","Canyon","ID","Passenger","0","1","1","78","79","1.265822784810126582278481013"
"2017-12-31T00:00:00.000","Juneau","AK","Passenger","0","1","1","40","41","2.439024390243902439024390244"
"2018-07-31T00:00:00.000","Dallas","TX","Passenger","0","1","1","177","178","0.5617977528089887640449438202"
"2018-06-30T00:00:00.000","Santa Clara","CA","Passenger","7","0","7","367","374","1.871657754010695187165775401"
"2018-06-30T00:00:00.000","Washoe","NV","Passenger","1","0","1","104","105","0.9523809523809523809523809524"
"2018-05-31T00:00:00.000","Garfield","WA","Truck","0","0","0","988","988","0"
"2018-06-30T00:00:00.000","Saratoga","NY","Passenger","0","1","1","61","62","1.612903225806451612903225806"
"2018-04-30T00:00:00.000","Clallam","WA","Passenger","126","111","237","50564","50801","0.4665262494832778882305466428"
"2018-04-30T00:00:00.000","Clark","WA","Passenger","1040","695","1735","312566","314301","0.5520186063677812033687452474"
"2018-06-30T00:00:00.000","Shelby","TN","Passenger","0","1","1","111","112","0.8928571428571428571428571429"
"2018-04-30T00:00:00.000","Clark","WA","Truck","0","0","0","81170","81170","0"
"2017-12-31T00:00:00.000","Columbia","GA","Passenger","1","1","2","165","167","1.197604790419161676646706587"
"2018-06-30T00:00:00.000","Skagit","WA","Passenger","243","182","425","92447","92872","0.4576190886381255922129382376"
"2018-04-30T00:00:00.000","Columbia","WA","Truck","0","0","0","1591","1591","0"
"2018-06-30T00:00:00.000","Whitman","WA","Passenger","20","30","50","23101","23151","0.2159733920780959785754395059"
"2018-06-30T00:00:00.000","Snohomish","WA","Passenger","2503","1355","3858","530872","534730","0.7214856095599648420698296336"
"2017-12-31T00:00:00.000","Knox","TN","Passenger","1","0","1","37","38","2.631578947368421052631578947"
"2018-04-30T00:00:00.000","Clay","FL","Passenger","0","1","1","97","98","1.020408163265306122448979592"
"2018-04-30T00:00:00.000","Dakota","MN","Passenger","0","1","1","33","34","2.941176470588235294117647059"
"2018-05-31T00:00:00.000","Island","WA","Passenger","203","186","389","63679","64068","0.6071673846538053318349253918"
"2018-07-31T00:00:00.000","Fairfax City","VA","Passenger","1","0","1","9","10","10.0"
"2017-12-31T00:00:00.000","Cowlitz","WA","Truck","0","0","0","29110","29110","0"
"2017-12-31T00:00:00.000","Lane","OR","Passenger","0","1","1","208","209","0.4784688995215311004784688995"
"2018-05-31T00:00:00.000","Jefferson","WA","Passenger","150","97","247","24854","25101","0.9840245408549460180869288076"
"2018-07-31T00:00:00.000","Anne Arundel","MD","Passenger","0","2","2","461","463","0.4319654427645788336933045356"
"2018-07-31T00:00:00.000","Glacier","MT","Passenger","0","1","1","4","5","20.0"
"2018-06-30T00:00:00.000","Tulsa","OK","Passenger","0","1","1","43","44","2.272727272727272727272727273"
"2018-07-31T00:00:00.000","Asotin","WA","Passenger","11","8","19","12919","12938","0.1468542278559282733034472098"
"2017-12-31T00:00:00.000","Dale","AL","Passenger","0","1","1","71","72","1.388888888888888888888888889"
"2018-07-31T00:00:00.000","Asotin","WA","Truck","0","0","0","6865","6865","0"
"2018-07-31T00:00:00.000","Grays Harbor","WA","Passenger","64","68","132","47730","47862","0.2757929046007270903848564623"
"2018-04-30T00:00:00.000","Duval","FL","Passenger","1","1","2","377","379","0.5277044854881266490765171504"
"2018-05-31T00:00:00.000","Kitsap","WA","Passenger","855","473","1328","181271","182599","0.7272767101681827392263922584"
"2018-05-31T00:00:00.000","Kitsap","WA","Truck","1","0","1","54612","54613","0.001831065863439107904711332467"
"2017-12-31T00:00:00.000","Dallas","TX","Passenger","0","1","1","175","176","0.5681818181818181818181818182"
"2017-12-31T00:00:00.000","Dekalb","IN","Passenger","1","0","1","1","2","50.0"
"2018-06-30T00:00:00.000","Virginia Beach City","VA","Passenger","1","1","2","669","671","0.2980625931445603576751117735"
"2018-04-30T00:00:00.000","Ferry","WA","Truck","0","0","0","3723","3723","0"
"2018-04-30T00:00:00.000","Flathead","MT","Passenger","1","0","1","52","53","1.886792452830188679245283019"
"2018-07-31T00:00:00.000","Hardin","KY","Passenger","0","1","1","122","123","0.8130081300813008130081300813"
"2018-04-30T00:00:00.000","Douglas","WA","Passenger","42","32","74","28054","28128","0.2630830489192263936291240046"
"2018-04-30T00:00:00.000","Franklin","WA","Passenger","46","62","108","58771","58879","0.1834270283123014996857962941"
"2018-04-30T00:00:00.000","Douglas","WA","Truck","0","0","0","12259","12259","0"
"2018-07-31T00:00:00.000","Hennepin","MN","Passenger","1","0","1","104","105","0.9523809523809523809523809524"
"2017-12-31T00:00:00.000","El Paso","TX","Passenger","1","0","1","544","545","0.1834862385321100917431192661"
"2018-07-31T00:00:00.000","Caddo","LA","Passenger","0","1","1","20","21","4.761904761904761904761904762"
"2018-05-31T00:00:00.000","Lincoln","WA","Passenger","4","7","11","7884","7895","0.1393286890436985433818872704"
"2018-05-31T00:00:00.000","Lincoln","WA","Truck","0","0","0","4711","4711","0"
"2018-04-30T00:00:00.000","Fairfax","VA","Passenger","0","3","3","825","828","0.3623188405797101449275362319"
"2017-12-31T00:00:00.000","Lumpkin","GA","Passenger","1","0","1","10","11","9.090909090909090909090909091"
"2018-07-31T00:00:00.000","Ada","ID","Passenger","0","2","2","305","307","0.6514657980456026058631921824"
"2018-07-31T00:00:00.000","Alameda","CA","Passenger","0","1","1","333","334","0.2994011976047904191616766467"
"2017-12-31T00:00:00.000","Maricopa","AZ","Passenger","2","0","2","1496","1498","0.1335113484646194926568758344"
"2018-07-31T00:00:00.000","Cook","IL","Passenger","1","0","1","246","247","0.4048582995951417004048582996"
"2018-05-31T00:00:00.000","Marion","OR","Passenger","1","0","1","113","114","0.8771929824561403508771929825"
"2018-07-31T00:00:00.000","Kittitas","WA","Truck","0","0","0","14571","14571","0"
"2018-04-30T00:00:00.000","Jefferson","CO","Passenger","0","1","1","72","73","1.369863013698630136986301370"
"2018-07-31T00:00:00.000","Klickitat","WA","Truck","0","0","0","8408","8408","0"
"2018-07-31T00:00:00.000","Bexar","TX","Passenger","2","4","6","720","726","0.8264462809917355371900826446"
"2018-07-31T00:00:00.000","Larimer","CO","Passenger","0","1","1","48","49","2.040816326530612244897959184"
"2018-07-31T00:00:00.000","Broward","FL","Passenger","0","1","1","127","128","0.7812500"
"2018-04-30T00:00:00.000","Kent","MI","Passenger","0","1","1","31","32","3.12500"
"2017-12-31T00:00:00.000","Grant","WA","Truck","0","0","0","26702","26702","0"
"2018-04-30T00:00:00.000","King","WA","Truck","8","1","9","188749","188758","0.004768009832695832759406223842"
"2018-04-30T00:00:00.000","Hamilton","IN","Passenger","1","0","1","42","43","2.325581395348837209302325581"
"2017-12-31T00:00:00.000","Grays Harbor","WA","Passenger","50","47","97","46961","47058","0.2061286072506268859705044838"
"2017-12-31T00:00:00.000","Grays Harbor","WA","Truck","0","0","0","20742","20742","0"
"2018-05-31T00:00:00.000","Nassau","NY","Passenger","1","0","1","32","33","3.030303030303030303030303030"
"2018-07-31T00:00:00.000","Ferry","WA","Passenger","3","3","6","4604","4610","0.1301518438177874186550976139"
"2018-04-30T00:00:00.000","Island","WA","Passenger","200","186","386","63564","63950","0.6035965598123534010946051603"
"2017-12-31T00:00:00.000","Hamilton","TN","Passenger","1","0","1","19","20","5.00"
"2017-12-31T00:00:00.000","Montgomery","MD","Passenger","1","3","4","302","306","1.307189542483660130718954248"
"2018-04-30T00:00:00.000","Island","WA","Truck","0","0","0","21458","21458","0"
"2017-12-31T00:00:00.000","Hardin","KY","Passenger","0","1","1","124","125","0.800"
"2018-07-31T00:00:00.000","Franklin","WA","Truck","0","0","0","19426","19426","0"
"2018-04-30T00:00:00.000","Manatee","FL","Passenger","1","0","1","34","35","2.857142857142857142857142857"
"2018-07-31T00:00:00.000","Cowlitz","WA","Truck","0","0","0","29398","29398","0"
"2018-07-31T00:00:00.000","Gallatin","MT","Passenger","0","1","1","57","58","1.724137931034482758620689655"
"2018-04-30T00:00:00.000","Jefferson","NY","Passenger","1","0","1","245","246","0.4065040650406504065040650407"
"2018-05-31T00:00:00.000","Riley","KS","Passenger","1","0","1","88","89","1.123595505617977528089887640"
"2018-04-30T00:00:00.000","Marion","OR","Passenger","1","0","1","117","118","0.8474576271186440677966101695"
"2018-07-31T00:00:00.000","Oklahoma","OK","Passenger","0","1","1","117","118","0.8474576271186440677966101695"
"2018-05-31T00:00:00.000","Russell","AL","Passenger","1","0","1","51","52","1.923076923076923076923076923"
"2018-07-31T00:00:00.000","District Of Columbia","DC","Passenger","0","4","4","204","208","1.923076923076923076923076923"
"2018-07-31T00:00:00.000","Duval","FL","Passenger","1","1","2","380","382","0.5235602094240837696335078534"
"2018-07-31T00:00:00.000","Ozaukee","WI","Passenger","0","1","1","3","4","25.00"
"2018-07-31T00:00:00.000","El Paso","TX","Passenger","1","0","1","525","526","0.1901140684410646387832699620"
"2018-07-31T00:00:00.000","Pend Oreille","WA","Passenger","6","5","11","9934","9945","0.1106083459024635495223730518"
"2018-04-30T00:00:00.000","Kittitas","WA","Passenger","44","32","76","29519","29595","0.2568001351579658726136171651"
"2018-04-30T00:00:00.000","Klickitat","WA","Passenger","28","31","59","15448","15507","0.3804733346230734506996840137"
"2017-12-31T00:00:00.000","Pacific","WA","Passenger","23","14","37","15719","15756","0.2348311754252348311754252348"
"2018-04-30T00:00:00.000","Monroe","IL","Passenger","1","0","1","4","5","20.0"
"2018-07-31T00:00:00.000","Ferry","WA","Truck","0","0","0","3744","3744","0"
"2018-05-31T00:00:00.000","Snohomish","WA","Truck","1","0","1","125500","125501","0.0007968063999490043904032637190"
"2018-07-31T00:00:00.000","Flathead","MT","Passenger","1","0","1","48","49","2.040816326530612244897959184"
"2018-04-30T00:00:00.000","Montgomery","PA","Passenger","1","0","1","27","28","3.571428571428571428571428571"
"2018-07-31T00:00:00.000","Franklin","WA","Passenger","47","68","115","59461","59576","0.1930307506378407412380824493"
"2018-05-31T00:00:00.000","Stevens","WA","Truck","0","0","0","19435","19435","0"
"2018-04-30T00:00:00.000","Lincoln","WA","Truck","0","0","0","4716","4716","0"
"2018-07-31T00:00:00.000","Fulton","GA","Passenger","1","2","3","94","97","3.092783505154639175257731959"
"2018-07-31T00:00:00.000","Garfield","WA","Passenger","1","1","2","1355","1357","0.1473839351510685335298452469"
"2018-04-30T00:00:00.000","Multnomah","OR","Passenger","4","4","8","814","822","0.9732360097323600973236009732"
"2017-12-31T00:00:00.000","Prince George","VA","Passenger","0","1","1","77","78","1.282051282051282051282051282"
"2018-07-31T00:00:00.000","Grant","WA","Truck","0","0","0","26983","26983","0"
"2018-07-31T00:00:00.000","Lane","OR","Passenger","0","1","1","183","184","0.5434782608695652173913043478"
"2018-07-31T00:00:00.000","Grays Harbor","WA","Truck","0","0","0","20862","20862","0"
"2017-12-31T00:00:00.000","Larimer","CO","Passenger","0","1","1","60","61","1.639344262295081967213114754"
"2018-05-31T00:00:00.000","Walla Walla","WA","Passenger","35","42","77","36342","36419","0.2114281007166588868447788242"
"2017-12-31T00:00:00.000","Liberty","GA","Passenger","1","0","1","154","155","0.6451612903225806451612903226"
"2018-05-31T00:00:00.000","Washington","OR","Passenger","0","1","1","452","453","0.2207505518763796909492273731"
"2018-04-30T00:00:00.000","Orleans","LA","Passenger","0","1","1","51","52","1.923076923076923076923076923"
"2018-05-31T00:00:00.000","Whitman","WA","Truck","0","0","0","8749","8749","0"
"2018-07-31T00:00:00.000","Madison","ID","Passenger","1","0","1","38","39","2.564102564102564102564102564"
"2018-07-31T00:00:00.000","Sumter","FL","Passenger","0","1","1","9","10","10.0"
"2018-07-31T00:00:00.000","Maricopa","AZ","Passenger","2","1","3","1414","1417","0.2117148906139731827805222301"
"2018-04-30T00:00:00.000","Nassau","NY","Passenger","1","0","1","33","34","2.941176470588235294117647059"
"2018-07-31T00:00:00.000","Travis","TX","Passenger","0","1","1","177","178","0.5617977528089887640449438202"
"2018-06-30T00:00:00.000","NULL","WA","Passenger","0","0","0","1","1","0"
"2018-04-30T00:00:00.000","Northampton","PA","Passenger","0","1","1","67","68","1.470588235294117647058823529"
"2018-07-31T00:00:00.000","Kent","MI","Passenger","0","1","1","26","27","3.703703703703703703703703704"
"2018-07-31T00:00:00.000","Ventura","CA","Passenger","0","2","2","315","317","0.6309148264984227129337539432"
"2018-04-30T00:00:00.000","Pierce","WA","Truck","0","0","0","141799","141799","0"
"2018-06-30T00:00:00.000","Alexandria City","VA","Passenger","2","0","2","169","171","1.169590643274853801169590643"
"2018-07-31T00:00:00.000","King","WA","Truck","8","1","9","188050","188059","0.004785732137254797696467597935"
"2018-07-31T00:00:00.000","Wahkiakum","WA","Passenger","2","1","3","2989","2992","0.1002673796791443850267379679"
"2017-12-31T00:00:00.000","Santa Fe","NM","Passenger","0","1","1","41","42","2.380952380952380952380952381"
"2018-07-31T00:00:00.000","Monterey","CA","Passenger","0","2","2","202","204","0.9803921568627450980392156863"
"2018-04-30T00:00:00.000","Pacific","WA","Truck","0","0","0","7815","7815","0"
"2018-07-31T00:00:00.000","Lewis","WA","Truck","0","0","0","26446","26446","0"
"2018-06-30T00:00:00.000","Benton","WA","Passenger","206","210","416","134110","134526","0.3092339027399907824509760195"
"2018-07-31T00:00:00.000","Moore","NC","Passenger","0","1","1","198","199","0.5025125628140703517587939698"
"2017-12-31T00:00:00.000","Saratoga","NY","Passenger","0","1","1","66","67","1.492537313432835820895522388"
"2018-04-30T00:00:00.000","Pend Oreille","WA","Truck","0","0","0","5958","5958","0"
"2018-04-30T00:00:00.000","Prince William","VA","Passenger","0","4","4","261","265","1.509433962264150943396226415"
"2018-06-30T00:00:00.000","Brevard","FL","Passenger","0","1","1","86","87","1.149425287356321839080459770"
"2018-07-31T00:00:00.000","New Castle","DE","Passenger","1","0","1","25","26","3.846153846153846153846153846"
"2018-04-30T00:00:00.000","Pima","AZ","Passenger","0","1","1","395","396","0.2525252525252525252525252525"
"2018-07-31T00:00:00.000","Yakima","WA","Truck","0","0","0","60961","60961","0"
"2018-04-30T00:00:00.000","Polk","FL","Passenger","1","0","1","64","65","1.538461538461538461538461538"
"2017-12-31T00:00:00.000","Skagit","WA","Passenger","196","154","350","91620","91970","0.3805588778949657497009894531"
"2018-04-30T00:00:00.000","Riverside","CA","Passenger","0","2","2","701","703","0.2844950213371266002844950213"
"2018-08-31T00:00:00.000","Alexandria City","VA","Passenger","2","0","2","164","166","1.204819277108433734939759036"
"2018-07-31T00:00:00.000","Nueces","TX","Passenger","1","1","2","98","100","2.00"
"2018-06-30T00:00:00.000","Clackamas","OR","Passenger","0","1","1","214","215","0.4651162790697674418604651163"
"2018-04-30T00:00:00.000","Saint Clair","IL","Passenger","0","1","1","158","159","0.6289308176100628930817610063"
"2018-07-31T00:00:00.000","Monroe","IL","Passenger","1","0","1","4","5","20.0"
"2018-06-30T00:00:00.000","Clallam","WA","Passenger","133","118","251","50825","51076","0.4914245438170569347638812750"
"2018-07-31T00:00:00.000","Montgomery","PA","Passenger","2","0","2","25","27","7.407407407407407407407407407"
"2018-04-30T00:00:00.000","Russell","AL","Passenger","1","0","1","50","51","1.960784313725490196078431373"
"2017-12-31T00:00:00.000","New Castle","DE","Passenger","1","0","1","26","27","3.703703703703703703703703704"
"2017-12-31T00:00:00.000","Okaloosa","FL","Passenger","1","0","1","182","183","0.5464480874316939890710382514"
"2018-04-30T00:00:00.000","San Francisco","CA","Passenger","0","1","1","132","133","0.7518796992481203007518796992"
"2018-04-30T00:00:00.000","Santa Clara","CA","Passenger","6","1","7","372","379","1.846965699208443271767810026"
"2017-12-31T00:00:00.000","Twin Falls","ID","Passenger","0","1","1","24","25","4.00"
"2017-12-31T00:00:00.000","Oklahoma","OK","Passenger","0","1","1","122","123","0.8130081300813008130081300813"
"2018-06-30T00:00:00.000","Dakota","MN","Passenger","0","1","1","34","35","2.857142857142857142857142857"
"2018-08-31T00:00:00.000","Brevard","FL","Passenger","0","1","1","83","84","1.190476190476190476190476190"
"2018-04-30T00:00:00.000","Skamania","WA","Passenger","14","8","22","8967","8989","0.2447435754811436199799755256"
"2018-04-30T00:00:00.000","Skamania","WA","Truck","0","0","0","4112","4112","0"
"2017-12-31T00:00:00.000","Orange","FL","Passenger","1","1","2","140","142","1.408450704225352112676056338"
"2018-04-30T00:00:00.000","Spokane","WA","Passenger","358","319","677","308861","309538","0.2187130497709489626475586196"
"2017-12-31T00:00:00.000","Utah","UT","Passenger","0","1","1","131","132","0.7575757575757575757575757576"
"2017-12-31T00:00:00.000","Ozaukee","WI","Passenger","0","1","1","3","4","25.00"
"2017-12-31T00:00:00.000","Virginia Beach City","VA","Passenger","1","1","2","662","664","0.3012048192771084337349397590"
"2018-08-31T00:00:00.000","Chelan","WA","Truck","0","0","0","22645","22645","0"
"2018-06-30T00:00:00.000","Duval","FL","Passenger","1","1","2","377","379","0.5277044854881266490765171504"
"2018-07-31T00:00:00.000","San Juan","WA","Passenger","153","64","217","14450","14667","1.479511829276607349832958342"
"2018-07-31T00:00:00.000","Prince William","VA","Passenger","0","4","4","259","263","1.520912547528517110266159696"
"2018-04-30T00:00:00.000","Tarrant","TX","Passenger","1","0","1","208","209","0.4784688995215311004784688995"
"2018-07-31T00:00:00.000","San Mateo","CA","Passenger","1","1","2","135","137","1.459854014598540145985401460"
"2018-08-31T00:00:00.000","Columbia","WA","Passenger","2","2","4","2473","2477","0.1614856681469519580137262818"
"2018-07-31T00:00:00.000","Santa Fe","NM","Passenger","0","1","1","42","43","2.325581395348837209302325581"
"2018-07-31T00:00:00.000","Saint Clair","IL","Passenger","0","1","1","157","158","0.6329113924050632911392405063"
"2018-06-30T00:00:00.000","Ferry","WA","Truck","0","0","0","3725","3725","0"
"2018-04-30T00:00:00.000","Wahkiakum","WA","Truck","0","0","0","1726","1726","0"
"2018-04-30T00:00:00.000","Walla Walla","WA","Passenger","35","40","75","36246","36321","0.2064921120013215495168084579"
"2017-12-31T00:00:00.000","Whitman","WA","Passenger","18","24","42","22998","23040","0.1822916666666666666666666667"
"2018-04-30T00:00:00.000","Walla Walla","WA","Truck","0","0","0","13833","13833","0"
"2018-07-31T00:00:00.000","Sangamon","IL","Passenger","1","0","1","11","12","8.333333333333333333333333333"
"2018-08-31T00:00:00.000","Douglas","NE","Passenger","0","1","1","69","70","1.428571428571428571428571429"
"2018-08-31T00:00:00.000","Douglas","OR","Passenger","1","0","1","49","50","2.00"
"2018-04-30T00:00:00.000","Volusia","FL","Passenger","0","1","1","30","31","3.225806451612903225806451613"
"2018-04-30T00:00:00.000","Washtenaw","MI","Passenger","1","0","1","37","38","2.631578947368421052631578947"
"2018-04-30T00:00:00.000","Whatcom","WA","Passenger","645","285","930","149402","150332","0.6186307639092142724103983184"
"2017-12-31T00:00:00.000","Saint Lucie","FL","Passenger","1","0","1","24","25","4.00"
"2018-04-30T00:00:00.000","Whatcom","WA","Truck","2","0","2","43362","43364","0.004612120653076284475601881745"
"2018-04-30T00:00:00.000","Whitman","WA","Truck","0","0","0","8741","8741","0"
"2018-01-31T00:00:00.000","Alameda","CA","Passenger","0","1","1","355","356","0.2808988764044943820224719101"
"2018-07-31T00:00:00.000","Snohomish","WA","Passenger","2558","1391","3949","531789","535738","0.7371140370852916910878078464"
"2018-07-31T00:00:00.000","Spokane","WA","Truck","1","0","1","96143","96144","0.001040106506906307205857879847"
"2018-07-31T00:00:00.000","Utah","UT","Passenger","0","1","1","129","130","0.7692307692307692307692307692"
"2017-12-31T00:00:00.000","San Juan","WA","Truck","0","0","0","5851","5851","0"
"2018-07-31T00:00:00.000","Stevens","WA","Passenger","13","27","40","32636","32676","0.1224140041620761415105888114"
"2018-01-31T00:00:00.000","Anne Arundel","MD","Passenger","0","2","2","486","488","0.4098360655737704918032786885"
"2018-06-30T00:00:00.000","Jefferson","CO","Passenger","0","1","1","65","66","1.515151515151515151515151515"
"2018-05-31T00:00:00.000","NULL","NULL","Passenger","8","2","10","2269","2279","0.4387889425186485300570425625"
"2018-01-31T00:00:00.000","Asotin","WA","Passenger","8","5","13","12857","12870","0.1010101010101010101010101010"
"2017-12-31T00:00:00.000","Sangamon","IL","Passenger","1","0","1","10","11","9.090909090909090909090909091"
"2018-05-31T00:00:00.000","Adams","WA","Passenger","5","5","10","12989","12999","0.07692899453804138779906146627"
"2018-05-31T00:00:00.000","Adams","WA","Truck","0","0","0","5391","5391","0"
"2018-07-31T00:00:00.000","Thurston","WA","Passenger","661","530","1191","197085","198276","0.6006778430067179083701506990"
"2018-05-31T00:00:00.000","Arlington","VA","Passenger","1","2","3","168","171","1.754385964912280701754385965"
"2018-07-31T00:00:00.000","Yakima","WA","Passenger","77","101","178","168418","168596","0.1055778310280196445941777978"
"2017-12-31T00:00:00.000","Shelby","TN","Passenger","0","1","1","112","113","0.8849557522123893805309734513"
"2018-06-30T00:00:00.000","Kitsap","WA","Passenger","872","480","1352","181816","183168","0.7381201956673654786862334032"
"2018-07-31T00:00:00.000","Tuolumne","CA","Passenger","0","1","1","11","12","8.333333333333333333333333333"
"2018-08-31T00:00:00.000","NULL","WA","Truck","0","0","0","4","4","0"
"2018-05-31T00:00:00.000","Asotin","WA","Truck","0","0","0","6879","6879","0"
"2017-12-31T00:00:00.000","Spokane","WA","Truck","1","0","1","95087","95088","0.001051657412081440349991586741"
"2018-08-31T00:00:00.000","Beaufort","SC","Passenger","1","0","1","35","36","2.777777777777777777777777778"
"2018-06-30T00:00:00.000","Lumpkin","GA","Passenger","1","0","1","9","10","10.0"
"2018-08-31T00:00:00.000","King","WA","Passenger","14238","6212","20450","1393697","1414147","1.446101430756491369001949585"
"2018-05-31T00:00:00.000","Bexar","TX","Passenger","2","3","5","750","755","0.6622516556291390728476821192"
"2018-08-31T00:00:00.000","Benton","WA","Truck","0","0","0","42501","42501","0"
"2018-08-31T00:00:00.000","NULL","WA","Passenger","0","0","0","1","1","0"
"2018-08-31T00:00:00.000","Adams","WA","Truck","0","0","0","5401","5401","0"
"2018-06-30T00:00:00.000","Mason","WA","Truck","0","0","0","20673","20673","0"
"2017-12-31T00:00:00.000","Thurston","WA","Passenger","544","425","969","193972","194941","0.4970734735124986534387327448"
"2018-08-31T00:00:00.000","Lane","OR","Passenger","0","1","1","179","180","0.5555555555555555555555555556"
"2018-05-31T00:00:00.000","Broward","FL","Passenger","0","1","1","128","129","0.7751937984496124031007751938"
"2018-01-31T00:00:00.000","Canyon","ID","Passenger","0","1","1","86","87","1.149425287356321839080459770"
"2018-05-31T00:00:00.000","Clark","NV","Passenger","1","1","2","710","712","0.2808988764044943820224719101"
"2018-08-31T00:00:00.000","Benton","WA","Passenger","204","208","412","134737","135149","0.3048487225210693382858918675"
"2018-06-30T00:00:00.000","Monroe","IL","Passenger","1","0","1","4","5","20.0"
"2018-08-31T00:00:00.000","Lewis","WA","Passenger","89","70","159","59153","59312","0.2680739142163474507688157540"
"2018-05-31T00:00:00.000","Caddo","LA","Passenger","0","1","1","20","21","4.761904761904761904761904762"
"2018-05-31T00:00:00.000","Columbia","GA","Passenger","1","1","2","168","170","1.176470588235294117647058824"
"2018-08-31T00:00:00.000","Charles","MD","Passenger","0","1","1","82","83","1.204819277108433734939759036"
"2018-08-31T00:00:00.000","Bexar","TX","Passenger","3","4","7","718","725","0.9655172413793103448275862069"
"2018-08-31T00:00:00.000","Lumpkin","GA","Passenger","1","0","1","9","10","10.0"
"2018-08-31T00:00:00.000","Clallam","WA","Truck","0","0","0","22038","22038","0"
"2018-06-30T00:00:00.000","Norfolk City","VA","Passenger","3","2","5","347","352","1.420454545454545454545454545"
"2018-08-31T00:00:00.000","Clark","WA","Passenger","1170","800","1970","314856","316826","0.6217924034012360096709234722"
"2018-05-31T00:00:00.000","Dale","AL","Passenger","0","1","1","66","67","1.492537313432835820895522388"
"2018-06-30T00:00:00.000","Nueces","TX","Passenger","1","1","2","98","100","2.00"
"2018-05-31T00:00:00.000","Dallas","TX","Passenger","0","1","1","176","177","0.5649717514124293785310734463"
"2018-08-31T00:00:00.000","Maricopa","AZ","Passenger","2","1","3","1397","1400","0.2142857142857142857142857143"
"2018-06-30T00:00:00.000","Orange","CA","Passenger","3","1","4","574","578","0.6920415224913494809688581315"
"2018-05-31T00:00:00.000","Dekalb","IN","Passenger","1","0","1","1","2","50.0"
"2018-08-31T00:00:00.000","Mason","WA","Truck","0","0","0","20761","20761","0"
"2018-06-30T00:00:00.000","Orleans","LA","Passenger","0","1","1","50","51","1.960784313725490196078431373"
"2018-05-31T00:00:00.000","Chelan","WA","Passenger","105","50","155","54829","54984","0.2819001891459333624327076968"
"2018-05-31T00:00:00.000","Deschutes","OR","Passenger","1","0","1","155","156","0.6410256410256410256410256410"
"2018-08-31T00:00:00.000","Chelan","WA","Passenger","115","57","172","54977","55149","0.3118823550744347132314275871"
"2018-08-31T00:00:00.000","Clallam","WA","Passenger","135","121","256","51002","51258","0.4994342346560536891802255258"
"2018-05-31T00:00:00.000","Clay","FL","Passenger","0","1","1","94","95","1.052631578947368421052631579"
"2018-08-31T00:00:00.000","Clay","FL","Passenger","0","1","1","91","92","1.086956521739130434782608696"
"2018-08-31T00:00:00.000","Douglas","WA","Passenger","46","30","76","28382","28458","0.2670602291095649729425820507"
"2018-05-31T00:00:00.000","El Paso","CO","Passenger","2","1","3","753","756","0.3968253968253968253968253968"
"2018-08-31T00:00:00.000","Fairfax City","VA","Passenger","1","0","1","9","10","10.0"
"2018-06-30T00:00:00.000","Prince George","VA","Passenger","0","1","1","75","76","1.315789473684210526315789474"
"2018-01-31T00:00:00.000","Alexandria City","VA","Passenger","2","0","2","170","172","1.162790697674418604651162791"
"2018-08-31T00:00:00.000","Muscogee","GA","Passenger","0","1","1","200","201","0.4975124378109452736318407960"
"2018-01-31T00:00:00.000","Douglas","WA","Passenger","44","33","77","27891","27968","0.2753146453089244851258581236"
"2018-05-31T00:00:00.000","Frederick","MD","Passenger","0","1","1","92","93","1.075268817204301075268817204"
"2018-05-31T00:00:00.000","Cook","IL","Passenger","1","0","1","258","259","0.3861003861003861003861003861"
"2018-08-31T00:00:00.000","Norfolk City","VA","Passenger","3","2","5","354","359","1.392757660167130919220055710"
"2018-05-31T00:00:00.000","Garfield","OK","Passenger","1","0","1","19","20","5.00"
"2018-08-31T00:00:00.000","Glacier","MT","Passenger","0","1","1","4","5","20.0"
"2018-08-31T00:00:00.000","Dakota","MN","Passenger","0","1","1","32","33","3.030303030303030303030303030"
"2018-08-31T00:00:00.000","Orange","CA","Passenger","3","1","4","572","576","0.6944444444444444444444444444"
"2018-01-31T00:00:00.000","Fairfax","VA","Passenger","0","3","3","816","819","0.3663003663003663003663003663"
"2018-01-31T00:00:00.000","Benton","WA","Passenger","186","188","374","133603","133977","0.2791523918284481664763354904"
"2018-05-31T00:00:00.000","Dekalb","GA","Passenger","1","0","1","77","78","1.282051282051282051282051282"
"2018-08-31T00:00:00.000","Douglas","WA","Truck","0","0","0","12383","12383","0"
"2018-08-31T00:00:00.000","Pacific","WA","Passenger","30","23","53","15961","16014","0.3309604096415636318221556138"
"2018-06-30T00:00:00.000","Santa Rosa","FL","Passenger","1","0","1","91","92","1.086956521739130434782608696"
"2018-01-31T00:00:00.000","Ferry","WA","Passenger","2","3","5","4585","4590","0.1089324618736383442265795207"
"2018-08-31T00:00:00.000","Island","WA","Passenger","230","212","442","63890","64332","0.6870608717279114593048560592"
"2018-08-31T00:00:00.000","Pierce","WA","Passenger","1516","1316","2832","545150","547982","0.5168052965243383906770660350"
"2018-05-31T00:00:00.000","Honolulu","HI","Passenger","3","1","4","519","523","0.7648183556405353728489483748"
"2018-01-31T00:00:00.000","Brevard","FL","Passenger","0","1","1","92","93","1.075268817204301075268817204"
"2018-05-31T00:00:00.000","Douglas","WA","Truck","0","0","0","12274","12274","0"
"2018-08-31T00:00:00.000","Fulton","GA","Passenger","1","2","3","93","96","3.12500"
"2018-01-31T00:00:00.000","Franklin","WA","Passenger","41","54","95","58457","58552","0.1622489411121737942341849980"
"2018-08-31T00:00:00.000","Prince George","VA","Passenger","0","1","1","78","79","1.265822784810126582278481013"
"2018-08-31T00:00:00.000","Kittitas","WA","Passenger","54","33","87","29805","29892","0.2910477719791248494580489763"
"2018-08-31T00:00:00.000","Hamilton","IN","Passenger","1","0","1","41","42","2.380952380952380952380952381"
"2018-05-31T00:00:00.000","Franklin","WA","Truck","0","0","0","19338","19338","0"
"2018-01-31T00:00:00.000","Grays Harbor","WA","Truck","0","0","0","20765","20765","0"
"2018-08-31T00:00:00.000","Lincoln","WA","Passenger","5","7","12","7970","7982","0.1503382610874467551991981959"
"2018-08-31T00:00:00.000","Lincoln","WA","Truck","0","0","0","4729","4729","0"
"2018-05-31T00:00:00.000","Fulton","GA","Passenger","1","1","2","87","89","2.247191011235955056179775281"
"2018-05-31T00:00:00.000","Garfield","WA","Passenger","1","1","2","1364","1366","0.1464128843338213762811127379"
"2018-08-31T00:00:00.000","Santa Rosa","FL","Passenger","1","0","1","86","87","1.149425287356321839080459770"
"2018-01-31T00:00:00.000","Clallam","WA","Passenger","113","101","214","50289","50503","0.4237372037304714571411599311"
"2018-05-31T00:00:00.000","Latah","ID","Passenger","0","1","1","75","76","1.315789473684210526315789474"
"2018-08-31T00:00:00.000","Marion","OR","Passenger","1","0","1","108","109","0.9174311926605504587155963303"
"2018-05-31T00:00:00.000","Liberty","GA","Passenger","1","0","1","149","150","0.6666666666666666666666666667"
"2018-08-31T00:00:00.000","Island","WA","Truck","0","0","0","21613","21613","0"
"2018-08-31T00:00:00.000","Skamania","WA","Truck","0","0","0","4134","4134","0"
"2018-01-31T00:00:00.000","Howard","MD","Passenger","0","1","1","97","98","1.020408163265306122448979592"
"2018-08-31T00:00:00.000","Jefferson","CO","Passenger","0","1","1","64","65","1.538461538461538461538461538"
"2018-06-30T00:00:00.000","Yakima","WA","Passenger","72","97","169","168246","168415","0.1003473562331146275569278271"
"2018-01-31T00:00:00.000","Island","WA","Passenger","177","176","353","63258","63611","0.5549354671361871374447815629"
"2018-07-31T00:00:00.000","Allegheny","PA","Passenger","1","0","1","72","73","1.369863013698630136986301370"
"2018-08-31T00:00:00.000","Nassau","NY","Passenger","2","0","2","32","34","5.882352941176470588235294118"
"2018-05-31T00:00:00.000","Manassas City","VA","Passenger","0","1","1","9","10","10.0"
"2018-08-31T00:00:00.000","Kent","MI","Passenger","0","1","1","25","26","3.846153846153846153846153846"
"2018-08-31T00:00:00.000","Twin Falls","ID","Passenger","0","1","1","23","24","4.166666666666666666666666667"
"2018-05-31T00:00:00.000","Manatee","FL","Passenger","1","0","1","33","34","2.941176470588235294117647059"
"2018-05-31T00:00:00.000","Marion","IN","Passenger","1","0","1","120","121","0.8264462809917355371900826446"
"2018-08-31T00:00:00.000","Klickitat","WA","Passenger","28","34","62","15642","15704","0.3948038716250636780438104941"
"2018-01-31T00:00:00.000","Dakota","MN","Passenger","0","1","1","34","35","2.857142857142857142857142857"
"2018-08-31T00:00:00.000","Wahkiakum","WA","Truck","0","0","0","1745","1745","0"
"2018-08-31T00:00:00.000","Pacific","WA","Truck","0","0","0","7829","7829","0"
"2018-08-31T00:00:00.000","Whatcom","WA","Truck","2","0","2","43581","43583","0.004588945230938668746988504692"
"2018-05-31T00:00:00.000","Multnomah","OR","Passenger","3","4","7","804","811","0.8631319358816276202219482121"
"2018-08-31T00:00:00.000","Pend Oreille","WA","Passenger","6","5","11","9935","9946","0.1105972250150814397747838327"
"2018-08-31T00:00:00.000","Pend Oreille","WA","Truck","0","0","0","5995","5995","0"
"2018-05-31T00:00:00.000","Island","WA","Truck","0","0","0","21479","21479","0"
"2018-05-31T00:00:00.000","Okaloosa","FL","Passenger","1","0","1","167","168","0.5952380952380952380952380952"
"2018-01-31T00:00:00.000","Kittitas","WA","Passenger","40","27","67","29428","29495","0.2271571452788608238684522800"
"2018-01-31T00:00:00.000","Duval","FL","Passenger","1","1","2","370","372","0.5376344086021505376344086022"
"2018-08-31T00:00:00.000","Mason","WA","Passenger","113","99","212","47042","47254","0.4486392686333432090405045076"
"2018-05-31T00:00:00.000","Okanogan","WA","Passenger","0","5","5","6428","6433","0.07772423441629099953365459350"
"2018-05-31T00:00:00.000","Jackson","OK","Passenger","1","0","1","42","43","2.325581395348837209302325581"
"2018-09-30T00:00:00.000","Alameda","CA","Passenger","0","2","2","325","327","0.6116207951070336391437308869"
"2018-05-31T00:00:00.000","Okanogan","WA","Truck","0","0","0","4349","4349","0"
"2018-01-31T00:00:00.000","Lane","OR","Passenger","0","1","1","200","201","0.4975124378109452736318407960"
"2018-05-31T00:00:00.000","Orange","FL","Passenger","2","1","3","170","173","1.734104046242774566473988439"
"2018-07-31T00:00:00.000","Chelan","WA","Passenger","115","54","169","54849","55018","0.3071721981896833763495583264"
"2018-08-31T00:00:00.000","Miami-Dade","FL","Passenger","0","1","1","109","110","0.9090909090909090909090909091"
"2018-05-31T00:00:00.000","Ozaukee","WI","Passenger","0","1","1","3","4","25.00"
"2018-08-31T00:00:00.000","Riley","KS","Passenger","1","0","1","82","83","1.204819277108433734939759036"
"2018-01-31T00:00:00.000","Lewis","WA","Truck","0","0","0","26280","26280","0"
"2018-07-31T00:00:00.000","Clark","WA","Truck","0","0","0","81569","81569","0"
"2018-08-31T00:00:00.000","Montgomery","TX","Passenger","1","0","1","51","52","1.923076923076923076923076923"
"2018-08-31T00:00:00.000","Russell","AL","Passenger","1","0","1","48","49","2.040816326530612244897959184"
"2018-01-31T00:00:00.000","Lincoln","WA","Truck","0","0","0","4691","4691","0"
"2018-07-31T00:00:00.000","Clay","FL","Passenger","0","1","1","90","91","1.098901098901098901098901099"
"2018-09-30T00:00:00.000","Beaufort","SC","Passenger","1","0","1","34","35","2.857142857142857142857142857"
"2018-01-31T00:00:00.000","Ferry","WA","Truck","0","0","0","3764","3764","0"
"2018-01-31T00:00:00.000","Flathead","MT","Passenger","1","0","1","54","55","1.818181818181818181818181818"
"2018-05-31T00:00:00.000","Pierce","WA","Truck","0","0","0","141936","141936","0"
"2018-05-31T00:00:00.000","Pinal","AZ","Passenger","2","0","2","180","182","1.098901098901098901098901099"
"2018-07-31T00:00:00.000","Dekalb","GA","Passenger","1","0","1","76","77","1.298701298701298701298701299"
"2018-08-31T00:00:00.000","Skamania","WA","Passenger","16","10","26","8923","8949","0.2905352553357917085707900324"
"2018-01-31T00:00:00.000","Maricopa","AZ","Passenger","2","0","2","1496","1498","0.1335113484646194926568758344"
"2018-09-30T00:00:00.000","Camden","GA","Passenger","0","1","1","162","163","0.6134969325153374233128834356"
"2018-07-31T00:00:00.000","Douglas","WA","Passenger","44","31","75","28317","28392","0.2641589180050718512256973795"
"2018-01-31T00:00:00.000","Marion","OR","Passenger","1","0","1","126","127","0.7874015748031496062992125984"
"2018-08-31T00:00:00.000","Pima","AZ","Passenger","0","1","1","389","390","0.2564102564102564102564102564"
"2018-07-31T00:00:00.000","Douglas","WA","Truck","0","0","0","12330","12330","0"
"2018-05-31T00:00:00.000","Riverside","CA","Passenger","0","2","2","695","697","0.2869440459110473457675753228"
"2018-08-31T00:00:00.000","Polk","FL","Passenger","1","0","1","64","65","1.538461538461538461538461538"
"2018-07-31T00:00:00.000","Dupage","IL","Passenger","1","0","1","59","60","1.666666666666666666666666667"
"2018-08-31T00:00:00.000","Prince William","VA","Passenger","0","4","4","256","260","1.538461538461538461538461538"
"2018-05-31T00:00:00.000","Los Angeles","CA","Passenger","8","4","12","1156","1168","1.027397260273972602739726027"
"2018-07-31T00:00:00.000","Fairfax","VA","Passenger","0","3","3","817","820","0.3658536585365853658536585366"
"2018-09-30T00:00:00.000","Clark","NV","Passenger","1","1","2","693","695","0.2877697841726618705035971223"
"2018-05-31T00:00:00.000","San Diego","CA","Passenger","6","3","9","2642","2651","0.3394945303658996605054696341"
"2018-08-31T00:00:00.000","Wahkiakum","WA","Passenger","2","2","4","3006","3010","0.1328903654485049833887043189"
"2018-01-31T00:00:00.000","Montgomery","PA","Passenger","1","0","1","28","29","3.448275862068965517241379310"
"2018-05-31T00:00:00.000","San Juan","WA","Truck","0","0","0","5912","5912","0"
"2018-08-31T00:00:00.000","Walla Walla","WA","Passenger","35","48","83","36597","36680","0.2262813522355507088331515812"
"2018-08-31T00:00:00.000","Saint Clair","IL","Passenger","0","1","1","160","161","0.6211180124223602484472049689"
"2018-05-31T00:00:00.000","Santa Clara","CA","Passenger","7","0","7","374","381","1.837270341207349081364829396"
"2018-09-30T00:00:00.000","Columbia","GA","Passenger","1","1","2","163","165","1.212121212121212121212121212"
"2018-05-31T00:00:00.000","Marin","CA","Passenger","1","0","1","54","55","1.818181818181818181818181818"
"2018-01-31T00:00:00.000","Nassau","NY","Passenger","1","0","1","34","35","2.857142857142857142857142857"
"2018-07-31T00:00:00.000","Grant","WA","Passenger","35","51","86","65120","65206","0.1318897034015274667975339693"
"2018-09-30T00:00:00.000","Cowlitz","WA","Truck","0","0","0","29426","29426","0"
"2018-05-31T00:00:00.000","Shelby","TN","Passenger","0","1","1","111","112","0.8928571428571428571428571429"
"2018-08-31T00:00:00.000","Washtenaw","MI","Passenger","1","0","1","34","35","2.857142857142857142857142857"
"2018-01-31T00:00:00.000","New Castle","DE","Passenger","1","0","1","26","27","3.703703703703703703703703704"
"2018-07-31T00:00:00.000","Gwinnett","GA","Passenger","0","1","1","83","84","1.190476190476190476190476190"
"2018-05-31T00:00:00.000","Mason","WA","Passenger","97","95","192","46634","46826","0.4100286165805321829752701491"
"2018-08-31T00:00:00.000","Whatcom","WA","Passenger","701","337","1038","150763","151801","0.6837899618579587749751319161"
"2018-01-31T00:00:00.000","Northampton","PA","Passenger","0","1","1","69","70","1.428571428571428571428571429"
"2018-08-31T00:00:00.000","Whitman","WA","Truck","0","0","0","8779","8779","0"
"2018-09-30T00:00:00.000","Dale","AL","Passenger","0","1","1","65","66","1.515151515151515151515151515"
"2018-09-30T00:00:00.000","Dekalb","IN","Passenger","1","0","1","1","2","50.0"
"2018-05-31T00:00:00.000","Miami-Dade","FL","Passenger","0","1","1","112","113","0.8849557522123893805309734513"
"2018-08-31T00:00:00.000","Tarrant","TX","Passenger","1","0","1","202","203","0.4926108374384236453201970443"
"2018-07-31T00:00:00.000","Island","WA","Passenger","221","204","425","63778","64203","0.6619628366275719203152500662"
"2018-09-30T00:00:00.000","District Of Columbia","DC","Passenger","0","4","4","208","212","1.886792452830188679245283019"
"2018-08-31T00:00:00.000","Thurston","WA","Passenger","685","551","1236","197535","198771","0.6218210906017477398614486017"
"2018-07-31T00:00:00.000","Island","WA","Truck","0","0","0","21554","21554","0"
"2018-09-30T00:00:00.000","Douglas","NE","Passenger","0","1","1","67","68","1.470588235294117647058823529"
"2018-07-31T00:00:00.000","Jackson","OK","Passenger","1","0","1","40","41","2.439024390243902439024390244"
"2018-05-31T00:00:00.000","Tulsa","OK","Passenger","0","1","1","43","44","2.272727272727272727272727273"
"2018-08-31T00:00:00.000","Walla Walla","WA","Truck","0","0","0","13977","13977","0"
"2018-09-30T00:00:00.000","Asotin","WA","Truck","0","0","0","6854","6854","0"
"2018-09-30T00:00:00.000","Ferry","WA","Passenger","2","2","4","4594","4598","0.08699434536755110917790343628"
"2018-07-31T00:00:00.000","Jefferson","WA","Truck","0","0","0","9843","9843","0"
"2018-01-31T00:00:00.000","Pend Oreille","WA","Truck","0","0","0","5929","5929","0"
"2018-05-31T00:00:00.000","Moore","NC","Passenger","0","1","1","199","200","0.500"
"2018-05-31T00:00:00.000","Volusia","FL","Passenger","0","1","1","31","32","3.12500"
"2018-07-31T00:00:00.000","Juneau","AK","Passenger","0","1","1","41","42","2.380952380952380952380952381"
"2018-07-31T00:00:00.000","Kent","DE","Passenger","0","1","1","72","73","1.369863013698630136986301370"
"2018-09-30T00:00:00.000","NULL","CA","Passenger","1","1","2","286","288","0.6944444444444444444444444444"
"2018-09-30T00:00:00.000","Broward","FL","Passenger","0","1","1","131","132","0.7575757575757575757575757576"
"2018-01-31T00:00:00.000","Kitsap","WA","Passenger","782","419","1201","180269","181470","0.6618173802832424092136441285"
"2018-07-31T00:00:00.000","Kitsap","WA","Truck","1","0","1","54810","54811","0.001824451296272646001714984218"
"2018-09-30T00:00:00.000","Grant","WA","Truck","0","0","0","27111","27111","0"
"2018-09-30T00:00:00.000","Caddo","LA","Passenger","1","1","2","22","24","8.333333333333333333333333333"
"2018-09-30T00:00:00.000","Grays Harbor","WA","Truck","0","0","0","20930","20930","0"
"2018-09-30T00:00:00.000","Allegheny","PA","Passenger","1","0","1","73","74","1.351351351351351351351351351"
"2018-09-30T00:00:00.000","Carson City","NV","Passenger","1","0","1","11","12","8.333333333333333333333333333"
"2018-07-31T00:00:00.000","Kootenai","ID","Passenger","0","1","1","204","205","0.4878048780487804878048780488"
"2018-05-31T00:00:00.000","Pima","AZ","Passenger","0","1","1","390","391","0.2557544757033248081841432225"
"2018-05-31T00:00:00.000","Polk","FL","Passenger","1","0","1","65","66","1.515151515151515151515151515"
"2018-09-30T00:00:00.000","Clackamas","OR","Passenger","0","1","1","204","205","0.4878048780487804878048780488"
"2018-07-31T00:00:00.000","Lincoln","WA","Truck","0","0","0","4717","4717","0"
"2018-07-31T00:00:00.000","Los Angeles","CA","Passenger","8","4","12","1132","1144","1.048951048951048951048951049"
"2018-09-30T00:00:00.000","Cook","IL","Passenger","1","0","1","246","247","0.4048582995951417004048582996"
"2018-09-30T00:00:00.000","Cumberland","NC","Passenger","0","1","1","553","554","0.1805054151624548736462093863"
"2018-07-31T00:00:00.000","Marin","CA","Passenger","1","0","1","53","54","1.851851851851851851851851852"
"2018-09-30T00:00:00.000","Bryan","GA","Passenger","1","0","1","60","61","1.639344262295081967213114754"
"2018-01-31T00:00:00.000","Lumpkin","GA","Passenger","1","0","1","9","10","10.0"
"2018-05-31T00:00:00.000","Saint Lucie","FL","Passenger","1","0","1","24","25","4.00"
"2018-09-30T00:00:00.000","Kittitas","WA","Passenger","59","35","94","29889","29983","0.3135109895607510922856285228"
"2018-09-30T00:00:00.000","Klamath","OR","Passenger","1","0","1","25","26","3.846153846153846153846153846"
"2018-07-31T00:00:00.000","Montgomery","MD","Passenger","1","3","4","289","293","1.365187713310580204778156997"
"2018-06-30T00:00:00.000","Bexar","TX","Passenger","2","4","6","734","740","0.8108108108108108108108108108"
"2018-01-31T00:00:00.000","Mason","WA","Truck","0","0","0","20387","20387","0"
"2018-09-30T00:00:00.000","Duval","FL","Passenger","1","1","2","376","378","0.5291005291005291005291005291"
"2018-09-30T00:00:00.000","Lane","OR","Passenger","0","1","1","175","176","0.5681818181818181818181818182"
"2018-07-31T00:00:00.000","Nassau","NY","Passenger","2","0","2","33","35","5.714285714285714285714285714"
"2018-09-30T00:00:00.000","Ferry","WA","Truck","0","0","0","3762","3762","0"
"2018-07-31T00:00:00.000","Pacific","WA","Truck","0","0","0","7828","7828","0"
"2018-07-31T00:00:00.000","Palm Beach","FL","Passenger","0","1","1","74","75","1.333333333333333333333333333"
"2018-01-31T00:00:00.000","Wahkiakum","WA","Truck","0","0","0","1735","1735","0"
"2018-07-31T00:00:00.000","Pima","AZ","Passenger","0","1","1","387","388","0.2577319587628865979381443299"
"2018-09-30T00:00:00.000","Maricopa","AZ","Passenger","2","1","3","1393","1396","0.2148997134670487106017191977"
"2018-09-30T00:00:00.000","Marion","IN","Passenger","1","0","1","119","120","0.8333333333333333333333333333"
"2018-01-31T00:00:00.000","Walla Walla","WA","Passenger","30","33","63","36200","36263","0.1737307999889694730165733668"
"2018-09-30T00:00:00.000","Garfield","WA","Passenger","1","1","2","1356","1358","0.1472754050073637702503681885"
"2018-07-31T00:00:00.000","Polk","FL","Passenger","1","0","1","65","66","1.515151515151515151515151515"
"2018-09-30T00:00:00.000","Maui","HI","Passenger","1","0","1","53","54","1.851851851851851851851851852"
"2018-09-30T00:00:00.000","Dekalb","GA","Passenger","1","0","1","74","75","1.333333333333333333333333333"
"2018-01-31T00:00:00.000","Montgomery","TN","Passenger","1","0","1","260","261","0.3831417624521072796934865900"
"2018-09-30T00:00:00.000","Muscogee","GA","Passenger","0","1","1","198","199","0.5025125628140703517587939698"
"2018-06-30T00:00:00.000","Chelan","WA","Passenger","113","55","168","54863","55031","0.3052824771492431538587341680"
"2018-06-30T00:00:00.000","Chelan","WA","Truck","0","0","0","22552","22552","0"
"2018-09-30T00:00:00.000","New Castle","DE","Passenger","1","0","1","27","28","3.571428571428571428571428571"
"2018-05-31T00:00:00.000","Thurston","WA","Passenger","627","499","1126","195934","197060","0.5713995737338881558916066173"
"2018-09-30T00:00:00.000","Franklin","WA","Truck","0","0","0","19554","19554","0"
"2018-07-31T00:00:00.000","San Francisco","CA","Passenger","1","1","2","119","121","1.652892561983471074380165289"
"2018-05-31T00:00:00.000","Tuolumne","CA","Passenger","0","1","1","11","12","8.333333333333333333333333333"
"2018-09-30T00:00:00.000","Fresno","CA","Passenger","1","0","1","186","187","0.5347593582887700534759358289"
"2018-01-31T00:00:00.000","Nueces","TX","Passenger","1","1","2","102","104","1.923076923076923076923076923"
"2018-09-30T00:00:00.000","Orange","FL","Passenger","2","1","3","167","170","1.764705882352941176470588235"
"2018-07-31T00:00:00.000","Saratoga","NY","Passenger","0","1","1","60","61","1.639344262295081967213114754"
"2018-06-30T00:00:00.000","Clark","WA","Truck","0","0","0","81460","81460","0"
"2018-09-30T00:00:00.000","Gallatin","MT","Passenger","0","1","1","57","58","1.724137931034482758620689655"
"2018-01-31T00:00:00.000","Orange","CA","Passenger","3","1","4","589","593","0.6745362563237774030354131535"
"2018-09-30T00:00:00.000","Garfield","WA","Truck","0","0","0","997","997","0"
"2018-06-30T00:00:00.000","Clay","FL","Passenger","0","1","1","92","93","1.075268817204301075268817204"
"2018-09-30T00:00:00.000","Pend Oreille","WA","Truck","0","0","0","6015","6015","0"
"2018-01-31T00:00:00.000","Orleans","LA","Passenger","0","1","1","50","51","1.960784313725490196078431373"
"2018-09-30T00:00:00.000","Kitsap","WA","Passenger","916","518","1434","182603","184037","0.7791911409118818498454115205"
"2018-07-31T00:00:00.000","Skamania","WA","Passenger","15","9","24","8891","8915","0.2692091979809310151430173864"
"2018-02-28T00:00:00.000","Adams","WA","Truck","0","0","0","5382","5382","0"
"2018-05-31T00:00:00.000","Walla Walla","WA","Truck","0","0","0","13883","13883","0"
"2018-07-31T00:00:00.000","Spokane","WA","Passenger","383","353","736","310743","311479","0.2362920132657418317125713130"
"2018-09-30T00:00:00.000","San Diego","CA","Passenger","6","4","10","2617","2627","0.3806623524933384088313665778"
"2018-07-31T00:00:00.000","Walla Walla","WA","Passenger","35","44","79","36478","36557","0.2161008835517137620701917553"
"2018-09-30T00:00:00.000","Lumpkin","GA","Passenger","1","0","1","9","10","10.0"
"2018-07-31T00:00:00.000","Walla Walla","WA","Truck","0","0","0","13948","13948","0"
"2018-09-30T00:00:00.000","Jefferson","WA","Passenger","164","105","269","25136","25405","1.058846683723676441645345404"
"2018-02-28T00:00:00.000","Benton","WA","Passenger","187","188","375","133379","133754","0.2803654470146687201878074674"
"2018-09-30T00:00:00.000","San Juan","WA","Truck","0","0","0","5967","5967","0"
"2018-01-31T00:00:00.000","Prince George","VA","Passenger","0","1","1","77","78","1.282051282051282051282051282"
"2018-06-30T00:00:00.000","Cowlitz","WA","Passenger","68","84","152","73177","73329","0.2072849759303958870296881179"
"2018-06-30T00:00:00.000","NULL","CA","Passenger","1","1","2","303","305","0.6557377049180327868852459016"
"2018-02-28T00:00:00.000","Bexar","TX","Passenger","2","2","4","781","785","0.5095541401273885350318471338"
"2018-06-30T00:00:00.000","NULL","WA","Truck","0","0","0","3","3","0"
"2018-09-30T00:00:00.000","Kent","DE","Passenger","0","1","1","73","74","1.351351351351351351351351351"
"2018-09-30T00:00:00.000","Shelby","TN","Passenger","0","1","1","110","111","0.9009009009009009009009009009"
"2018-06-30T00:00:00.000","Adams","WA","Truck","0","0","0","5395","5395","0"
"2018-09-30T00:00:00.000","Kittitas","WA","Truck","0","0","0","14614","14614","0"
"2018-07-31T00:00:00.000","Whatcom","WA","Passenger","686","334","1020","150542","151562","0.6729919109011493646164605904"
"2018-09-30T00:00:00.000","Kootenai","ID","Passenger","0","1","1","199","200","0.500"
"2018-07-31T00:00:00.000","Whitman","WA","Passenger","20","30","50","23138","23188","0.2156287735035363118854579955"
"2018-06-30T00:00:00.000","Allegheny","PA","Passenger","1","0","1","72","73","1.369863013698630136986301370"
"2018-09-30T00:00:00.000","Skagit","WA","Passenger","256","191","447","92741","93188","0.4796754946988882688758209211"
"2018-09-30T00:00:00.000","Monroe","IL","Passenger","1","0","1","4","5","20.0"
"2018-09-30T00:00:00.000","Snohomish","WA","Passenger","2669","1428","4097","533658","537755","0.7618711123095089771364282991"
"2018-06-30T00:00:00.000","Douglas","WA","Truck","0","0","0","12320","12320","0"
"2018-06-30T00:00:00.000","Arlington","VA","Passenger","1","2","3","167","170","1.764705882352941176470588235"
"2018-09-30T00:00:00.000","Moore","NC","Passenger","0","1","1","199","200","0.500"
"2018-06-30T00:00:00.000","El Paso","TX","Passenger","1","0","1","534","535","0.1869158878504672897196261682"
"2018-08-31T00:00:00.000","Ada","ID","Passenger","0","2","2","297","299","0.6688963210702341137123745819"
"2018-08-31T00:00:00.000","Alameda","CA","Passenger","0","1","1","330","331","0.3021148036253776435045317221"
"2018-09-30T00:00:00.000","Madison","ID","Passenger","1","0","1","36","37","2.702702702702702702702702703"
"2018-09-30T00:00:00.000","Virginia Beach City","VA","Passenger","1","1","2","677","679","0.2945508100147275405007363770"
"2018-06-30T00:00:00.000","Benton","WA","Truck","0","0","0","42343","42343","0"
"2018-09-30T00:00:00.000","Nueces","TX","Passenger","1","1","2","96","98","2.040816326530612244897959184"
"2018-01-31T00:00:00.000","Santa Rosa","FL","Passenger","1","0","1","95","96","1.041666666666666666666666667"
"2018-09-30T00:00:00.000","Wahkiakum","WA","Truck","0","0","0","1743","1743","0"
"2018-06-30T00:00:00.000","Fulton","GA","Passenger","1","1","2","90","92","2.173913043478260869565217391"
"2018-02-28T00:00:00.000","Chelan","WA","Passenger","95","40","135","54624","54759","0.2465348161945981482496028050"
"2018-09-30T00:00:00.000","Mecklenburg","NC","Passenger","1","0","1","80","81","1.234567901234567901234567901"
"2018-09-30T00:00:00.000","Washtenaw","MI","Passenger","1","0","1","33","34","2.941176470588235294117647059"
"2018-06-30T00:00:00.000","Grant","WA","Passenger","33","49","82","65030","65112","0.1259368472785354466150632756"
"2018-06-30T00:00:00.000","Grays Harbor","WA","Passenger","62","64","126","47582","47708","0.2641066487800788127777311981"
"2018-09-30T00:00:00.000","Monterey","CA","Passenger","0","2","2","204","206","0.9708737864077669902912621359"
"2018-02-28T00:00:00.000","Clallam","WA","Passenger","116","107","223","50347","50570","0.4409729088392327466877595412"
"2018-02-28T00:00:00.000","Clay","FL","Passenger","0","1","1","98","99","1.010101010101010101010101010"
"2018-09-30T00:00:00.000","Prince George","VA","Passenger","0","1","1","76","77","1.298701298701298701298701299"
"2018-10-31T00:00:00.000","Adams","WA","Passenger","5","5","10","13113","13123","0.07620208793720947953973938886"
"2018-06-30T00:00:00.000","Hamilton","IN","Passenger","1","0","1","40","41","2.439024390243902439024390244"
"2018-09-30T00:00:00.000","Palm Beach","FL","Passenger","0","1","1","77","78","1.282051282051282051282051282"
"2018-06-30T00:00:00.000","Hardin","KY","Passenger","0","1","1","122","123","0.8130081300813008130081300813"
"2018-08-31T00:00:00.000","Clark","NV","Passenger","1","1","2","695","697","0.2869440459110473457675753228"
"2018-06-30T00:00:00.000","Charles","MD","Passenger","0","1","1","83","84","1.190476190476190476190476190"
"2018-10-31T00:00:00.000","Benton","WA","Passenger","207","226","433","135095","135528","0.3194911752552977982409538988"
"2018-08-31T00:00:00.000","Cochise","AZ","Passenger","0","1","1","123","124","0.8064516129032258064516129032"
"2018-06-30T00:00:00.000","Clallam","WA","Truck","0","0","0","22036","22036","0"
"2018-09-30T00:00:00.000","Santa Fe","NM","Passenger","0","1","1","40","41","2.439024390243902439024390244"
"2018-08-31T00:00:00.000","Columbia","GA","Passenger","1","1","2","166","168","1.190476190476190476190476190"
"2018-06-30T00:00:00.000","Island","WA","Truck","0","0","0","21527","21527","0"
"2018-08-31T00:00:00.000","Cowlitz","WA","Truck","0","0","0","29437","29437","0"
"2018-09-30T00:00:00.000","San Juan","WA","Passenger","163","70","233","14512","14745","1.580196676839606646320786707"
"2018-10-31T00:00:00.000","Clallam","WA","Passenger","144","126","270","51200","51470","0.5245774237419856226928307752"
"2018-09-30T00:00:00.000","San Mateo","CA","Passenger","1","1","2","136","138","1.449275362318840579710144928"
"2018-08-31T00:00:00.000","Dale","AL","Passenger","0","1","1","65","66","1.515151515151515151515151515"
"2018-02-28T00:00:00.000","Douglas","WA","Truck","0","0","0","12186","12186","0"
"2018-10-31T00:00:00.000","Columbia","WA","Truck","0","0","0","1589","1589","0"
"2018-09-30T00:00:00.000","Stevens","WA","Passenger","15","30","45","32618","32663","0.1377705660839481982671524355"
"2018-06-30T00:00:00.000","Kent","MI","Passenger","0","1","1","25","26","3.846153846153846153846153846"
"2018-06-30T00:00:00.000","Dallas","TX","Passenger","0","1","1","176","177","0.5649717514124293785310734463"
"2018-09-30T00:00:00.000","Snohomish","WA","Truck","1","0","1","125671","125672","0.0007957221974664205232669170539"
"2018-08-31T00:00:00.000","Dekalb","IN","Passenger","1","0","1","1","2","50.0"
"2018-08-31T00:00:00.000","Deschutes","OR","Passenger","2","0","2","145","147","1.360544217687074829931972789"
"2018-06-30T00:00:00.000","King","WA","Passenger","13622","5943","19565","1392570","1412135","1.385490763985029759902558891"
"2018-10-31T00:00:00.000","Dakota","MN","Passenger","0","1","1","30","31","3.225806451612903225806451613"
"2018-09-30T00:00:00.000","Stevens","WA","Truck","0","0","0","19480","19480","0"
"2018-06-30T00:00:00.000","Dekalb","GA","Passenger","1","0","1","76","77","1.298701298701298701298701299"
"2018-06-30T00:00:00.000","Klickitat","WA","Passenger","28","32","60","15538","15598","0.3846647006026413642774714707"
"2018-09-30T00:00:00.000","Sumter","FL","Passenger","0","1","1","9","10","10.0"
"2018-06-30T00:00:00.000","Klickitat","WA","Truck","0","0","0","8406","8406","0"
"2018-08-31T00:00:00.000","El Paso","CO","Passenger","2","1","3","747","750","0.400"
"2018-09-30T00:00:00.000","Thurston","WA","Truck","0","0","0","56111","56111","0"
"2018-10-31T00:00:00.000","Duval","FL","Passenger","1","1","2","376","378","0.5291005291005291005291005291"
"2018-01-31T00:00:00.000","Yakima","WA","Passenger","73","83","156","167363","167519","0.09312376506545526179119980420"
"2018-08-31T00:00:00.000","El Paso","TX","Passenger","1","0","1","522","523","0.1912045889101338432122370937"
"2018-02-28T00:00:00.000","Fulton","GA","Passenger","1","1","2","96","98","2.040816326530612244897959184"
"2018-09-30T00:00:00.000","Tuolumne","CA","Passenger","0","1","1","12","13","7.692307692307692307692307692"
"2018-06-30T00:00:00.000","Larimer","CO","Passenger","0","1","1","48","49","2.040816326530612244897959184"
"2018-09-30T00:00:00.000","Utah","UT","Passenger","0","1","1","131","132","0.7575757575757575757575757576"
"2018-02-28T00:00:00.000","Ada","ID","Passenger","0","2","2","332","334","0.5988023952095808383233532934"
"2018-10-31T00:00:00.000","Ferry","WA","Truck","0","0","0","3758","3758","0"
"2018-02-28T00:00:00.000","Alameda","CA","Passenger","0","1","1","354","355","0.2816901408450704225352112676"
"2018-06-30T00:00:00.000","Lewis","WA","Passenger","86","68","154","58980","59134","0.2604254743463997023708864613"
"2018-10-31T00:00:00.000","Flathead","MT","Passenger","1","0","1","49","50","2.00"
"2018-08-31T00:00:00.000","Ferry","WA","Passenger","2","2","4","4599","4603","0.08689984792526613078427112753"
"2018-10-31T00:00:00.000","Franklin","WA","Passenger","43","68","111","60006","60117","0.1846399520934178352213184291"
"2018-09-30T00:00:00.000","Washington","OR","Passenger","0","1","1","440","441","0.2267573696145124716553287982"
"2018-08-31T00:00:00.000","Fresno","CA","Passenger","1","0","1","190","191","0.5235602094240837696335078534"
"2018-02-28T00:00:00.000","Hamilton","IN","Passenger","1","0","1","46","47","2.127659574468085106382978723"
"2018-06-30T00:00:00.000","Franklin","WA","Truck","0","0","0","19360","19360","0"
"2018-06-30T00:00:00.000","Frederick","MD","Passenger","0","1","1","90","91","1.098901098901098901098901099"
"2018-08-31T00:00:00.000","Garfield","OK","Passenger","1","0","1","17","18","5.555555555555555555555555556"
"2018-09-30T00:00:00.000","Yakima","WA","Passenger","78","101","179","168711","168890","0.1059861448279945526674166617"
"2018-09-30T00:00:00.000","Yakima","WA","Truck","0","0","0","61100","61100","0"
"2018-10-31T00:00:00.000","NULL","WA","Truck","0","0","0","4","4","0"
"2018-06-30T00:00:00.000","Gallatin","MT","Passenger","0","1","1","58","59","1.694915254237288135593220339"
"2018-08-31T00:00:00.000","Grant","WA","Truck","0","0","0","27031","27031","0"
"2018-10-31T00:00:00.000","Benton","WA","Truck","0","0","0","42704","42704","0"
"2018-08-31T00:00:00.000","Grays Harbor","WA","Truck","0","0","0","20922","20922","0"
"2018-10-31T00:00:00.000","Jefferson","CO","Passenger","0","1","1","65","66","1.515151515151515151515151515"
"2018-10-31T00:00:00.000","Brevard","FL","Passenger","0","1","1","82","83","1.204819277108433734939759036"
"2018-10-31T00:00:00.000","Beaufort","SC","Passenger","1","0","1","31","32","3.12500"
"2018-02-28T00:00:00.000","Island","WA","Truck","0","0","0","21479","21479","0"
"2018-10-31T00:00:00.000","Kent","MI","Passenger","0","1","1","23","24","4.166666666666666666666666667"
"2018-10-31T00:00:00.000","Charles","MD","Passenger","0","1","1","81","82","1.219512195121951219512195122"
"2018-10-31T00:00:00.000","King","WA","Truck","8","1","9","187858","187867","0.004790623153613992877940244961"
"2018-06-30T00:00:00.000","Oklahoma","OK","Passenger","0","1","1","121","122","0.8196721311475409836065573770"
"2018-02-28T00:00:00.000","Jefferson","CO","Passenger","0","1","1","74","75","1.333333333333333333333333333"
"2018-10-31T00:00:00.000","Chelan","WA","Truck","0","0","0","22729","22729","0"
"2018-02-28T00:00:00.000","Chelan","WA","Truck","0","0","0","22404","22404","0"
"2018-10-31T00:00:00.000","Clallam","WA","Truck","0","0","0","22142","22142","0"
"2018-10-31T00:00:00.000","Lewis","WA","Truck","0","0","0","26472","26472","0"
"2018-06-30T00:00:00.000","Pima","AZ","Passenger","0","1","1","386","387","0.2583979328165374677002583979"
"2018-02-28T00:00:00.000","Kent","MI","Passenger","0","1","1","33","34","2.941176470588235294117647059"
"2018-10-31T00:00:00.000","Chelan","WA","Passenger","127","60","187","55167","55354","0.3378256313906854066553455938"
"2018-06-30T00:00:00.000","Polk","FL","Passenger","1","0","1","66","67","1.492537313432835820895522388"
"2018-02-28T00:00:00.000","Clark","NV","Passenger","1","1","2","709","711","0.2812939521800281293952180028"
"2018-06-30T00:00:00.000","Kent","DE","Passenger","0","1","1","72","73","1.369863013698630136986301370"
"2018-10-31T00:00:00.000","Clark","WA","Passenger","1259","852","2111","316143","318254","0.6633066670018287279971343644"
"2018-02-28T00:00:00.000","Klickitat","WA","Passenger","28","29","57","15360","15417","0.3697217357462541350457287410"
"2018-10-31T00:00:00.000","Clark","WA","Truck","0","0","0","81915","81915","0"
"2018-06-30T00:00:00.000","Kittitas","WA","Truck","0","0","0","14574","14574","0"
"2018-10-31T00:00:00.000","Clay","FL","Passenger","0","1","1","90","91","1.098901098901098901098901099"
"2018-06-30T00:00:00.000","Prince William","VA","Passenger","0","4","4","257","261","1.532567049808429118773946360"
"2018-10-31T00:00:00.000","Manatee","FL","Passenger","1","0","1","33","34","2.941176470588235294117647059"
"2018-10-31T00:00:00.000","Marion","OR","Passenger","1","0","1","106","107","0.9345794392523364485981308411"
"2018-06-30T00:00:00.000","Kootenai","ID","Passenger","0","1","1","205","206","0.4854368932038834951456310680"
"2018-10-31T00:00:00.000","Denver","CO","Passenger","1","0","1","124","125","0.800"
"2018-08-31T00:00:00.000","Manassas City","VA","Passenger","0","1","1","9","10","10.0"
"2018-08-31T00:00:00.000","Marion","IN","Passenger","1","0","1","119","120","0.8333333333333333333333333333"
"2018-02-28T00:00:00.000","Columbia","GA","Passenger","1","1","2","164","166","1.204819277108433734939759036"
"2018-10-31T00:00:00.000","Cowlitz","WA","Passenger","82","98","180","73527","73707","0.2442101835646546460987423176"
"2018-06-30T00:00:00.000","Latah","ID","Passenger","0","1","1","73","74","1.351351351351351351351351351"
"2018-06-30T00:00:00.000","Saint Clair","IL","Passenger","0","1","1","159","160","0.62500"
"2018-02-28T00:00:00.000","Cowlitz","WA","Truck","0","0","0","29123","29123","0"
"2018-06-30T00:00:00.000","Liberty","GA","Passenger","1","0","1","149","150","0.6666666666666666666666666667"
"2018-10-31T00:00:00.000","Douglas","WA","Passenger","48","32","80","28479","28559","0.2801218530060576350712559964"
"2018-10-31T00:00:00.000","Douglas","WA","Truck","0","0","0","12430","12430","0"
"2018-06-30T00:00:00.000","San Francisco","CA","Passenger","1","1","2","125","127","1.574803149606299212598425197"
"2018-08-31T00:00:00.000","New Castle","DE","Passenger","1","0","1","26","27","3.703703703703703703703703704"
"2018-10-31T00:00:00.000","Montgomery","PA","Passenger","2","0","2","25","27","7.407407407407407407407407407"
"2018-10-31T00:00:00.000","Montgomery","TX","Passenger","1","0","1","51","52","1.923076923076923076923076923"
"2018-10-31T00:00:00.000","Fairfax","VA","Passenger","1","3","4","793","797","0.5018820577164366373902132999"
"2018-08-31T00:00:00.000","Okanogan","WA","Passenger","1","5","6","6414","6420","0.09345794392523364485981308411"
"2018-02-28T00:00:00.000","Mason","WA","Passenger","86","84","170","46172","46342","0.3668378576669112252384446075"
"2018-10-31T00:00:00.000","Multnomah","OR","Passenger","3","5","8","747","755","1.059602649006622516556291391"
"2018-10-31T00:00:00.000","Glacier","MT","Passenger","0","1","1","4","5","20.0"
"2018-02-28T00:00:00.000","Dale","AL","Passenger","0","1","1","71","72","1.388888888888888888888888889"
"2018-08-31T00:00:00.000","Orange","FL","Passenger","2","1","3","169","172","1.744186046511627906976744186"
"2018-06-30T00:00:00.000","Madison","ID","Passenger","1","0","1","38","39","2.564102564102564102564102564"
"2018-10-31T00:00:00.000","Nassau","NY","Passenger","2","0","2","31","33","6.060606060606060606060606061"
"2018-06-30T00:00:00.000","Skamania","WA","Truck","0","0","0","4140","4140","0"
"2018-10-31T00:00:00.000","Grays Harbor","WA","Passenger","71","71","142","48205","48347","0.2937100543984114836494508449"
"2018-02-28T00:00:00.000","Dekalb","IN","Passenger","1","0","1","1","2","50.0"
"2018-06-30T00:00:00.000","Spokane","WA","Passenger","376","349","725","309917","310642","0.2333876294898951204280168168"
"2018-10-31T00:00:00.000","Grant","WA","Passenger","35","55","90","65729","65819","0.1367386317020921010650420091"
"2018-02-28T00:00:00.000","Miami-Dade","FL","Passenger","0","1","1","116","117","0.8547008547008547008547008547"
"2018-02-28T00:00:00.000","Deschutes","OR","Passenger","1","0","1","166","167","0.5988023952095808383233532934"
"2018-06-30T00:00:00.000","Spokane","WA","Truck","1","0","1","95981","95982","0.001041862015794628159446562897"
"2018-06-30T00:00:00.000","Marin","CA","Passenger","1","0","1","53","54","1.851851851851851851851851852"
"2018-10-31T00:00:00.000","Hamilton","IN","Passenger","1","0","1","42","43","2.325581395348837209302325581"
"2018-10-31T00:00:00.000","Island","WA","Passenger","259","224","483","64217","64700","0.7465224111282843894899536321"
"2018-06-30T00:00:00.000","Tarrant","TX","Passenger","1","0","1","207","208","0.4807692307692307692307692308"
"2018-10-31T00:00:00.000","Pierce","WA","Truck","0","0","0","143044","143044","0"
"2018-02-28T00:00:00.000","El Paso","CO","Passenger","2","0","2","774","776","0.2577319587628865979381443299"
"2018-10-31T00:00:00.000","Island","WA","Truck","0","0","0","21691","21691","0"
"2018-10-31T00:00:00.000","Hardin","KY","Passenger","0","1","1","119","120","0.8333333333333333333333333333"
"2018-02-28T00:00:00.000","El Paso","TX","Passenger","1","0","1","546","547","0.1828153564899451553930530165"
"2018-08-31T00:00:00.000","San Diego","CA","Passenger","6","4","10","2629","2639","0.3789314134141720348616900341"
"2018-06-30T00:00:00.000","Thurston","WA","Passenger","653","513","1166","196505","197671","0.5898690247937229032078554770"
"2018-08-31T00:00:00.000","San Juan","WA","Passenger","156","68","224","14489","14713","1.522463127846122476721266907"
"2018-08-31T00:00:00.000","San Juan","WA","Truck","0","0","0","5956","5956","0"
"2018-10-31T00:00:00.000","Riverside","CA","Passenger","0","2","2","672","674","0.2967359050445103857566765579"
"2018-08-31T00:00:00.000","Sangamon","IL","Passenger","1","0","1","11","12","8.333333333333333333333333333"
"2018-06-30T00:00:00.000","Ventura","CA","Passenger","0","2","2","326","328","0.6097560975609756097560975610"
"2018-10-31T00:00:00.000","King","WA","Passenger","15492","6501","21993","1396600","1418593","1.550338962620004469217034061"
"2018-06-30T00:00:00.000","Monterey","CA","Passenger","0","2","2","201","203","0.9852216748768472906403940887"
"2018-08-31T00:00:00.000","Shelby","TN","Passenger","0","1","1","109","110","0.9090909090909090909090909091"
"2018-02-28T00:00:00.000","Ferry","WA","Passenger","2","3","5","4574","4579","0.1091941471937104171216422800"
"2018-10-31T00:00:00.000","Kittitas","WA","Passenger","61","34","95","29980","30075","0.3158769742310889443059019119"
"2018-06-30T00:00:00.000","Walla Walla","WA","Truck","0","0","0","13912","13912","0"
"2018-10-31T00:00:00.000","Saint Clair","IL","Passenger","0","1","1","162","163","0.6134969325153374233128834356"
"2018-10-31T00:00:00.000","Klickitat","WA","Passenger","28","34","62","15745","15807","0.3922312899348389953817928766"
"2018-02-28T00:00:00.000","Orleans","LA","Passenger","0","1","1","50","51","1.960784313725490196078431373"
"2018-08-31T00:00:00.000","Spokane","WA","Truck","1","0","1","96274","96275","0.001038691249026226954037912231"
"2018-10-31T00:00:00.000","Santa Barbara","CA","Passenger","1","0","1","102","103","0.9708737864077669902912621359"
"2018-02-28T00:00:00.000","Garfield","OK","Passenger","1","0","1","22","23","4.347826086956521739130434783"
"2018-10-31T00:00:00.000","Santa Clara","CA","Passenger","8","0","8","360","368","2.173913043478260869565217391"
"2018-10-31T00:00:00.000","Lincoln","WA","Truck","0","0","0","4758","4758","0"
"2018-06-30T00:00:00.000","Whatcom","WA","Truck","2","0","2","43495","43497","0.004598018254132468905901556429"
"2018-10-31T00:00:00.000","Klickitat","WA","Truck","0","0","0","8428","8428","0"
"2018-06-30T00:00:00.000","Okaloosa","FL","Passenger","1","0","1","166","167","0.5988023952095808383233532934"
"2018-10-31T00:00:00.000","Larimer","CO","Passenger","0","1","1","49","50","2.00"
"2018-02-28T00:00:00.000","Pima","AZ","Passenger","0","1","1","394","395","0.2531645569620253164556962025"
"2018-10-31T00:00:00.000","Shasta","CA","Passenger","1","0","1","45","46","2.173913043478260869565217391"
"2018-08-31T00:00:00.000","Thurston","WA","Truck","0","0","0","55997","55997","0"
"2018-02-28T00:00:00.000","Polk","FL","Passenger","1","0","1","64","65","1.538461538461538461538461538"
"2018-07-31T00:00:00.000","NULL","NULL","Passenger","7","4","11","2241","2252","0.4884547069271758436944937833"
"2018-02-28T00:00:00.000","Grant","WA","Truck","0","0","0","26790","26790","0"
"2018-10-31T00:00:00.000","Lewis","WA","Passenger","94","78","172","59319","59491","0.2891193625926610747844211730"
"2018-07-31T00:00:00.000","NULL","WA","Passenger","0","0","0","1","1","0"
"2018-06-30T00:00:00.000","Ozaukee","WI","Passenger","0","1","1","3","4","25.00"
"2018-10-31T00:00:00.000","Lincoln","WA","Passenger","4","7","11","7962","7973","0.1379656340147999498306785401"
"2018-02-28T00:00:00.000","Prince William","VA","Passenger","0","4","4","264","268","1.492537313432835820895522388"
"2018-02-28T00:00:00.000","Grays Harbor","WA","Truck","0","0","0","20782","20782","0"
"2018-07-31T00:00:00.000","Adams","WA","Truck","0","0","0","5398","5398","0"
"2018-06-30T00:00:00.000","Pacific","WA","Truck","0","0","0","7815","7815","0"
"2018-06-30T00:00:00.000","Palm Beach","FL","Passenger","0","1","1","73","74","1.351351351351351351351351351"
"2018-07-31T00:00:00.000","Alexandria City","VA","Passenger","2","0","2","163","165","1.212121212121212121212121212"
"2018-06-30T00:00:00.000","Pinal","AZ","Passenger","2","0","2","176","178","1.123595505617977528089887640"
"2018-10-31T00:00:00.000","Volusia","FL","Passenger","0","1","1","32","33","3.030303030303030303030303030"
"2018-10-31T00:00:00.000","Mason","WA","Truck","0","0","0","20849","20849","0"
"2018-10-31T00:00:00.000","Pacific","WA","Truck","0","0","0","7834","7834","0"
"2018-02-28T00:00:00.000","Saint Clair","IL","Passenger","0","1","1","164","165","0.6060606060606060606060606061"
"2018-10-31T00:00:00.000","Pend Oreille","WA","Truck","0","0","0","6017","6017","0"
"2018-09-30T00:00:00.000","Ada","ID","Passenger","0","2","2","298","300","0.6666666666666666666666666667"
"2018-10-31T00:00:00.000","Pima","AZ","Passenger","0","1","1","378","379","0.2638522427440633245382585752"
"2018-10-31T00:00:00.000","Polk","FL","Passenger","1","0","1","62","63","1.587301587301587301587301587"
"2018-11-30T00:00:00.000","NULL","WA","Passenger","0","0","0","2","2","0"
"2018-10-31T00:00:00.000","Oklahoma","OK","Passenger","0","1","1","114","115","0.8695652173913043478260869565"
"2018-10-31T00:00:00.000","Orange","CA","Passenger","4","1","5","562","567","0.8818342151675485008818342152"
"2018-10-31T00:00:00.000","Prince William","VA","Passenger","0","4","4","257","261","1.532567049808429118773946360"
"2018-09-30T00:00:00.000","Bexar","TX","Passenger","3","4","7","707","714","0.9803921568627450980392156863"
"2018-10-31T00:00:00.000","Pend Oreille","WA","Passenger","7","5","12","9944","9956","0.1205303334672559260747288067"
"2018-10-31T00:00:00.000","Russell","AL","Passenger","1","0","1","46","47","2.127659574468085106382978723"
"2018-11-30T00:00:00.000","Benton","WA","Passenger","226","234","460","135313","135773","0.3388007924992450634514962474"
"2018-02-28T00:00:00.000","Tarrant","TX","Passenger","1","0","1","215","216","0.4629629629629629629629629630"
"2018-09-30T00:00:00.000","Chelan","WA","Passenger","118","61","179","55057","55236","0.3240640162213049460496777464"
"2018-02-28T00:00:00.000","Thurston","WA","Passenger","568","446","1014","194570","195584","0.5184473167539267015706806283"
"2018-10-31T00:00:00.000","San Francisco","CA","Passenger","1","1","2","108","110","1.818181818181818181818181818"
"2018-09-30T00:00:00.000","Chelan","WA","Truck","0","0","0","22695","22695","0"
"2018-06-30T00:00:00.000","Skamania","WA","Passenger","13","9","22","8921","8943","0.2460024600246002460024600246"
"2018-07-31T00:00:00.000","Columbia","GA","Passenger","1","1","2","164","166","1.204819277108433734939759036"
"2018-10-31T00:00:00.000","Riley","KS","Passenger","1","0","1","79","80","1.2500"
"2018-10-31T00:00:00.000","Skamania","WA","Passenger","20","12","32","8981","9013","0.3550427160767779873516032398"
"2018-09-30T00:00:00.000","Clay","FL","Passenger","0","1","1","89","90","1.111111111111111111111111111"
"2018-10-31T00:00:00.000","Skamania","WA","Truck","0","0","0","4169","4169","0"
"2018-06-30T00:00:00.000","Sumter","FL","Passenger","0","1","1","8","9","11.11111111111111111111111111"
"2018-10-31T00:00:00.000","Spokane","WA","Passenger","419","387","806","313073","313879","0.2567868509839779023126746294"
"2018-11-30T00:00:00.000","Clark","WA","Passenger","1300","867","2167","316847","319014","0.6792805331427460863786542283"
"2018-02-28T00:00:00.000","Walla Walla","WA","Truck","0","0","0","13833","13833","0"
"2018-10-31T00:00:00.000","Santa Rosa","FL","Passenger","1","0","1","81","82","1.219512195121951219512195122"
"2018-09-30T00:00:00.000","Columbia","WA","Passenger","2","2","4","2486","2490","0.1606425702811244979919678715"
"2018-06-30T00:00:00.000","Travis","TX","Passenger","0","1","1","177","178","0.5617977528089887640449438202"
"2018-10-31T00:00:00.000","Tarrant","TX","Passenger","1","0","1","189","190","0.5263157894736842105263157895"
"2018-06-30T00:00:00.000","Wahkiakum","WA","Passenger","2","2","4","2967","2971","0.1346348030966004712218108381"
"2018-10-31T00:00:00.000","Wahkiakum","WA","Truck","0","0","0","1752","1752","0"
"2018-09-30T00:00:00.000","Denver","CO","Passenger","1","0","1","129","130","0.7692307692307692307692307692"
"2018-09-30T00:00:00.000","Deschutes","OR","Passenger","2","0","2","143","145","1.379310344827586206896551724"
"2018-10-31T00:00:00.000","Walla Walla","WA","Passenger","37","50","87","36710","36797","0.2364323178519988042503464956"
"2018-10-31T00:00:00.000","Walla Walla","WA","Truck","0","0","0","13992","13992","0"
"2018-03-31T00:00:00.000","Adams","WA","Truck","0","0","0","5382","5382","0"
"2018-02-28T00:00:00.000","Manassas City","VA","Passenger","0","1","1","9","10","10.0"
"2018-10-31T00:00:00.000","Washtenaw","MI","Passenger","1","0","1","33","34","2.941176470588235294117647059"
"2018-09-30T00:00:00.000","Douglas","OR","Passenger","1","0","1","47","48","2.083333333333333333333333333"
"2018-03-31T00:00:00.000","Allegheny","PA","Passenger","1","0","1","70","71","1.408450704225352112676056338"
"2018-06-30T00:00:00.000","Whatcom","WA","Passenger","679","316","995","150285","151280","0.6577207826546800634584875727"
"2018-11-30T00:00:00.000","Ferry","WA","Truck","0","0","0","3771","3771","0"
"2018-09-30T00:00:00.000","Douglas","WA","Truck","0","0","0","12371","12371","0"
"2018-10-31T00:00:00.000","Whatcom","WA","Passenger","748","357","1105","151377","152482","0.7246756994268175915845804751"
"2018-07-31T00:00:00.000","El Paso","CO","Passenger","2","1","3","746","749","0.4005340453938584779706275033"
"2018-10-31T00:00:00.000","Whatcom","WA","Truck","2","0","2","43745","43747","0.004571742062312844309324067936"
"2018-03-31T00:00:00.000","Arlington","VA","Passenger","1","2","3","168","171","1.754385964912280701754385965"
"2018-11-30T00:00:00.000","Garfield","OK","Passenger","1","0","1","14","15","6.666666666666666666666666667"
"2018-10-31T00:00:00.000","Whitman","WA","Truck","0","0","0","8801","8801","0"
"2018-09-30T00:00:00.000","El Paso","TX","Passenger","1","0","1","514","515","0.1941747572815533980582524272"
"2018-11-30T00:00:00.000","Hamilton","IN","Passenger","1","0","1","42","43","2.325581395348837209302325581"
"2018-10-31T00:00:00.000","Thurston","WA","Truck","0","0","0","56251","56251","0"
"2018-11-30T00:00:00.000","NULL","CA","Passenger","1","1","2","271","273","0.7326007326007326007326007326"
"2018-09-30T00:00:00.000","Fulton","GA","Passenger","1","2","3","94","97","3.092783505154639175257731959"
"2018-07-31T00:00:00.000","Frederick","MD","Passenger","0","1","1","90","91","1.098901098901098901098901099"
"2018-11-30T00:00:00.000","Allegheny","PA","Passenger","1","0","1","77","78","1.282051282051282051282051282"
"2018-02-28T00:00:00.000","New Castle","DE","Passenger","1","0","1","26","27","3.703703703703703703703703704"
"2018-07-31T00:00:00.000","Brevard","FL","Passenger","0","1","1","83","84","1.190476190476190476190476190"
"2018-07-31T00:00:00.000","Garfield","OK","Passenger","1","0","1","17","18","5.555555555555555555555555556"
"2018-02-28T00:00:00.000","Okanogan","WA","Passenger","0","4","4","6404","6408","0.06242197253433208489388264669"
"2018-10-31T00:00:00.000","Ventura","CA","Passenger","0","2","2","314","316","0.6329113924050632911392405063"
"2018-07-31T00:00:00.000","Bryan","GA","Passenger","1","0","1","54","55","1.818181818181818181818181818"
"2018-09-30T00:00:00.000","Guadalupe","TX","Passenger","1","0","1","74","75","1.333333333333333333333333333"
"2018-10-31T00:00:00.000","Wahkiakum","WA","Passenger","2","2","4","3028","3032","0.1319261213720316622691292876"
"2018-02-28T00:00:00.000","Orange","FL","Passenger","2","1","3","171","174","1.724137931034482758620689655"
"2018-11-30T00:00:00.000","Bryan","GA","Passenger","1","0","1","59","60","1.666666666666666666666666667"
"2018-07-31T00:00:00.000","Guilford","NC","Passenger","1","0","1","26","27","3.703703703703703703703703704"
"2018-07-31T00:00:00.000","Chelan","WA","Truck","0","0","0","22615","22615","0"
"2018-09-30T00:00:00.000","Island","WA","Truck","0","0","0","21663","21663","0"
"2018-11-30T00:00:00.000","Kent","MI","Passenger","0","1","1","21","22","4.545454545454545454545454545"
"2018-09-30T00:00:00.000","Jackson","OK","Passenger","1","0","1","42","43","2.325581395348837209302325581"
"2018-11-30T00:00:00.000","Carson City","NV","Passenger","1","0","1","12","13","7.692307692307692307692307692"
"2018-11-30T00:00:00.000","Klickitat","WA","Passenger","27","34","61","15782","15843","0.3850280881146247554124850092"
"2018-07-31T00:00:00.000","Clackamas","OR","Passenger","0","1","1","204","205","0.4878048780487804878048780488"
"2018-11-30T00:00:00.000","Anne Arundel","MD","Passenger","0","3","3","461","464","0.6465517241379310344827586207"
"2018-07-31T00:00:00.000","Honolulu","HI","Passenger","2","1","3","507","510","0.5882352941176470588235294118"
"2018-07-31T00:00:00.000","Cochise","AZ","Passenger","0","1","1","123","124","0.8064516129032258064516129032"
"2018-09-30T00:00:00.000","King","WA","Passenger","14642","6357","20999","1394060","1415059","1.483966392920719206760990178"
"2018-11-30T00:00:00.000","Clackamas","OR","Passenger","0","1","1","203","204","0.4901960784313725490196078431"
"2018-11-30T00:00:00.000","Monroe","IL","Passenger","1","0","1","3","4","25.00"
"2018-09-30T00:00:00.000","Lewis","WA","Passenger","90","74","164","59219","59383","0.2761733155953724129801458330"
"2018-11-30T00:00:00.000","Cumberland","NC","Passenger","0","1","1","545","546","0.1831501831501831501831501832"
"2018-02-28T00:00:00.000","San Diego","CA","Passenger","5","3","8","2637","2645","0.3024574669187145557655954631"
"2018-07-31T00:00:00.000","Deschutes","OR","Passenger","1","0","1","147","148","0.6756756756756756756756756757"
"2018-11-30T00:00:00.000","Camden","GA","Passenger","0","1","1","160","161","0.6211180124223602484472049689"
"2018-09-30T00:00:00.000","Los Angeles","CA","Passenger","8","4","12","1118","1130","1.061946902654867256637168142"
"2018-02-28T00:00:00.000","San Juan","WA","Passenger","142","51","193","14309","14502","1.330850917114880706109502138"
"2018-11-30T00:00:00.000","District Of Columbia","DC","Passenger","1","4","5","205","210","2.380952380952380952380952381"
"2018-02-28T00:00:00.000","San Juan","WA","Truck","0","0","0","5879","5879","0"
"2018-11-30T00:00:00.000","Nueces","TX","Passenger","1","1","2","101","103","1.941747572815533980582524272"
"2018-11-30T00:00:00.000","Okanogan","NULL","Passenger","14","16","30","20618","20648","0.1452925222781867493219682294"
"2018-11-30T00:00:00.000","Duval","FL","Passenger","1","1","2","375","377","0.5305039787798408488063660477"
"2018-02-28T00:00:00.000","Sangamon","IL","Passenger","1","0","1","11","12","8.333333333333333333333333333"
"2018-09-30T00:00:00.000","Manassas City","VA","Passenger","0","1","1","9","10","10.0"
"2018-11-30T00:00:00.000","Columbia","WA","Passenger","2","2","4","2495","2499","0.1600640256102440976390556222"
"2018-03-31T00:00:00.000","Dekalb","GA","Passenger","1","0","1","77","78","1.282051282051282051282051282"
"2018-11-30T00:00:00.000","Flathead","MT","Passenger","1","0","1","50","51","1.960784313725490196078431373"
"2018-02-28T00:00:00.000","Shelby","TN","Passenger","0","1","1","114","115","0.8695652173913043478260869565"
"2018-07-31T00:00:00.000","Latah","ID","Passenger","0","1","1","71","72","1.388888888888888888888888889"
"2018-07-31T00:00:00.000","Garfield","WA","Truck","0","0","0","987","987","0"
"2018-11-30T00:00:00.000","Douglas","NE","Passenger","0","1","1","65","66","1.515151515151515151515151515"
"2018-11-30T00:00:00.000","Douglas","OR","Passenger","1","0","1","46","47","2.127659574468085106382978723"
"2018-11-30T00:00:00.000","Dupage","IL","Passenger","1","0","1","53","54","1.851851851851851851851851852"
"2018-11-30T00:00:00.000","Garfield","WA","Truck","0","0","0","995","995","0"
"2018-02-28T00:00:00.000","Spokane","WA","Truck","1","0","1","95229","95230","0.001050089257586894886065315552"
"2018-07-31T00:00:00.000","Liberty","GA","Passenger","1","0","1","150","151","0.6622516556291390728476821192"
"2018-11-30T00:00:00.000","Prince William","VA","Passenger","0","4","4","256","260","1.538461538461538461538461538"
"2018-03-31T00:00:00.000","El Paso","CO","Passenger","2","0","2","765","767","0.2607561929595827900912646675"
"2018-11-30T00:00:00.000","Goochland","VA","Passenger","0","1","1","189","190","0.5263157894736842105263157895"
"2018-11-30T00:00:00.000","Ramsey","MN","Passenger","1","0","1","39","40","2.500"
"2018-11-30T00:00:00.000","Ferry","WA","Passenger","3","2","5","4573","4578","0.1092179991262560069899519441"
"2018-09-30T00:00:00.000","Oldham","KY","Passenger","0","1","1","4","5","20.0"
"2018-11-30T00:00:00.000","Russell","AL","Passenger","1","0","1","45","46","2.173913043478260869565217391"
"2018-02-28T00:00:00.000","Thurston","WA","Truck","0","0","0","55581","55581","0"
"2018-09-30T00:00:00.000","Pacific","WA","Passenger","29","23","52","16011","16063","0.3237253315071904376517462491"
"2018-11-30T00:00:00.000","Guadalupe","TX","Passenger","1","0","1","70","71","1.408450704225352112676056338"
"2018-07-31T00:00:00.000","Marion","IN","Passenger","1","0","1","118","119","0.8403361344537815126050420168"
"2018-11-30T00:00:00.000","San Mateo","CA","Passenger","2","1","3","132","135","2.222222222222222222222222222"
"2018-11-30T00:00:00.000","Gwinnett","GA","Passenger","0","1","1","78","79","1.265822784810126582278481013"
"2018-03-31T00:00:00.000","Frederick","MD","Passenger","0","1","1","93","94","1.063829787234042553191489362"
"2018-11-30T00:00:00.000","Santa Barbara","CA","Passenger","1","0","1","100","101","0.9900990099009900990099009901"
"2018-07-31T00:00:00.000","Mason","WA","Passenger","108","95","203","46874","47077","0.4312084457378337617095396903"
"2018-09-30T00:00:00.000","Pierce","WA","Passenger","1536","1356","2892","545943","548835","0.5269343245237639727787039821"
"2018-03-31T00:00:00.000","Garfield","OK","Passenger","1","0","1","22","23","4.347826086956521739130434783"
"2018-09-30T00:00:00.000","Pima","AZ","Passenger","0","1","1","384","385","0.2597402597402597402597402597"
"2018-11-30T00:00:00.000","Skagit","WA","Truck","1","0","1","33299","33300","0.003003003003003003003003003003"
"2018-11-30T00:00:00.000","Jefferson","WA","Passenger","181","112","293","25239","25532","1.147579508068306438978536738"
"2018-11-30T00:00:00.000","Snohomish","WA","Truck","1","0","1","125855","125856","0.0007945588609204169844902110348"
"2018-09-30T00:00:00.000","Polk","FL","Passenger","1","0","1","63","64","1.562500"
"2018-07-31T00:00:00.000","Miami-Dade","FL","Passenger","0","1","1","110","111","0.9009009009009009009009009009"
"2018-11-30T00:00:00.000","Hennepin","MN","Passenger","2","0","2","102","104","1.923076923076923076923076923"
"2018-11-30T00:00:00.000","Kent","DE","Passenger","0","1","1","74","75","1.333333333333333333333333333"
"2018-11-30T00:00:00.000","Tarrant","TX","Passenger","1","0","1","190","191","0.5235602094240837696335078534"
"2018-11-30T00:00:00.000","Kitsap","WA","Passenger","989","542","1531","183526","185057","0.8273126658272856471249398834"
"2018-11-30T00:00:00.000","Kitsap","WA","Truck","1","0","1","55042","55043","0.001816761441055175044964845666"
"2018-11-30T00:00:00.000","Kittitas","WA","Truck","0","0","0","14666","14666","0"
"2018-07-31T00:00:00.000","King","WA","Passenger","13922","6070","19992","1393001","1412993","1.414869005012763686727393554"
"2018-09-30T00:00:00.000","Saint Lucie","FL","Passenger","1","0","1","26","27","3.703703703703703703703703704"
"2018-07-31T00:00:00.000","Kitsap","WA","Passenger","885","493","1378","182038","183416","0.7512975967200244253500239892"
"2018-11-30T00:00:00.000","Jefferson","WA","Truck","0","0","0","9850","9850","0"
"2018-09-30T00:00:00.000","Sangamon","IL","Passenger","1","0","1","10","11","9.090909090909090909090909091"
"2018-07-31T00:00:00.000","Norfolk City","VA","Passenger","3","2","5","346","351","1.424501424501424501424501425"
"2018-11-30T00:00:00.000","Washoe","NV","Passenger","1","0","1","95","96","1.041666666666666666666666667"
"2018-03-31T00:00:00.000","NULL","CA","Passenger","1","1","2","312","314","0.6369426751592356687898089172"
"2018-11-30T00:00:00.000","Juneau","AK","Passenger","0","1","1","38","39","2.564102564102564102564102564"
"2018-03-31T00:00:00.000","NULL","WA","Truck","0","0","0","3","3","0"
"2018-07-31T00:00:00.000","Okanogan","WA","Truck","0","0","0","4315","4315","0"
"2018-11-30T00:00:00.000","Whitman","WA","Truck","0","0","0","8805","8805","0"
"2018-09-30T00:00:00.000","Skamania","WA","Truck","0","0","0","4151","4151","0"
"2018-07-31T00:00:00.000","Lewis","WA","Passenger","89","68","157","59093","59250","0.2649789029535864978902953586"
"2018-11-30T00:00:00.000","Klamath","OR","Passenger","1","0","1","25","26","3.846153846153846153846153846"
"2018-11-30T00:00:00.000","Maui","HI","Passenger","1","0","1","49","50","2.00"
"2018-09-30T00:00:00.000","Spokane","WA","Truck","1","0","1","96450","96451","0.001036795885993924376108075603"
"2018-11-30T00:00:00.000","Mecklenburg","NC","Passenger","1","0","1","77","78","1.282051282051282051282051282"
"2018-11-30T00:00:00.000","Yakima","WA","Passenger","88","106","194","169195","169389","0.1145292787607223609561423705"
"2018-03-31T00:00:00.000","Jefferson","WA","Passenger","144","94","238","24779","25017","0.9513530799056641483791022105"
"2018-12-31T00:00:00.000","NULL","CA","Passenger","1","2","3","263","266","1.127819548872180451127819549"
"2018-07-31T00:00:00.000","Lincoln","WA","Passenger","5","7","12","7973","7985","0.1502817783343769567939887289"
"2018-09-30T00:00:00.000","Thurston","WA","Passenger","705","563","1268","197885","199153","0.6366964092933573684554086557"
"2018-12-31T00:00:00.000","Adams","WA","Truck","0","0","0","5397","5397","0"
"2018-11-30T00:00:00.000","Lane","OR","Passenger","0","1","1","172","173","0.5780346820809248554913294798"
"2018-09-30T00:00:00.000","Twin Falls","ID","Passenger","0","1","1","21","22","4.545454545454545454545454545"
"2018-12-31T00:00:00.000","Allegheny","PA","Passenger","1","0","1","74","75","1.333333333333333333333333333"
"2018-03-31T00:00:00.000","Benton","WA","Passenger","189","196","385","133674","134059","0.2871869848350353202694336076"
"2018-09-30T00:00:00.000","Walla Walla","WA","Truck","0","0","0","13983","13983","0"
"2018-03-31T00:00:00.000","Kent","DE","Passenger","0","1","1","72","73","1.369863013698630136986301370"
"2018-07-31T00:00:00.000","Pinal","AZ","Passenger","2","0","2","176","178","1.123595505617977528089887640"
"2018-07-31T00:00:00.000","Lumpkin","GA","Passenger","1","0","1","9","10","10.0"
"2018-03-31T00:00:00.000","Benton","WA","Truck","0","0","0","42177","42177","0"
"2018-12-31T00:00:00.000","Arlington","VA","Passenger","1","1","2","158","160","1.2500"
"2018-07-31T00:00:00.000","Manassas City","VA","Passenger","0","1","1","9","10","10.0"
"2018-09-30T00:00:00.000","Whatcom","WA","Truck","2","0","2","43625","43627","0.004584317051367272560570289041"
"2018-11-30T00:00:00.000","Lumpkin","GA","Passenger","1","0","1","9","10","10.0"
"2018-07-31T00:00:00.000","Mason","WA","Truck","0","0","0","20747","20747","0"
"2018-12-31T00:00:00.000","Benton","WA","Truck","0","0","0","42836","42836","0"
"2018-10-31T00:00:00.000","NULL","NULL","Passenger","7","5","12","2203","2215","0.5417607223476297968397291196"
"2018-03-31T00:00:00.000","Latah","ID","Passenger","0","1","1","78","79","1.265822784810126582278481013"
"2018-11-30T00:00:00.000","Maricopa","AZ","Passenger","3","2","5","1366","1371","0.3646973012399708242159008023"
"2018-10-31T00:00:00.000","NULL","WA","Passenger","0","0","0","1","1","0"
"2018-10-31T00:00:00.000","Anne Arundel","MD","Passenger","0","2","2","462","464","0.4310344827586206896551724138"
"2018-03-31T00:00:00.000","Liberty","GA","Passenger","1","0","1","148","149","0.6711409395973154362416107383"
"2018-10-31T00:00:00.000","Asotin","WA","Passenger","13","10","23","12993","13016","0.1767055931161647203441917640"
"2018-07-31T00:00:00.000","Saint Marys","MD","Passenger","1","0","1","207","208","0.4807692307692307692307692308"
"2018-03-31T00:00:00.000","Clallam","WA","Passenger","127","108","235","50487","50722","0.4633098063956468593509719648"
"2018-03-31T00:00:00.000","Los Angeles","CA","Passenger","6","4","10","1183","1193","0.8382229673093042749371332775"
"2018-11-30T00:00:00.000","Montgomery","MD","Passenger","1","3","4","281","285","1.403508771929824561403508772"
"2018-07-31T00:00:00.000","San Diego","CA","Passenger","6","3","9","2627","2636","0.3414264036418816388467374810"
"2018-11-30T00:00:00.000","Muscogee","GA","Passenger","0","1","1","199","200","0.500"
"2018-12-31T00:00:00.000","Charles","MD","Passenger","0","1","1","77","78","1.282051282051282051282051282"
"2018-11-30T00:00:00.000","Shasta","CA","Passenger","1","0","1","44","45","2.222222222222222222222222222"
"2018-12-31T00:00:00.000","Clallam","WA","Truck","0","0","0","22211","22211","0"
"2018-07-31T00:00:00.000","Okanogan","WA","Passenger","0","5","5","6419","6424","0.07783312577833125778331257783"
"2018-11-30T00:00:00.000","Snohomish","WA","Passenger","2944","1514","4458","535931","540389","0.8249612778942576551336167094"
"2018-11-30T00:00:00.000","Stevens","WA","Passenger","18","30","48","32713","32761","0.1465156741247214675986691493"
"2018-07-31T00:00:00.000","Shelby","TN","Passenger","0","1","1","110","111","0.9009009009009009009009009009"
"2018-07-31T00:00:00.000","Orange","CA","Passenger","3","1","4","573","577","0.6932409012131715771230502600"
"2018-03-31T00:00:00.000","Marin","CA","Passenger","1","0","1","52","53","1.886792452830188679245283019"
"2018-11-30T00:00:00.000","Stevens","WA","Truck","0","0","0","19514","19514","0"
"2018-03-31T00:00:00.000","Dakota","MN","Passenger","0","1","1","33","34","2.941176470588235294117647059"
"2018-11-30T00:00:00.000","Pacific","WA","Passenger","32","24","56","16097","16153","0.3466848263480468024515569863"
"2018-03-31T00:00:00.000","Mason","WA","Passenger","91","85","176","46312","46488","0.3785923249010497332644983652"
"2018-11-30T00:00:00.000","Sumter","FL","Passenger","0","1","1","9","10","10.0"
"2018-12-31T00:00:00.000","Dallas","TX","Passenger","0","1","1","182","183","0.5464480874316939890710382514"
"2018-07-31T00:00:00.000","Pierce","WA","Passenger","1474","1287","2761","543955","546716","0.5050154010491736111619195341"
"2018-11-30T00:00:00.000","Travis","TX","Passenger","0","1","1","179","180","0.5555555555555555555555555556"
"2018-11-30T00:00:00.000","Tuolumne","CA","Passenger","0","1","1","12","13","7.692307692307692307692307692"
"2018-03-31T00:00:00.000","Miami-Dade","FL","Passenger","0","1","1","116","117","0.8547008547008547008547008547"
"2018-12-31T00:00:00.000","Dekalb","GA","Passenger","1","0","1","75","76","1.315789473684210526315789474"
"2018-07-31T00:00:00.000","Tulsa","OK","Passenger","0","1","1","42","43","2.325581395348837209302325581"
"2018-07-31T00:00:00.000","Prince George","VA","Passenger","0","1","1","77","78","1.282051282051282051282051282"
"2018-03-31T00:00:00.000","Duval","FL","Passenger","1","1","2","375","377","0.5305039787798408488063660477"
"2018-11-30T00:00:00.000","Washington","OR","Passenger","0","1","1","436","437","0.2288329519450800915331807780"
"2018-10-31T00:00:00.000","El Paso","CO","Passenger","2","1","3","745","748","0.4010695187165775401069518717"
"2018-03-31T00:00:00.000","Fairfax City","VA","Passenger","1","0","1","9","10","10.0"
"2018-12-31T00:00:00.000","Franklin","WA","Truck","0","0","0","19726","19726","0"
"2018-03-31T00:00:00.000","Okaloosa","FL","Passenger","1","0","1","173","174","0.5747126436781609195402298851"
"2018-12-31T00:00:00.000","Frederick","MD","Passenger","0","1","1","84","85","1.176470588235294117647058824"
"2018-11-30T00:00:00.000","Yakima","WA","Truck","0","0","0","61179","61179","0"
"2018-12-31T00:00:00.000","Gallatin","MT","Passenger","0","1","1","57","58","1.724137931034482758620689655"
"2018-03-31T00:00:00.000","Ferry","WA","Truck","0","0","0","3733","3733","0"
"2018-07-31T00:00:00.000","Riley","KS","Passenger","1","0","1","86","87","1.149425287356321839080459770"
"2018-11-30T00:00:00.000","Santa Fe","NM","Passenger","0","1","1","39","40","2.500"
"2018-03-31T00:00:00.000","Ozaukee","WI","Passenger","0","1","1","3","4","25.00"
"2018-03-31T00:00:00.000","Flathead","MT","Passenger","1","0","1","52","53","1.886792452830188679245283019"
"2018-03-31T00:00:00.000","Palm Beach","FL","Passenger","0","1","1","75","76","1.315789473684210526315789474"
"2018-12-31T00:00:00.000","Ada","ID","Passenger","0","2","2","294","296","0.6756756756756756756756756757"
"2018-11-30T00:00:00.000","Skagit","WA","Passenger","283","200","483","93041","93524","0.5164449766904751721483255635"
"2018-03-31T00:00:00.000","Glacier","MT","Passenger","0","1","1","4","5","20.0"
"2018-10-31T00:00:00.000","Fresno","CA","Passenger","1","0","1","180","181","0.5524861878453038674033149171"
"2018-08-31T00:00:00.000","NULL","CA","Passenger","1","1","2","297","299","0.6688963210702341137123745819"
"2018-03-31T00:00:00.000","Pinal","AZ","Passenger","2","0","2","185","187","1.069518716577540106951871658"
"2018-10-31T00:00:00.000","Garfield","OK","Passenger","1","0","1","15","16","6.2500"
"2018-08-31T00:00:00.000","Allegheny","PA","Passenger","1","0","1","72","73","1.369863013698630136986301370"
"2018-07-31T00:00:00.000","Santa Rosa","FL","Passenger","1","0","1","88","89","1.123595505617977528089887640"
"2018-12-31T00:00:00.000","Bexar","TX","Passenger","3","4","7","684","691","1.013024602026049204052098408"
"2018-10-31T00:00:00.000","Guilford","NC","Passenger","1","0","1","27","28","3.571428571428571428571428571"
"2018-11-30T00:00:00.000","Twin Falls","ID","Passenger","0","1","1","21","22","4.545454545454545454545454545"
"2018-12-31T00:00:00.000","Kent","DE","Passenger","0","1","1","76","77","1.298701298701298701298701299"
"2018-11-30T00:00:00.000","Virginia Beach City","VA","Passenger","1","1","2","678","680","0.2941176470588235294117647059"
"2018-10-31T00:00:00.000","Honolulu","HI","Passenger","2","1","3","493","496","0.6048387096774193548387096774"
"2018-12-31T00:00:00.000","Kittitas","WA","Truck","0","0","0","14703","14703","0"
"2018-12-31T00:00:00.000","Kootenai","ID","Passenger","1","1","2","197","199","1.005025125628140703517587940"
"2018-12-31T00:00:00.000","Chelan","WA","Passenger","141","62","203","55396","55599","0.3651144804762675587690426087"
"2018-12-31T00:00:00.000","Chelan","WA","Truck","0","0","0","22717","22717","0"
"2018-11-30T00:00:00.000","Whitman","WA","Passenger","21","37","58","23282","23340","0.2485004284490145672664952871"
"2018-03-31T00:00:00.000","Jefferson","CO","Passenger","0","1","1","75","76","1.315789473684210526315789474"
"2018-07-31T00:00:00.000","Thurston","WA","Truck","0","0","0","55867","55867","0"
"2018-08-31T00:00:00.000","Bryan","GA","Passenger","1","0","1","58","59","1.694915254237288135593220339"
"2018-12-31T00:00:00.000","Clark","WA","Truck","0","0","0","82185","82185","0"
"2018-12-31T00:00:00.000","Clay","FL","Passenger","0","1","1","86","87","1.149425287356321839080459770"
"2018-12-31T00:00:00.000","Liberty","GA","Passenger","1","0","1","154","155","0.6451612903225806451612903226"
"2018-08-31T00:00:00.000","Camden","GA","Passenger","0","1","1","167","168","0.5952380952380952380952380952"
"2018-08-31T00:00:00.000","Carson City","NV","Passenger","1","0","1","11","12","8.333333333333333333333333333"
"2018-12-31T00:00:00.000","Alameda","CA","Passenger","0","2","2","314","316","0.6329113924050632911392405063"
"2018-12-31T00:00:00.000","Madison","ID","Passenger","1","0","1","35","36","2.777777777777777777777777778"
"2018-03-31T00:00:00.000","Kittitas","WA","Truck","0","0","0","14506","14506","0"
"2018-12-31T00:00:00.000","Anne Arundel","MD","Passenger","0","3","3","462","465","0.6451612903225806451612903226"
"2018-12-31T00:00:00.000","Cowlitz","WA","Passenger","85","108","193","73783","73976","0.2608954255434194874013193468"
"2018-12-31T00:00:00.000","Asotin","WA","Passenger","13","10","23","13007","13030","0.1765157329240214888718342287"
"2018-12-31T00:00:00.000","Denver","CO","Passenger","1","0","1","122","123","0.8130081300813008130081300813"
"2018-12-31T00:00:00.000","Beaufort","SC","Passenger","1","0","1","31","32","3.12500"
"2018-03-31T00:00:00.000","Snohomish","WA","Truck","1","0","1","125383","125384","0.0007975499266254067504625789574"
"2018-08-31T00:00:00.000","Clackamas","OR","Passenger","0","1","1","206","207","0.4830917874396135265700483092"
"2018-12-31T00:00:00.000","Douglas","WA","Truck","0","0","0","12503","12503","0"
"2018-10-31T00:00:00.000","Monroe","IL","Passenger","1","0","1","3","4","25.00"
"2018-03-31T00:00:00.000","Stevens","WA","Truck","0","0","0","19334","19334","0"
"2018-12-31T00:00:00.000","Monterey","CA","Passenger","0","1","1","208","209","0.4784688995215311004784688995"
"2018-12-31T00:00:00.000","El Paso","TX","Passenger","1","0","1","508","509","0.1964636542239685658153241650"
"2018-03-31T00:00:00.000","Sumter","FL","Passenger","0","1","1","9","10","10.0"
"2018-12-31T00:00:00.000","Bucks","PA","Passenger","1","0","1","18","19","5.263157894736842105263157895"
"2018-10-31T00:00:00.000","Nueces","TX","Passenger","1","1","2","98","100","2.00"
"2018-10-31T00:00:00.000","Okanogan","WA","Truck","0","0","0","4279","4279","0"
"2018-12-31T00:00:00.000","Fulton","GA","Passenger","1","2","3","97","100","3.00"
"2018-03-31T00:00:00.000","Travis","TX","Passenger","0","1","1","180","181","0.5524861878453038674033149171"
"2018-12-31T00:00:00.000","Ozaukee","WI","Passenger","0","1","1","3","4","25.00"
"2018-12-31T00:00:00.000","Grant","WA","Passenger","35","57","92","65975","66067","0.1392525769294806787049510346"
"2018-12-31T00:00:00.000","Pacific","WA","Truck","0","0","0","7823","7823","0"
"2018-12-31T00:00:00.000","Grays Harbor","WA","Passenger","73","77","150","48398","48548","0.3089725632363846090467166516"
"2018-12-31T00:00:00.000","Palm Beach","FL","Passenger","0","1","1","81","82","1.219512195121951219512195122"
"2018-12-31T00:00:00.000","Pinal","AZ","Passenger","2","0","2","170","172","1.162790697674418604651162791"
"2018-08-31T00:00:00.000","District Of Columbia","DC","Passenger","0","4","4","204","208","1.923076923076923076923076923"
"2018-12-31T00:00:00.000","Hardin","KY","Passenger","0","1","1","110","111","0.9009009009009009009009009009"
"2018-12-31T00:00:00.000","Cowlitz","WA","Truck","0","0","0","29577","29577","0"
"2018-03-31T00:00:00.000","Washoe","NV","Passenger","1","0","1","111","112","0.8928571428571428571428571429"
"2018-12-31T00:00:00.000","Douglas","WA","Passenger","51","33","84","28604","28688","0.2928053541550474065811489124"
"2018-10-31T00:00:00.000","Saint Marys","MD","Passenger","1","0","1","208","209","0.4784688995215311004784688995"
"2018-04-30T00:00:00.000","NULL","WA","Truck","0","0","0","3","3","0"
"2018-03-31T00:00:00.000","Nueces","TX","Passenger","1","1","2","103","105","1.904761904761904761904761905"
"2018-12-31T00:00:00.000","Island","WA","Truck","0","0","0","21748","21748","0"
"2018-10-31T00:00:00.000","San Juan","WA","Passenger","171","71","242","14550","14792","1.636019469983775013520822066"
"2018-08-31T00:00:00.000","Flathead","MT","Passenger","1","0","1","49","50","2.00"
"2018-10-31T00:00:00.000","San Mateo","CA","Passenger","1","1","2","131","133","1.503759398496240601503759398"
"2018-12-31T00:00:00.000","Fairfax","VA","Passenger","3","3","6","792","798","0.7518796992481203007518796992"
"2018-10-31T00:00:00.000","Santa Fe","NM","Passenger","0","1","1","39","40","2.500"
"2018-03-31T00:00:00.000","Orleans","LA","Passenger","0","1","1","50","51","1.960784313725490196078431373"
"2018-12-31T00:00:00.000","Kent","MI","Passenger","0","1","1","21","22","4.545454545454545454545454545"
"2018-04-30T00:00:00.000","Benton","WA","Truck","0","0","0","42227","42227","0"
"2018-08-31T00:00:00.000","Clark","WA","Truck","0","0","0","81600","81600","0"
"2018-12-31T00:00:00.000","King","WA","Passenger","16765","6813","23578","1398696","1422274","1.657767771892054554888861077"
"2018-08-31T00:00:00.000","Garfield","WA","Truck","0","0","0","989","989","0"
"2018-12-31T00:00:00.000","Klickitat","WA","Truck","0","0","0","8484","8484","0"
"2018-12-31T00:00:00.000","Ferry","WA","Passenger","3","2","5","4575","4580","0.1091703056768558951965065502"
"2018-12-31T00:00:00.000","Skamania","WA","Passenger","18","13","31","8992","9023","0.3435664413166352654327828882"
"2018-08-31T00:00:00.000","Cowlitz","WA","Passenger","74","91","165","73386","73551","0.2243341354978178406819757719"
"2018-12-31T00:00:00.000","Larimer","CO","Passenger","0","1","1","47","48","2.083333333333333333333333333"
"2018-04-30T00:00:00.000","Brevard","FL","Passenger","0","1","1","93","94","1.063829787234042553191489362"
"2018-03-31T00:00:00.000","Pend Oreille","WA","Passenger","5","3","8","9860","9868","0.08107012565869477097689501419"
"2018-12-31T00:00:00.000","Franklin","WA","Passenger","53","68","121","60410","60531","0.1998975731443392641786853017"
"2018-12-31T00:00:00.000","Sumter","FL","Passenger","0","1","1","9","10","10.0"
"2018-08-31T00:00:00.000","Cumberland","NC","Passenger","0","1","1","560","561","0.1782531194295900178253119430"
"2018-12-31T00:00:00.000","Lewis","WA","Passenger","100","85","185","59591","59776","0.3094887580299785867237687366"
"2018-10-31T00:00:00.000","Tulsa","OK","Passenger","0","1","1","41","42","2.380952380952380952380952381"
"2018-10-31T00:00:00.000","Utah","UT","Passenger","0","1","1","129","130","0.7692307692307692307692307692"
"2018-12-31T00:00:00.000","Grant","WA","Truck","0","0","0","27304","27304","0"
"2018-12-31T00:00:00.000","Travis","TX","Passenger","1","1","2","177","179","1.117318435754189944134078212"
"2018-12-31T00:00:00.000","Grays Harbor","WA","Truck","0","0","0","20976","20976","0"
"2018-12-31T00:00:00.000","Valencia","NM","Passenger","1","0","1","7","8","12.500"
"2018-12-31T00:00:00.000","Wahkiakum","WA","Passenger","2","2","4","3026","3030","0.1320132013201320132013201320"
"2018-08-31T00:00:00.000","Dupage","IL","Passenger","1","0","1","54","55","1.818181818181818181818181818"
"2018-12-31T00:00:00.000","Island","WA","Passenger","291","236","527","64358","64885","0.8122062109886722663173306619"
"2018-04-30T00:00:00.000","Chelan","WA","Truck","0","0","0","22485","22485","0"
"2018-10-31T00:00:00.000","Yakima","WA","Passenger","81","104","185","168919","169104","0.1094001324628630901693632321"
"2018-08-31T00:00:00.000","Jefferson","WA","Passenger","164","107","271","25116","25387","1.067475479576161027297435695"
"2018-12-31T00:00:00.000","Montgomery","TX","Passenger","1","0","1","51","52","1.923076923076923076923076923"
"2018-12-31T00:00:00.000","Whatcom","WA","Passenger","809","388","1197","151995","153192","0.7813723954253485821713927620"
"2018-08-31T00:00:00.000","Fairfax","VA","Passenger","1","3","4","799","803","0.4981320049813200498132004981"
"2018-04-30T00:00:00.000","Clallam","WA","Truck","0","0","0","21986","21986","0"
"2018-12-31T00:00:00.000","King","WA","Truck","7","1","8","187737","187745","0.004261098830861008282510852486"
"2018-08-31T00:00:00.000","Kent","DE","Passenger","0","1","1","73","74","1.351351351351351351351351351"
"2018-03-31T00:00:00.000","Santa Fe","NM","Passenger","0","1","1","39","40","2.500"
"2018-11-30T00:00:00.000","Adams","WA","Passenger","5","5","10","13141","13151","0.07603984487871644741844726637"
"2018-12-31T00:00:00.000","Kittitas","WA","Passenger","70","36","106","30074","30180","0.3512259774685222001325381047"
"2018-12-31T00:00:00.000","Oklahoma","OK","Passenger","0","1","1","117","118","0.8474576271186440677966101695"
"2018-08-31T00:00:00.000","Kitsap","WA","Passenger","901","507","1408","182444","183852","0.7658333877249091660683593325"
"2018-08-31T00:00:00.000","Kitsap","WA","Truck","1","0","1","54856","54857","0.001822921413857848588147364967"
"2018-12-31T00:00:00.000","Lane","OR","Passenger","0","1","1","167","168","0.5952380952380952380952380952"
"2018-11-30T00:00:00.000","Asotin","WA","Passenger","13","10","23","13002","13025","0.1765834932821497120921305182"
"2018-08-31T00:00:00.000","Kittitas","WA","Truck","0","0","0","14619","14619","0"
"2018-08-31T00:00:00.000","Klamath","OR","Passenger","1","0","1","25","26","3.846153846153846153846153846"
"2018-08-31T00:00:00.000","Grant","WA","Passenger","36","53","89","65365","65454","0.1359733553335166681944571760"
"2018-12-31T00:00:00.000","Lewis","WA","Truck","0","0","0","26495","26495","0"
"2018-12-31T00:00:00.000","Pima","AZ","Passenger","0","1","1","371","372","0.2688172043010752688172043011"
"2018-08-31T00:00:00.000","Kootenai","ID","Passenger","0","1","1","203","204","0.4901960784313725490196078431"
"2018-08-31T00:00:00.000","Grays Harbor","WA","Passenger","65","70","135","47957","48092","0.2807119687266073359394493887"
"2019-01-31T00:00:00.000","Brevard","FL","Passenger","0","1","1","79","80","1.2500"
"2018-12-31T00:00:00.000","Lincoln","WA","Truck","0","0","0","4780","4780","0"
"2018-12-31T00:00:00.000","Polk","FL","Passenger","1","0","1","64","65","1.538461538461538461538461538"
"2018-08-31T00:00:00.000","Guilford","NC","Passenger","1","0","1","26","27","3.703703703703703703703703704"
"2019-01-31T00:00:00.000","Bryan","GA","Passenger","1","0","1","59","60","1.666666666666666666666666667"
"2018-12-31T00:00:00.000","Prince William","VA","Passenger","0","4","4","253","257","1.556420233463035019455252918"
"2018-04-30T00:00:00.000","Cowlitz","WA","Passenger","66","83","149","72891","73040","0.2039978094194961664841182913"
"2018-08-31T00:00:00.000","Gwinnett","GA","Passenger","0","1","1","83","84","1.190476190476190476190476190"
"2018-12-31T00:00:00.000","Maricopa","AZ","Passenger","3","2","5","1362","1367","0.3657644476956839795171909290"
"2018-12-31T00:00:00.000","Marion","OR","Passenger","1","0","1","102","103","0.9708737864077669902912621359"
"2018-11-30T00:00:00.000","Chelan","WA","Truck","0","0","0","22747","22747","0"
"2018-12-31T00:00:00.000","Saint Clair","IL","Passenger","0","1","1","164","165","0.6060606060606060606060606061"
"2019-01-31T00:00:00.000","Chelan","WA","Truck","0","0","0","22774","22774","0"
"2018-12-31T00:00:00.000","San Francisco","CA","Passenger","2","1","3","109","112","2.678571428571428571428571429"
"2018-08-31T00:00:00.000","Hennepin","MN","Passenger","1","0","1","105","106","0.9433962264150943396226415094"
"2018-12-31T00:00:00.000","Sangamon","IL","Passenger","1","0","1","8","9","11.11111111111111111111111111"
"2019-01-31T00:00:00.000","Clackamas","OR","Passenger","0","1","1","197","198","0.5050505050505050505050505051"
"2018-11-30T00:00:00.000","Cochise","AZ","Passenger","0","1","1","125","126","0.7936507936507936507936507937"
"2018-12-31T00:00:00.000","Montgomery","PA","Passenger","2","0","2","24","26","7.692307692307692307692307692"
"2019-01-31T00:00:00.000","Cochise","AZ","Passenger","0","1","1","124","125","0.800"
"2018-12-31T00:00:00.000","Skamania","WA","Truck","0","0","0","4191","4191","0"
"2018-08-31T00:00:00.000","Maui","HI","Passenger","1","0","1","54","55","1.818181818181818181818181818"
"2018-11-30T00:00:00.000","Columbia","WA","Truck","0","0","0","1588","1588","0"
"2018-12-31T00:00:00.000","Nassau","NY","Passenger","2","0","2","30","32","6.2500"
"2018-12-31T00:00:00.000","Spokane","WA","Passenger","477","403","880","314289","315169","0.2792152781523563548445437210"
"2018-12-31T00:00:00.000","New Castle","DE","Passenger","1","0","1","24","25","4.00"
"2018-12-31T00:00:00.000","Spokane","WA","Truck","1","0","1","97086","97087","0.001030004017015666361098808285"
"2018-08-31T00:00:00.000","Jefferson","WA","Truck","0","0","0","9863","9863","0"
"2018-04-30T00:00:00.000","Fairfax City","VA","Passenger","1","0","1","9","10","10.0"
"2018-08-31T00:00:00.000","Juneau","AK","Passenger","0","1","1","39","40","2.500"
"2019-01-31T00:00:00.000","Denver","CO","Passenger","1","0","1","122","123","0.8130081300813008130081300813"
"2018-12-31T00:00:00.000","Pend Oreille","WA","Truck","0","0","0","5994","5994","0"
"2018-11-30T00:00:00.000","Denver","CO","Passenger","1","0","1","124","125","0.800"
"2019-01-31T00:00:00.000","Deschutes","OR","Passenger","2","0","2","145","147","1.360544217687074829931972789"
"2018-12-31T00:00:00.000","Tarrant","TX","Passenger","1","0","1","187","188","0.5319148936170212765957446809"
"2018-11-30T00:00:00.000","Deschutes","OR","Passenger","2","0","2","146","148","1.351351351351351351351351351"
"2018-08-31T00:00:00.000","Klickitat","WA","Truck","0","0","0","8436","8436","0"
"2018-12-31T00:00:00.000","Thurston","WA","Passenger","829","608","1437","198907","200344","0.7172663019606277203210477978"
"2018-03-31T00:00:00.000","Yakima","WA","Truck","0","0","0","60701","60701","0"
"2018-04-30T00:00:00.000","Glacier","MT","Passenger","0","1","1","4","5","20.0"
"2018-04-30T00:00:00.000","NULL","NULL","Passenger","8","2","10","2275","2285","0.4376367614879649890590809628"
"2018-04-30T00:00:00.000","Grant","WA","Passenger","34","46","80","64752","64832","0.1233958538993089832181638697"
"2018-11-30T00:00:00.000","El Paso","CO","Passenger","2","1","3","751","754","0.3978779840848806366047745358"
"2018-12-31T00:00:00.000","Ventura","CA","Passenger","0","2","2","321","323","0.6191950464396284829721362229"
"2018-08-31T00:00:00.000","Palm Beach","FL","Passenger","0","1","1","75","76","1.315789473684210526315789474"
"2018-04-30T00:00:00.000","Grays Harbor","WA","Passenger","57","59","116","47336","47452","0.2444575571103430835370479643"
"2018-12-31T00:00:00.000","Walla Walla","WA","Truck","0","0","0","13997","13997","0"
"2019-01-31T00:00:00.000","Garfield","WA","Truck","0","0","0","992","992","0"
"2018-04-30T00:00:00.000","Anne Arundel","MD","Passenger","0","3","3","467","470","0.6382978723404255319148936170"
"2018-11-30T00:00:00.000","Franklin","WA","Passenger","46","66","112","60222","60334","0.1856333079192495110551264627"
"2019-01-31T00:00:00.000","Goochland","VA","Passenger","0","1","1","187","188","0.5319148936170212765957446809"
"2018-11-30T00:00:00.000","Fresno","CA","Passenger","1","0","1","184","185","0.5405405405405405405405405405"
"2018-04-30T00:00:00.000","Asotin","WA","Passenger","8","6","14","12907","12921","0.1083507468462193328689729897"
"2018-12-31T00:00:00.000","Whatcom","WA","Truck","2","0","2","43852","43854","0.004560587403657591097733388060"
"2018-04-30T00:00:00.000","Hamilton","TN","Passenger","1","0","1","19","20","5.00"
"2019-01-31T00:00:00.000","NULL","NULL","Passenger","9","6","15","2155","2170","0.6912442396313364055299539171"
"2018-04-30T00:00:00.000","Hardin","KY","Passenger","0","1","1","120","121","0.8264462809917355371900826446"
"2019-01-31T00:00:00.000","NULL","WA","Passenger","0","0","0","2","2","0"
"2019-01-31T00:00:00.000","Adams","WA","Truck","0","0","0","5385","5385","0"
"2018-12-31T00:00:00.000","Wahkiakum","WA","Truck","0","0","0","1771","1771","0"
"2019-01-31T00:00:00.000","Alexandria City","VA","Passenger","4","0","4","162","166","2.409638554216867469879518072"
"2018-08-31T00:00:00.000","Montgomery","MD","Passenger","1","3","4","288","292","1.369863013698630136986301370"
"2018-12-31T00:00:00.000","Walla Walla","WA","Passenger","42","53","95","36813","36908","0.2573967703478920559228351577"
"2019-01-31T00:00:00.000","Kern","CA","Passenger","0","1","1","239","240","0.4166666666666666666666666667"
"2018-12-31T00:00:00.000","Washtenaw","MI","Passenger","1","0","1","33","34","2.941176470588235294117647059"
"2019-01-31T00:00:00.000","Kitsap","WA","Passenger","1059","578","1637","183177","184814","0.8857554081400759682708019955"
"2018-11-30T00:00:00.000","King","WA","Truck","7","1","8","187784","187792","0.004260032376246059470051972395"
"2018-08-31T00:00:00.000","Skagit","WA","Passenger","256","184","440","92718","93158","0.4723158504905644174413362245"
"2019-01-31T00:00:00.000","Lewis","WA","Passenger","102","89","191","59640","59831","0.3192325048887700356002741054"
"2018-04-30T00:00:00.000","King","WA","Passenger","12737","5584","18321","1390898","1409219","1.300081818368897949857332324"
"2018-08-31T00:00:00.000","Snohomish","WA","Passenger","2625","1406","4031","532720","536751","0.7509999981369387295039971980"
"2019-01-31T00:00:00.000","Lincoln","WA","Passenger","4","6","10","7984","7994","0.1250938203652739554665999500"
"2019-01-31T00:00:00.000","Adams","WA","Passenger","5","6","11","13136","13147","0.08366927816231839963489769529"
"2018-08-31T00:00:00.000","Snohomish","WA","Truck","1","0","1","125605","125606","0.0007961403117685460885626482811"
"2018-04-30T00:00:00.000","Klickitat","WA","Truck","0","0","0","8369","8369","0"
"2019-01-31T00:00:00.000","Albemarle","VA","Passenger","1","0","1","28","29","3.448275862068965517241379310"
"2019-01-31T00:00:00.000","Lumpkin","GA","Passenger","1","0","1","8","9","11.11111111111111111111111111"
"2018-08-31T00:00:00.000","Stevens","WA","Passenger","14","28","42","32637","32679","0.1285229046176443587625080327"
"2018-08-31T00:00:00.000","Stevens","WA","Truck","0","0","0","19491","19491","0"
"2019-01-31T00:00:00.000","Manassas City","VA","Passenger","0","1","1","9","10","10.0"
"2018-11-30T00:00:00.000","Lewis","WA","Passenger","96","78","174","59487","59661","0.2916478101272187861417006084"
"2019-01-31T00:00:00.000","Columbia","GA","Passenger","1","1","2","157","159","1.257861635220125786163522013"
"2018-11-30T00:00:00.000","Lewis","WA","Truck","0","0","0","26491","26491","0"
"2018-04-30T00:00:00.000","Larimer","CO","Passenger","0","1","1","54","55","1.818181818181818181818181818"
"2019-01-31T00:00:00.000","Contra Costa","CA","Passenger","1","0","1","207","208","0.4807692307692307692307692308"
"2019-01-31T00:00:00.000","Mason","WA","Truck","0","0","0","20891","20891","0"
"2018-08-31T00:00:00.000","Sumter","FL","Passenger","0","1","1","9","10","10.0"
"2019-01-31T00:00:00.000","Benton","WA","Passenger","248","252","500","135763","136263","0.3669374665169561803277485451"
"2018-04-30T00:00:00.000","Lewis","WA","Passenger","84","61","145","58713","58858","0.2463556355975398416527914642"
"2018-04-30T00:00:00.000","Lincoln","WA","Passenger","4","7","11","7862","7873","0.1397180236250476311444176299"
"2018-08-31T00:00:00.000","Travis","TX","Passenger","0","1","1","178","179","0.5586592178770949720670391061"
"2018-11-30T00:00:00.000","Manassas City","VA","Passenger","0","1","1","9","10","10.0"
"2018-11-30T00:00:00.000","Manatee","FL","Passenger","1","0","1","33","34","2.941176470588235294117647059"
"2019-01-31T00:00:00.000","Bucks","PA","Passenger","1","0","1","18","19","5.263157894736842105263157895"
"2019-01-31T00:00:00.000","Okanogan","WA","Passenger","3","7","10","6280","6290","0.1589825119236883942766295707"
"2018-08-31T00:00:00.000","San Francisco","CA","Passenger","1","1","2","116","118","1.694915254237288135593220339"
"2019-01-31T00:00:00.000","Oldham","KY","Passenger","0","1","1","4","5","20.0"
"2018-08-31T00:00:00.000","Virginia Beach City","VA","Passenger","1","1","2","675","677","0.2954209748892171344165435746"
"2019-01-31T00:00:00.000","El Paso","CO","Passenger","2","1","3","748","751","0.3994673768308921438082556591"
"2019-01-31T00:00:00.000","Orange","CA","Passenger","4","2","6","554","560","1.071428571428571428571428571"
"2018-04-30T00:00:00.000","Mason","WA","Truck","0","0","0","20531","20531","0"
"2018-08-31T00:00:00.000","Washington","OR","Passenger","0","1","1","443","444","0.2252252252252252252252252252"
"2018-08-31T00:00:00.000","Santa Fe","NM","Passenger","0","1","1","42","43","2.325581395348837209302325581"
"2018-11-30T00:00:00.000","Montgomery","PA","Passenger","2","0","2","24","26","7.692307692307692307692307692"
"2018-11-30T00:00:00.000","Montgomery","TX","Passenger","1","0","1","52","53","1.886792452830188679245283019"
"2019-01-31T00:00:00.000","Frederick","MD","Passenger","0","1","1","86","87","1.149425287356321839080459770"
"2018-04-30T00:00:00.000","El Paso","CO","Passenger","2","0","2","759","761","0.2628120893561103810775295664"
"2018-11-30T00:00:00.000","Multnomah","OR","Passenger","3","5","8","748","756","1.058201058201058201058201058"
"2019-01-31T00:00:00.000","Pierce","WA","Passenger","1805","1522","3327","550457","553784","0.6007757537234734120162373778"
"2019-01-31T00:00:00.000","Clallam","WA","Passenger","161","135","296","51336","51632","0.5732878834831112488379299659"
"2019-01-31T00:00:00.000","Garfield","OK","Passenger","1","0","1","14","15","6.666666666666666666666666667"
"2018-11-30T00:00:00.000","Okanogan","WA","Passenger","2","6","8","6342","6350","0.1259842519685039370078740157"
"2019-01-31T00:00:00.000","Clark","NV","Passenger","2","1","3","674","677","0.4431314623338257016248153619"
"2018-11-30T00:00:00.000","Oldham","KY","Passenger","0","1","1","4","5","20.0"
"2019-01-31T00:00:00.000","Columbia","WA","Truck","0","0","0","1602","1602","0"
"2018-09-30T00:00:00.000","NULL","WA","Passenger","0","0","0","1","1","0"
"2018-08-31T00:00:00.000","Spokane","WA","Passenger","393","369","762","311426","312188","0.2440836931592501953950824503"
"2019-01-31T00:00:00.000","Guilford","NC","Passenger","1","0","1","24","25","4.00"
"2018-09-30T00:00:00.000","Alexandria City","VA","Passenger","2","0","2","162","164","1.219512195121951219512195122"
"2018-11-30T00:00:00.000","Pierce","WA","Passenger","1685","1435","3120","548947","552067","0.5651487953454924855135336834"
"2019-01-31T00:00:00.000","Riley","KS","Passenger","1","0","1","73","74","1.351351351351351351351351351"
"2019-01-31T00:00:00.000","Harris","TX","Passenger","0","1","1","231","232","0.4310344827586206896551724138"
"2018-11-30T00:00:00.000","Pierce","WA","Truck","0","0","0","143309","143309","0"
"2019-01-31T00:00:00.000","Dakota","MN","Passenger","0","1","1","30","31","3.225806451612903225806451613"
"2019-01-31T00:00:00.000","Dale","AL","Passenger","0","1","1","64","65","1.538461538461538461538461538"
"2018-04-30T00:00:00.000","Garfield","OK","Passenger","1","0","1","20","21","4.761904761904761904761904762"
"2019-01-31T00:00:00.000","Dekalb","IN","Passenger","1","0","1","1","2","50.0"
"2018-04-30T00:00:00.000","Oklahoma","OK","Passenger","0","1","1","122","123","0.8130081300813008130081300813"
"2019-01-31T00:00:00.000","Honolulu","HI","Passenger","2","1","3","489","492","0.6097560975609756097560975610"
"2018-09-30T00:00:00.000","Benton","WA","Passenger","203","219","422","134956","135378","0.3117197772163867098051382056"
"2018-04-30T00:00:00.000","Orange","CA","Passenger","3","1","4","589","593","0.6745362563237774030354131535"
"2019-01-31T00:00:00.000","Santa Rosa","FL","Passenger","1","0","1","82","83","1.204819277108433734939759036"
"2018-11-30T00:00:00.000","Riverside","CA","Passenger","0","2","2","673","675","0.2962962962962962962962962963"
"2018-08-31T00:00:00.000","Utah","UT","Passenger","0","1","1","132","133","0.7518796992481203007518796992"
"2018-09-30T00:00:00.000","Brevard","FL","Passenger","0","1","1","83","84","1.190476190476190476190476190"
"2018-11-30T00:00:00.000","Saint Clair","IL","Passenger","0","1","1","165","166","0.6024096385542168674698795181"
"2018-04-30T00:00:00.000","Pend Oreille","WA","Passenger","5","5","10","9884","9894","0.1010713563776025874267232666"
"2018-04-30T00:00:00.000","Guilford","NC","Passenger","1","0","1","30","31","3.225806451612903225806451613"
"2018-08-31T00:00:00.000","Ventura","CA","Passenger","0","2","2","316","318","0.6289308176100628930817610063"
"2018-11-30T00:00:00.000","Saint Marys","MD","Passenger","1","0","1","206","207","0.4830917874396135265700483092"
"2018-04-30T00:00:00.000","Honolulu","HI","Passenger","3","1","4","523","527","0.7590132827324478178368121442"
"2018-11-30T00:00:00.000","San Juan","WA","Passenger","178","70","248","14548","14796","1.676128683427953500946201676"
"2019-01-31T00:00:00.000","Thurston","WA","Truck","0","0","0","56358","56358","0"
"2018-11-30T00:00:00.000","Santa Clara","CA","Passenger","8","1","9","358","367","2.452316076294277929155313351"
"2018-08-31T00:00:00.000","Whitman","WA","Passenger","21","31","52","23163","23215","0.2239931079043721731639026491"
"2019-01-31T00:00:00.000","Howard","MD","Passenger","0","1","1","97","98","1.020408163265306122448979592"
"2019-01-31T00:00:00.000","Liberty","GA","Passenger","1","0","1","154","155","0.6451612903225806451612903226"
"2019-01-31T00:00:00.000","Jefferson","CO","Passenger","0","2","2","63","65","3.076923076923076923076923077"
"2018-09-30T00:00:00.000","Clallam","WA","Passenger","136","128","264","51059","51323","0.5143892601757496638933811352"
"2018-08-31T00:00:00.000","Yakima","WA","Truck","0","0","0","61021","61021","0"
"2018-04-30T00:00:00.000","Riley","KS","Passenger","1","0","1","88","89","1.123595505617977528089887640"
"2018-11-30T00:00:00.000","Thurston","WA","Truck","0","0","0","56334","56334","0"
"2018-09-30T00:00:00.000","NULL","NULL","Passenger","6","5","11","2213","2224","0.4946043165467625899280575540"
"2019-01-31T00:00:00.000","Marion","IN","Passenger","1","0","1","117","118","0.8474576271186440677966101695"
"2019-01-31T00:00:00.000","Mason","WA","Passenger","132","117","249","47712","47961","0.5191718271095264902733470945"
"2018-09-30T00:00:00.000","Adams","WA","Passenger","5","5","10","13074","13084","0.07642922653622745337817181290"
"2018-11-30T00:00:00.000","Tulsa","OK","Passenger","0","1","1","41","42","2.380952380952380952380952381"
"2018-09-30T00:00:00.000","Anne Arundel","MD","Passenger","0","2","2","461","463","0.4319654427645788336933045356"
"2018-11-30T00:00:00.000","Volusia","FL","Passenger","0","1","1","31","32","3.12500"
"2018-09-30T00:00:00.000","Dakota","MN","Passenger","0","1","1","30","31","3.225806451612903225806451613"
"2019-01-31T00:00:00.000","Miami-Dade","FL","Passenger","0","1","1","111","112","0.8928571428571428571428571429"
"2018-04-30T00:00:00.000","Santa Rosa","FL","Passenger","1","0","1","94","95","1.052631578947368421052631579"
"2018-09-30T00:00:00.000","Asotin","WA","Passenger","12","9","21","12961","12982","0.1617624403019565552303189031"
"2019-02-28T00:00:00.000","Beaufort","SC","Passenger","1","0","1","33","34","2.941176470588235294117647059"
"2019-01-31T00:00:00.000","Montgomery","AL","Passenger","0","1","1","44","45","2.222222222222222222222222222"
"2019-01-31T00:00:00.000","Marion","OR","Passenger","1","0","1","103","104","0.9615384615384615384615384615"
"2018-12-31T00:00:00.000","NULL","WA","Truck","0","0","0","3","3","0"
"2018-04-30T00:00:00.000","Lewis","WA","Truck","0","0","0","26241","26241","0"
"2018-12-31T00:00:00.000","Albemarle","VA","Passenger","1","0","1","29","30","3.333333333333333333333333333"
"2019-02-28T00:00:00.000","Bucks","PA","Passenger","1","0","1","19","20","5.00"
"2019-01-31T00:00:00.000","Norfolk City","VA","Passenger","3","2","5","357","362","1.381215469613259668508287293"
"2019-01-31T00:00:00.000","Multnomah","OR","Passenger","3","5","8","751","759","1.054018445322793148880105402"
"2018-09-30T00:00:00.000","Fairfax City","VA","Passenger","1","0","1","9","10","10.0"
"2018-12-31T00:00:00.000","Asotin","WA","Truck","0","0","0","6861","6861","0"
"2019-02-28T00:00:00.000","Camden","GA","Passenger","0","1","1","161","162","0.6172839506172839506172839506"
"2019-01-31T00:00:00.000","Nassau","NY","Passenger","2","0","2","30","32","6.2500"
"2019-01-31T00:00:00.000","Okanogan","WA","Truck","0","0","0","4253","4253","0"
"2018-12-31T00:00:00.000","Broward","FL","Passenger","1","1","2","125","127","1.574803149606299212598425197"
"2018-09-30T00:00:00.000","Glacier","MT","Passenger","0","1","1","4","5","20.0"
"2019-01-31T00:00:00.000","Pinal","AZ","Passenger","2","0","2","173","175","1.142857142857142857142857143"
"2018-12-31T00:00:00.000","Caddo","LA","Passenger","1","1","2","20","22","9.090909090909090909090909091"
"2019-02-28T00:00:00.000","Columbia","GA","Passenger","1","1","2","156","158","1.265822784810126582278481013"
"2019-01-31T00:00:00.000","Pierce","WA","Truck","0","0","0","143496","143496","0"
"2018-09-30T00:00:00.000","Guilford","NC","Passenger","1","0","1","25","26","3.846153846153846153846153846"
"2018-04-30T00:00:00.000","Ventura","CA","Passenger","0","1","1","324","325","0.3076923076923076923076923077"
"2019-02-28T00:00:00.000","Columbia","WA","Passenger","2","2","4","2487","2491","0.1605780810919309514251304697"
"2018-12-31T00:00:00.000","Carson City","NV","Passenger","1","0","1","12","13","7.692307692307692307692307692"
"2018-04-30T00:00:00.000","Wahkiakum","WA","Passenger","2","3","5","2942","2947","0.1696640651510010179843909060"
"2019-01-31T00:00:00.000","Riverside","CA","Passenger","0","2","2","656","658","0.3039513677811550151975683891"
"2019-02-28T00:00:00.000","Dekalb","IN","Passenger","1","0","1","1","2","50.0"
"2019-02-28T00:00:00.000","District Of Columbia","DC","Passenger","1","2","3","212","215","1.395348837209302325581395349"
"2018-04-30T00:00:00.000","Nueces","TX","Passenger","1","1","2","105","107","1.869158878504672897196261682"
"2019-01-31T00:00:00.000","Saint Marys","MD","Passenger","1","0","1","200","201","0.4975124378109452736318407960"
"2019-01-31T00:00:00.000","Saint Lucie","FL","Passenger","1","0","1","24","25","4.00"
"2018-04-30T00:00:00.000","Okanogan","WA","Truck","0","0","0","4341","4341","0"
"2019-01-31T00:00:00.000","San Diego","CA","Passenger","7","4","11","2641","2652","0.4147812971342383107088989442"
"2019-01-31T00:00:00.000","San Juan","WA","Truck","0","0","0","5995","5995","0"
"2019-02-28T00:00:00.000","Douglas","NE","Passenger","0","1","1","65","66","1.515151515151515151515151515"
"2018-12-31T00:00:00.000","Cook","IL","Passenger","1","0","1","236","237","0.4219409282700421940928270042"
"2019-01-31T00:00:00.000","Santa Clara","CA","Passenger","8","1","9","351","360","2.500"
"2018-09-30T00:00:00.000","Douglas","WA","Passenger","49","32","81","28429","28510","0.2841108383023500526131182041"
"2019-02-28T00:00:00.000","Ferry","WA","Passenger","3","2","5","4571","4576","0.1092657342657342657342657343"
"2019-01-31T00:00:00.000","Shelby","TN","Passenger","0","1","1","102","103","0.9708737864077669902912621359"
"2018-12-31T00:00:00.000","Cumberland","NC","Passenger","0","1","1","545","546","0.1831501831501831501831501832"
"2018-09-30T00:00:00.000","Jefferson","CO","Passenger","0","1","1","65","66","1.515151515151515151515151515"
"2018-09-30T00:00:00.000","Fairfax","VA","Passenger","1","3","4","793","797","0.5018820577164366373902132999"
"2019-01-31T00:00:00.000","Spartanburg","SC","Passenger","0","1","1","27","28","3.571428571428571428571428571"
"2018-05-31T00:00:00.000","Alexandria City","VA","Passenger","2","0","2","167","169","1.183431952662721893491124260"
"2018-09-30T00:00:00.000","Flathead","MT","Passenger","1","0","1","47","48","2.083333333333333333333333333"
"2019-02-28T00:00:00.000","Grays Harbor","WA","Truck","0","0","0","20914","20914","0"
"2019-02-28T00:00:00.000","Guadalupe","TX","Passenger","2","0","2","67","69","2.898550724637681159420289855"
"2019-01-31T00:00:00.000","Tulsa","OK","Passenger","0","1","1","43","44","2.272727272727272727272727273"
"2018-09-30T00:00:00.000","Franklin","WA","Passenger","45","67","112","59778","59890","0.1870095174486558690933377859"
"2019-01-31T00:00:00.000","Volusia","FL","Passenger","0","1","1","32","33","3.030303030303030303030303030"
"2019-01-31T00:00:00.000","Williamson","TX","Passenger","1","0","1","125","126","0.7936507936507936507936507937"
"2018-12-31T00:00:00.000","Garfield","WA","Passenger","1","1","2","1359","1361","0.1469507714915503306392358560"
"2018-12-31T00:00:00.000","Glacier","MT","Passenger","0","1","1","3","4","25.00"
"2019-02-28T00:00:00.000","Adams","WA","Truck","0","0","0","5355","5355","0"
"2018-09-30T00:00:00.000","Gwinnett","GA","Passenger","0","1","1","85","86","1.162790697674418604651162791"
"2018-12-31T00:00:00.000","Guilford","NC","Passenger","1","0","1","24","25","4.00"
"2018-05-31T00:00:00.000","Brevard","FL","Passenger","0","1","1","89","90","1.111111111111111111111111111"
"2018-04-30T00:00:00.000","San Juan","WA","Passenger","145","56","201","14331","14532","1.383154417836498761354252684"
"2018-09-30T00:00:00.000","Mason","WA","Passenger","116","101","217","47202","47419","0.4576224720048925536177481600"
"2019-02-28T00:00:00.000","Allegheny","PA","Passenger","1","0","1","76","77","1.298701298701298701298701299"
"2018-09-30T00:00:00.000","Mason","WA","Truck","0","0","0","20771","20771","0"
"2018-04-30T00:00:00.000","San Mateo","CA","Passenger","1","1","2","135","137","1.459854014598540145985401460"
"2019-02-28T00:00:00.000","Arlington","VA","Passenger","1","2","3","154","157","1.910828025477707006369426752"
"2018-09-30T00:00:00.000","Honolulu","HI","Passenger","2","1","3","502","505","0.5940594059405940594059405941"
"2018-04-30T00:00:00.000","Santa Fe","NM","Passenger","0","1","1","39","40","2.500"
"2019-02-28T00:00:00.000","Kittitas","WA","Passenger","77","37","114","30190","30304","0.3761879619852164730728616684"
"2018-09-30T00:00:00.000","Miami-Dade","FL","Passenger","0","1","1","109","110","0.9090909090909090909090909091"
"2019-02-28T00:00:00.000","Klamath","OR","Passenger","1","0","1","25","26","3.846153846153846153846153846"
"2018-09-30T00:00:00.000","Island","WA","Passenger","241","217","458","64033","64491","0.7101766137910716223969236017"
"2019-02-28T00:00:00.000","Clark","NV","Passenger","2","1","3","664","667","0.4497751124437781109445277361"
"2019-02-28T00:00:00.000","Maricopa","AZ","Passenger","5","2","7","1351","1358","0.5154639175257731958762886598"
"2019-02-28T00:00:00.000","Marion","IN","Passenger","1","0","1","113","114","0.8771929824561403508771929825"
"2018-05-31T00:00:00.000","Columbia","WA","Passenger","2","1","3","2463","2466","0.1216545012165450121654501217"
"2018-09-30T00:00:00.000","King","WA","Truck","8","1","9","187846","187855","0.004790929174097042932048654547"
"2019-02-28T00:00:00.000","Columbia","WA","Truck","0","0","0","1597","1597","0"
"2019-02-28T00:00:00.000","Maui","HI","Passenger","1","0","1","49","50","2.00"
"2018-09-30T00:00:00.000","Kitsap","WA","Truck","1","0","1","54943","54944","0.001820034944670937682003494467"
"2018-12-31T00:00:00.000","Mason","WA","Passenger","130","112","242","47517","47759","0.5067107770263196465587637932"
"2018-09-30T00:00:00.000","Norfolk City","VA","Passenger","3","2","5","351","356","1.404494382022471910112359551"
"2018-04-30T00:00:00.000","Thurston","WA","Truck","0","0","0","55669","55669","0"
"2019-02-28T00:00:00.000","Dale","AL","Passenger","0","1","1","65","66","1.515151515151515151515151515"
"2018-09-30T00:00:00.000","Orange","CA","Passenger","3","1","4","567","571","0.7005253940455341506129597198"
"2019-02-28T00:00:00.000","Cochise","AZ","Passenger","0","1","1","123","124","0.8064516129032258064516129032"
"2018-12-31T00:00:00.000","Miami-Dade","FL","Passenger","0","1","1","111","112","0.8928571428571428571428571429"
"2018-04-30T00:00:00.000","Tulsa","OK","Passenger","0","1","1","43","44","2.272727272727272727272727273"
"2019-02-28T00:00:00.000","Muscogee","GA","Passenger","0","1","1","191","192","0.5208333333333333333333333333"
"2019-02-28T00:00:00.000","Deschutes","OR","Passenger","2","0","2","144","146","1.369863013698630136986301370"
"2018-12-31T00:00:00.000","Montgomery","AL","Passenger","0","1","1","45","46","2.173913043478260869565217391"
"2018-04-30T00:00:00.000","Utah","UT","Passenger","0","1","1","132","133","0.7518796992481203007518796992"
"2019-02-28T00:00:00.000","New Castle","DE","Passenger","1","0","1","23","24","4.166666666666666666666666667"
"2018-12-31T00:00:00.000","Moore","NC","Passenger","0","1","1","198","199","0.5025125628140703517587939698"
"2019-02-28T00:00:00.000","Norfolk City","VA","Passenger","3","2","5","361","366","1.366120218579234972677595628"
"2019-02-28T00:00:00.000","Douglas","OR","Passenger","1","0","1","49","50","2.00"
"2018-05-31T00:00:00.000","Douglas","OR","Passenger","1","0","1","52","53","1.886792452830188679245283019"
"2018-09-30T00:00:00.000","Lewis","WA","Truck","0","0","0","26428","26428","0"
"2019-02-28T00:00:00.000","Dekalb","GA","Passenger","1","0","1","75","76","1.315789473684210526315789474"
"2018-05-31T00:00:00.000","Dupage","IL","Passenger","1","0","1","62","63","1.587301587301587301587301587"
"2018-09-30T00:00:00.000","Lincoln","WA","Truck","0","0","0","4737","4737","0"
"2018-09-30T00:00:00.000","Pend Oreille","WA","Passenger","6","5","11","9937","9948","0.1105749899477281865701648573"
"2019-02-28T00:00:00.000","El Paso","CO","Passenger","2","2","4","744","748","0.5347593582887700534759358289"
"2019-02-28T00:00:00.000","Pacific","WA","Passenger","34","28","62","16145","16207","0.3825507496760658974517183933"
"2019-02-28T00:00:00.000","Pend Oreille","WA","Truck","0","0","0","5998","5998","0"
"2018-12-31T00:00:00.000","Pend Oreille","WA","Passenger","6","5","11","9880","9891","0.1112122131230411485188555252"
"2019-02-28T00:00:00.000","Hennepin","MN","Passenger","2","0","2","100","102","1.960784313725490196078431373"
"2018-09-30T00:00:00.000","Manatee","FL","Passenger","1","0","1","33","34","2.941176470588235294117647059"
"2018-04-30T00:00:00.000","Yakima","WA","Passenger","75","91","166","167944","168110","0.09874486943072987924573196122"
"2019-02-28T00:00:00.000","Frederick","MD","Passenger","1","1","2","86","88","2.272727272727272727272727273"
"2018-09-30T00:00:00.000","Marion","OR","Passenger","1","0","1","107","108","0.9259259259259259259259259259"
"2018-05-31T00:00:00.000","NULL","CA","Passenger","1","1","2","308","310","0.6451612903225806451612903226"
"2019-02-28T00:00:00.000","Jefferson","WA","Truck","0","0","0","9857","9857","0"
"2018-05-31T00:00:00.000","NULL","WA","Truck","0","0","0","3","3","0"
"2018-05-31T00:00:00.000","Guilford","NC","Passenger","1","0","1","29","30","3.333333333333333333333333333"
"2019-02-28T00:00:00.000","San Diego","CA","Passenger","6","4","10","2679","2689","0.3718854592785422089996281145"
"2018-09-30T00:00:00.000","Santa Rosa","FL","Passenger","1","0","1","84","85","1.176470588235294117647058824"
"2018-09-30T00:00:00.000","Montgomery","PA","Passenger","2","0","2","25","27","7.407407407407407407407407407"
"2018-05-31T00:00:00.000","Gwinnett","GA","Passenger","0","1","1","83","84","1.190476190476190476190476190"
"2019-02-28T00:00:00.000","San Juan","WA","Truck","0","0","0","5993","5993","0"
"2019-02-28T00:00:00.000","Hidalgo","TX","Passenger","0","1","1","90","91","1.098901098901098901098901099"
"2018-05-31T00:00:00.000","Allegheny","PA","Passenger","1","0","1","70","71","1.408450704225352112676056338"
"2018-12-31T00:00:00.000","Santa Fe","NM","Passenger","0","1","1","37","38","2.631578947368421052631578947"
"2019-02-28T00:00:00.000","Shelby","TN","Passenger","0","1","1","102","103","0.9708737864077669902912621359"
"2018-09-30T00:00:00.000","Nassau","NY","Passenger","2","0","2","33","35","5.714285714285714285714285714"
"2019-02-28T00:00:00.000","Skagit","WA","Passenger","312","202","514","93119","93633","0.5489517584612262770604380934"
"2019-02-28T00:00:00.000","Jackson","OK","Passenger","1","0","1","41","42","2.380952380952380952380952381"
"2019-02-28T00:00:00.000","Jefferson","WA","Passenger","191","122","313","25307","25620","1.221701795472287275565964091"
"2018-05-31T00:00:00.000","Beaufort","SC","Passenger","1","0","1","35","36","2.777777777777777777777777778"
"2018-09-30T00:00:00.000","Okanogan","WA","Truck","0","0","0","4287","4287","0"
"2019-02-28T00:00:00.000","Virginia Beach City","VA","Passenger","0","1","1","680","681","0.1468428781204111600587371512"
"2019-02-28T00:00:00.000","Kent","DE","Passenger","0","1","1","73","74","1.351351351351351351351351351"
"2018-12-31T00:00:00.000","Stevens","WA","Passenger","18","30","48","32702","32750","0.1465648854961832061068702290"
"2019-02-28T00:00:00.000","Kittitas","WA","Truck","0","0","0","14776","14776","0"
"2019-02-28T00:00:00.000","Wahkiakum","WA","Truck","0","0","0","1773","1773","0"
"2018-09-30T00:00:00.000","Pierce","WA","Truck","0","0","0","142700","142700","0"
"2018-12-31T00:00:00.000","Tuolumne","CA","Passenger","0","1","1","12","13","7.692307692307692307692307692"
"2019-02-28T00:00:00.000","Kootenai","ID","Passenger","1","1","2","191","193","1.036269430051813471502590674"
"2018-05-31T00:00:00.000","Benton","WA","Truck","0","0","0","42313","42313","0"
"2019-02-28T00:00:00.000","Washtenaw","MI","Passenger","1","0","1","31","32","3.12500"
"2018-05-31T00:00:00.000","Jefferson","WA","Truck","0","0","0","9815","9815","0"
"2019-02-28T00:00:00.000","Manassas City","VA","Passenger","0","1","1","9","10","10.0"
"2018-05-31T00:00:00.000","Juneau","AK","Passenger","0","1","1","41","42","2.380952380952380952380952381"
"2019-03-31T00:00:00.000","Adams","WA","Passenger","4","6","10","13038","13048","0.07664009809932556713672593501"
"2018-12-31T00:00:00.000","Yakima","WA","Truck","0","0","0","61279","61279","0"
"2018-05-31T00:00:00.000","Camden","GA","Passenger","0","1","1","169","170","0.5882352941176470588235294118"
"2019-02-28T00:00:00.000","Liberty","GA","Passenger","1","0","1","148","149","0.6711409395973154362416107383"
"2019-02-28T00:00:00.000","Montgomery","MD","Passenger","1","3","4","280","284","1.408450704225352112676056338"
"2019-02-28T00:00:00.000","Multnomah","OR","Passenger","4","5","9","744","753","1.195219123505976095617529880"
"2018-09-30T00:00:00.000","Saint Marys","MD","Passenger","1","0","1","207","208","0.4807692307692307692307692308"
"2018-09-30T00:00:00.000","Santa Clara","CA","Passenger","8","0","8","365","373","2.144772117962466487935656836"
"2019-02-28T00:00:00.000","Los Angeles","CA","Passenger","7","4","11","1067","1078","1.020408163265306122448979592"
"2018-10-31T00:00:00.000","Allegheny","PA","Passenger","1","0","1","76","77","1.298701298701298701298701299"
"2019-02-28T00:00:00.000","Okanogan","NULL","Passenger","17","14","31","20563","20594","0.1505292803729241526658249976"
"2019-03-31T00:00:00.000","Calvert","MD","Passenger","0","1","1","93","94","1.063829787234042553191489362"
"2019-01-31T00:00:00.000","Beaufort","SC","Passenger","1","0","1","33","34","2.941176470588235294117647059"
"2018-05-31T00:00:00.000","Charles","MD","Passenger","0","1","1","85","86","1.162790697674418604651162791"
"2019-02-28T00:00:00.000","Okanogan","WA","Passenger","3","7","10","6244","6254","0.1598976654940837863767188999"
"2019-02-28T00:00:00.000","Oldham","KY","Passenger","0","1","1","4","5","20.0"
"2019-03-31T00:00:00.000","Clallam","WA","Passenger","165","136","301","51250","51551","0.5838878004306415006498419041"
"2019-01-31T00:00:00.000","Camden","GA","Passenger","0","1","1","162","163","0.6134969325153374233128834356"
"2019-03-31T00:00:00.000","Columbia","WA","Truck","0","0","0","1597","1597","0"
"2018-05-31T00:00:00.000","Clallam","WA","Truck","0","0","0","22013","22013","0"
"2019-02-28T00:00:00.000","Mason","WA","Passenger","134","121","255","47724","47979","0.5314825236040767835928218596"
"2019-03-31T00:00:00.000","Contra Costa","CA","Passenger","1","0","1","208","209","0.4784688995215311004784688995"
"2019-02-28T00:00:00.000","Pierce","WA","Passenger","1834","1530","3364","549725","553089","0.6082203768290455966399621037"
"2019-02-28T00:00:00.000","Mecklenburg","NC","Passenger","1","0","1","80","81","1.234567901234567901234567901"
"2019-03-31T00:00:00.000","Dakota","MN","Passenger","0","1","1","31","32","3.12500"
"2018-09-30T00:00:00.000","Tulsa","OK","Passenger","0","1","1","42","43","2.325581395348837209302325581"
"2018-05-31T00:00:00.000","Mason","WA","Truck","0","0","0","20587","20587","0"
"2019-01-31T00:00:00.000","Clark","WA","Passenger","1427","906","2333","317988","320321","0.7283318920707665123423066237"
"2019-02-28T00:00:00.000","Ramsey","MN","Passenger","1","0","1","37","38","2.631578947368421052631578947"
"2018-09-30T00:00:00.000","Walla Walla","WA","Passenger","37","50","87","36643","36730","0.2368635992376803702695344405"
"2018-10-31T00:00:00.000","Camden","GA","Passenger","0","1","1","159","160","0.62500"
"2019-02-28T00:00:00.000","Riverside","CA","Passenger","0","2","2","642","644","0.3105590062111801242236024845"
"2019-01-31T00:00:00.000","Columbia","WA","Passenger","2","2","4","2485","2489","0.1607071112896745680996384090"
"2019-03-31T00:00:00.000","Douglas","WA","Passenger","54","34","88","28512","28600","0.3076923076923076923076923077"
"2019-02-28T00:00:00.000","Saint Lucie","FL","Passenger","1","0","1","24","25","4.00"
"2019-03-31T00:00:00.000","Duval","FL","Passenger","1","1","2","371","373","0.5361930294906166219839142091"
"2018-09-30T00:00:00.000","Whitman","WA","Passenger","21","34","55","23166","23221","0.2368545712932259592610137376"
"2019-02-28T00:00:00.000","Ozaukee","WI","Passenger","0","1","1","3","4","25.00"
"2018-05-31T00:00:00.000","District Of Columbia","DC","Passenger","0","4","4","200","204","1.960784313725490196078431373"
"2019-02-28T00:00:00.000","Palm Beach","FL","Passenger","0","1","1","79","80","1.2500"
"2019-03-31T00:00:00.000","Flathead","MT","Passenger","1","0","1","51","52","1.923076923076923076923076923"
"2018-05-31T00:00:00.000","Montgomery","MD","Passenger","1","3","4","291","295","1.355932203389830508474576271"
"2019-02-28T00:00:00.000","Santa Cruz","CA","Passenger","1","0","1","37","38","2.631578947368421052631578947"
"2019-02-28T00:00:00.000","Pinal","AZ","Passenger","2","0","2","171","173","1.156069364161849710982658960"
"2019-01-31T00:00:00.000","Douglas","NE","Passenger","0","1","1","66","67","1.492537313432835820895522388"
"2019-03-31T00:00:00.000","Franklin","WA","Passenger","60","71","131","60683","60814","0.2154109251159272535929226823"
"2019-01-31T00:00:00.000","Douglas","OR","Passenger","1","0","1","48","49","2.040816326530612244897959184"
"2018-05-31T00:00:00.000","Muscogee","GA","Passenger","0","1","1","202","203","0.4926108374384236453201970443"
"2018-10-31T00:00:00.000","Ada","ID","Passenger","0","2","2","295","297","0.6734006734006734006734006734"
"2018-05-31T00:00:00.000","Fairfax City","VA","Passenger","1","0","1","9","10","10.0"
"2019-02-28T00:00:00.000","Skagit","WA","Truck","1","0","1","33284","33285","0.003004356316659155775875018777"
"2018-10-31T00:00:00.000","Columbia","WA","Passenger","2","2","4","2490","2494","0.1603849238171611868484362470"
"2018-10-31T00:00:00.000","Alameda","CA","Passenger","0","2","2","323","325","0.6153846153846153846153846154"
"2018-10-31T00:00:00.000","Albemarle","VA","Passenger","1","0","1","30","31","3.225806451612903225806451613"
"2018-05-31T00:00:00.000","Norfolk City","VA","Passenger","2","2","4","345","349","1.146131805157593123209169054"
"2019-02-28T00:00:00.000","Twin Falls","ID","Passenger","0","1","1","17","18","5.555555555555555555555555556"
"2018-10-31T00:00:00.000","Dekalb","GA","Passenger","1","0","1","74","75","1.333333333333333333333333333"
"2019-03-31T00:00:00.000","Howard","MD","Passenger","0","1","1","92","93","1.075268817204301075268817204"
"2018-05-31T00:00:00.000","Orange","CA","Passenger","3","1","4","583","587","0.6814310051107325383304940375"
"2019-01-31T00:00:00.000","Guadalupe","TX","Passenger","2","0","2","67","69","2.898550724637681159420289855"
"2019-03-31T00:00:00.000","Jefferson","CO","Passenger","0","2","2","60","62","3.225806451612903225806451613"
"2018-05-31T00:00:00.000","Glacier","MT","Passenger","0","1","1","4","5","20.0"
"2018-05-31T00:00:00.000","Pacific","WA","Passenger","27","20","47","15842","15889","0.2958021272578513436968972245"
"2018-10-31T00:00:00.000","Douglas","NE","Passenger","0","1","1","67","68","1.470588235294117647058823529"
"2018-10-31T00:00:00.000","Bexar","TX","Passenger","3","4","7","707","714","0.9803921568627450980392156863"
"2019-02-28T00:00:00.000","Volusia","FL","Passenger","0","1","1","32","33","3.030303030303030303030303030"
"2018-10-31T00:00:00.000","Douglas","OR","Passenger","1","0","1","46","47","2.127659574468085106382978723"
"2019-02-28T00:00:00.000","Snohomish","WA","Truck","1","0","1","125868","125869","0.0007944767973051347035409830856"
"2018-10-31T00:00:00.000","Dupage","IL","Passenger","1","0","1","53","54","1.851851851851851851851851852"
"2018-10-31T00:00:00.000","Broward","FL","Passenger","1","1","2","131","133","1.503759398496240601503759398"
"2019-03-31T00:00:00.000","King","WA","Truck","7","1","8","186804","186812","0.004282380146885639038177419009"
"2019-02-28T00:00:00.000","Stevens","WA","Truck","0","0","0","19540","19540","0"
"2018-05-31T00:00:00.000","Pierce","WA","Passenger","1397","1217","2614","541258","543872","0.4806277947752412332313485526"
"2019-02-28T00:00:00.000","Sumter","FL","Passenger","0","1","1","9","10","10.0"
"2019-01-31T00:00:00.000","Jefferson","WA","Passenger","188","121","309","25294","25603","1.206889817599500058586884349"
"2019-03-31T00:00:00.000","Kitsap","WA","Truck","1","0","1","55103","55104","0.001814750290360046457607433217"
"2019-01-31T00:00:00.000","King","WA","Passenger","17646","6964","24610","1401597","1426207","1.725555967682110661355609670"
"2019-01-31T00:00:00.000","Kittitas","WA","Passenger","73","36","109","30206","30315","0.3595579746000329869701467920"
"2019-02-28T00:00:00.000","Travis","TX","Passenger","1","1","2","180","182","1.098901098901098901098901099"
"2019-03-31T00:00:00.000","Lewis","WA","Truck","0","0","0","26592","26592","0"
"2019-01-31T00:00:00.000","Klamath","OR","Passenger","1","0","1","25","26","3.846153846153846153846153846"
"2019-01-31T00:00:00.000","Klickitat","WA","Passenger","33","33","66","15854","15920","0.4145728643216080402010050251"
"2018-05-31T00:00:00.000","Jefferson","NY","Passenger","1","0","1","249","250","0.400"
"2019-03-31T00:00:00.000","Anne Arundel","MD","Passenger","0","3","3","453","456","0.6578947368421052631578947368"
"2018-10-31T00:00:00.000","Guadalupe","TX","Passenger","1","0","1","70","71","1.408450704225352112676056338"
"2019-03-31T00:00:00.000","Asotin","WA","Passenger","13","10","23","12956","12979","0.1772093381616457354187533708"
"2019-03-31T00:00:00.000","Asotin","WA","Truck","0","0","0","6863","6863","0"
"2018-05-31T00:00:00.000","Kent","DE","Passenger","0","1","1","74","75","1.333333333333333333333333333"
"2019-02-28T00:00:00.000","Washington","OR","Passenger","0","1","1","432","433","0.2309468822170900692840646651"
"2019-03-31T00:00:00.000","Marion","OR","Passenger","1","0","1","101","102","0.9803921568627450980392156863"
"2018-05-31T00:00:00.000","Santa Rosa","FL","Passenger","1","0","1","92","93","1.075268817204301075268817204"
"2018-10-31T00:00:00.000","Clark","NV","Passenger","2","1","3","688","691","0.4341534008683068017366136035"
"2018-10-31T00:00:00.000","Gwinnett","GA","Passenger","0","1","1","80","81","1.234567901234567901234567901"
"2019-02-28T00:00:00.000","Washoe","NV","Passenger","2","0","2","93","95","2.105263157894736842105263158"
"2018-05-31T00:00:00.000","Saratoga","NY","Passenger","0","1","1","62","63","1.587301587301587301587301587"
"2018-05-31T00:00:00.000","Kittitas","WA","Passenger","48","31","79","29658","29737","0.2656623062178430910986313347"
"2018-05-31T00:00:00.000","Kittitas","WA","Truck","0","0","0","14544","14544","0"
"2018-05-31T00:00:00.000","Klamath","OR","Passenger","1","0","1","25","26","3.846153846153846153846153846"
"2019-03-31T00:00:00.000","Broward","FL","Passenger","1","1","2","122","124","1.612903225806451612903225806"
"2018-10-31T00:00:00.000","Hennepin","MN","Passenger","2","0","2","105","107","1.869158878504672897196261682"
"2019-03-31T00:00:00.000","Montgomery","PA","Passenger","2","0","2","25","27","7.407407407407407407407407407"
"2018-10-31T00:00:00.000","Cowlitz","WA","Truck","0","0","0","29507","29507","0"
"2019-03-31T00:00:00.000","NULL","CA","Passenger","1","2","3","253","256","1.17187500"
"2018-05-31T00:00:00.000","Kootenai","ID","Passenger","0","1","1","206","207","0.4830917874396135265700483092"
"2019-01-31T00:00:00.000","Mecklenburg","NC","Passenger","1","0","1","80","81","1.234567901234567901234567901"
"2019-03-31T00:00:00.000","Allegheny","PA","Passenger","1","0","1","77","78","1.282051282051282051282051282"
"2019-03-31T00:00:00.000","Montgomery","TX","Passenger","1","0","1","51","52","1.923076923076923076923076923"
"2019-03-31T00:00:00.000","Caddo","LA","Passenger","1","1","2","22","24","8.333333333333333333333333333"
"2019-03-31T00:00:00.000","Multnomah","OR","Passenger","4","5","9","728","737","1.221166892808683853459972863"
"2019-03-31T00:00:00.000","Nassau","NY","Passenger","2","0","2","33","35","5.714285714285714285714285714"
"2018-10-31T00:00:00.000","Dale","AL","Passenger","0","1","1","66","67","1.492537313432835820895522388"
"2019-03-31T00:00:00.000","Cascade","MT","Passenger","0","1","1","56","57","1.754385964912280701754385965"
"2019-01-31T00:00:00.000","Muscogee","GA","Passenger","0","1","1","195","196","0.5102040816326530612244897959"
"2018-10-31T00:00:00.000","Dekalb","IN","Passenger","1","0","1","1","2","50.0"
"2019-03-31T00:00:00.000","Chaves","NM","Passenger","1","0","1","7","8","12.500"
"2019-01-31T00:00:00.000","Okanogan","NULL","Passenger","16","14","30","20607","20637","0.1453699665649076900712312836"
"2018-10-31T00:00:00.000","Jackson","OK","Passenger","1","0","1","44","45","2.222222222222222222222222222"
"2018-05-31T00:00:00.000","Twin Falls","ID","Passenger","0","1","1","23","24","4.166666666666666666666666667"
"2019-03-31T00:00:00.000","Cook","IL","Passenger","1","0","1","229","230","0.4347826086956521739130434783"
"2018-05-31T00:00:00.000","Maui","HI","Passenger","1","0","1","60","61","1.639344262295081967213114754"
"2018-10-31T00:00:00.000","District Of Columbia","DC","Passenger","0","4","4","205","209","1.913875598086124401913875598"
"2019-01-31T00:00:00.000","Pacific","WA","Passenger","34","27","61","16164","16225","0.3759630200308166409861325116"
"2019-03-31T00:00:00.000","Pierce","WA","Truck","0","0","0","143380","143380","0"
"2018-10-31T00:00:00.000","Jefferson","WA","Passenger","174","107","281","25226","25507","1.101658368291057356804014584"
"2019-01-31T00:00:00.000","Pend Oreille","WA","Truck","0","0","0","6000","6000","0"
"2018-10-31T00:00:00.000","Jefferson","WA","Truck","0","0","0","9848","9848","0"
"2018-05-31T00:00:00.000","Virginia Beach City","VA","Passenger","1","1","2","665","667","0.2998500749625187406296851574"
"2019-03-31T00:00:00.000","Bryan","GA","Passenger","1","0","1","58","59","1.694915254237288135593220339"
"2018-10-31T00:00:00.000","El Paso","TX","Passenger","1","0","1","515","516","0.1937984496124031007751937984"
"2018-10-31T00:00:00.000","Juneau","AK","Passenger","0","1","1","38","39","2.564102564102564102564102564"
"2019-01-31T00:00:00.000","Prince William","VA","Passenger","0","4","4","255","259","1.544401544401544401544401544"
"2018-10-31T00:00:00.000","Kent","DE","Passenger","0","1","1","74","75","1.333333333333333333333333333"
"2019-03-31T00:00:00.000","Ferry","WA","Passenger","3","2","5","4557","4562","0.1096010521701008329679964928"
"2019-03-31T00:00:00.000","Riverside","CA","Passenger","0","1","1","641","642","0.1557632398753894080996884735"
"2019-03-31T00:00:00.000","Ferry","WA","Truck","0","0","0","3779","3779","0"
"2019-01-31T00:00:00.000","Ramsey","MN","Passenger","1","0","1","37","38","2.631578947368421052631578947"
"2019-03-31T00:00:00.000","Carson City","NV","Passenger","1","0","1","10","11","9.090909090909090909090909091"
"2018-10-31T00:00:00.000","Kitsap","WA","Truck","1","0","1","54998","54999","0.001818214876634120620374915908"
"2019-03-31T00:00:00.000","Franklin","WA","Truck","0","0","0","19807","19807","0"
"2019-03-31T00:00:00.000","Saint Clair","IL","Passenger","0","1","1","162","163","0.6134969325153374233128834356"
"2018-05-31T00:00:00.000","Northampton","PA","Passenger","0","1","1","67","68","1.470588235294117647058823529"
"2019-01-31T00:00:00.000","Russell","AL","Passenger","1","0","1","45","46","2.173913043478260869565217391"
"2018-10-31T00:00:00.000","Fulton","GA","Passenger","1","2","3","95","98","3.061224489795918367346938776"
"2018-10-31T00:00:00.000","Klamath","OR","Passenger","1","0","1","24","25","4.00"
"2019-03-31T00:00:00.000","Saint Marys","MD","Passenger","1","0","1","198","199","0.5025125628140703517587939698"
"2019-03-31T00:00:00.000","Gallatin","MT","Passenger","0","1","1","54","55","1.818181818181818181818181818"
"2018-05-31T00:00:00.000","Whitman","WA","Passenger","20","29","49","23089","23138","0.2117728412135880369954187916"
"2018-10-31T00:00:00.000","Garfield","WA","Passenger","1","1","2","1365","1367","0.1463057790782735918068763716"
"2019-03-31T00:00:00.000","Santa Clara","CA","Passenger","7","1","8","342","350","2.285714285714285714285714286"
"2019-03-31T00:00:00.000","Garfield","WA","Passenger","1","1","2","1340","1342","0.1490312965722801788375558867"
"2019-03-31T00:00:00.000","Chelan","WA","Truck","0","0","0","22796","22796","0"
"2018-10-31T00:00:00.000","Kootenai","ID","Passenger","1","1","2","200","202","0.9900990099009900990099009901"
"2018-10-31T00:00:00.000","Grant","WA","Truck","0","0","0","27123","27123","0"
"2019-01-31T00:00:00.000","Skagit","WA","Passenger","304","201","505","93220","93725","0.5388103494265137369965324086"
"2019-03-31T00:00:00.000","Shasta","CA","Passenger","1","0","1","42","43","2.325581395348837209302325581"
"2018-06-30T00:00:00.000","Ada","ID","Passenger","0","2","2","307","309","0.6472491909385113268608414239"
"2018-10-31T00:00:00.000","Grays Harbor","WA","Truck","0","0","0","20912","20912","0"
"2019-01-31T00:00:00.000","Skagit","WA","Truck","1","0","1","33308","33309","0.003002191599867903569605812243"
"2019-03-31T00:00:00.000","Clackamas","OR","Passenger","0","1","1","188","189","0.5291005291005291005291005291"
"2018-06-30T00:00:00.000","Alameda","CA","Passenger","0","1","1","338","339","0.2949852507374631268436578171"
"2019-01-31T00:00:00.000","Skamania","WA","Truck","0","0","0","4190","4190","0"
"2018-05-31T00:00:00.000","Pacific","WA","Truck","0","0","0","7810","7810","0"
"2019-01-31T00:00:00.000","Snohomish","WA","Truck","1","0","1","125978","125979","0.0007937830908325990839743131792"
"2018-05-31T00:00:00.000","Palm Beach","FL","Passenger","0","1","1","73","74","1.351351351351351351351351351"
"2018-06-30T00:00:00.000","Anne Arundel","MD","Passenger","0","2","2","462","464","0.4310344827586206896551724138"
"2019-01-31T00:00:00.000","Stevens","WA","Truck","0","0","0","19546","19546","0"
"2018-06-30T00:00:00.000","Asotin","WA","Passenger","9","6","15","12893","12908","0.1162070034087387666563371553"
"2019-03-31T00:00:00.000","Tulsa","OK","Passenger","0","1","1","42","43","2.325581395348837209302325581"
"2018-05-31T00:00:00.000","Pend Oreille","WA","Passenger","5","5","10","9907","9917","0.1008369466572552183119895130"
"2019-01-31T00:00:00.000","Tarrant","TX","Passenger","1","0","1","186","187","0.5347593582887700534759358289"
"2019-03-31T00:00:00.000","Volusia","FL","Passenger","0","1","1","31","32","3.12500"
"2018-05-31T00:00:00.000","Pend Oreille","WA","Truck","0","0","0","5965","5965","0"
"2019-03-31T00:00:00.000","Walla Walla","WA","Passenger","45","57","102","36823","36925","0.2762356127285037237643872715"
"2018-06-30T00:00:00.000","Beaufort","SC","Passenger","1","0","1","35","36","2.777777777777777777777777778"
"2019-01-31T00:00:00.000","Twin Falls","ID","Passenger","0","1","1","17","18","5.555555555555555555555555556"
"2018-10-31T00:00:00.000","Los Angeles","CA","Passenger","8","4","12","1119","1131","1.061007957559681697612732095"
"2019-03-31T00:00:00.000","Cumberland","NC","Passenger","0","2","2","529","531","0.3766478342749529190207156309"
"2019-01-31T00:00:00.000","Virginia Beach City","VA","Passenger","0","1","1","680","681","0.1468428781204111600587371512"
"2019-01-31T00:00:00.000","Wahkiakum","WA","Truck","0","0","0","1762","1762","0"
"2019-03-31T00:00:00.000","Williamson","TX","Passenger","1","0","1","123","124","0.8064516129032258064516129032"
"2019-03-31T00:00:00.000","Denver","CO","Passenger","1","0","1","123","124","0.8064516129032258064516129032"
"2018-10-31T00:00:00.000","Maui","HI","Passenger","1","0","1","51","52","1.923076923076923076923076923"
"2019-04-30T00:00:00.000","NULL","WA","Passenger","0","0","0","2","2","0"
"2018-05-31T00:00:00.000","Sacramento","CA","Passenger","1","0","1","304","305","0.3278688524590163934426229508"
"2019-01-31T00:00:00.000","Washington","OR","Passenger","0","1","1","436","437","0.2288329519450800915331807780"
"2018-10-31T00:00:00.000","Mecklenburg","NC","Passenger","1","0","1","78","79","1.265822784810126582278481013"
"2019-01-31T00:00:00.000","Washoe","NV","Passenger","2","0","2","96","98","2.040816326530612244897959184"
"2019-03-31T00:00:00.000","Lumpkin","GA","Passenger","1","0","1","8","9","11.11111111111111111111111111"
"2019-01-31T00:00:00.000","Washtenaw","MI","Passenger","1","0","1","32","33","3.030303030303030303030303030"
"2019-03-31T00:00:00.000","Maricopa","AZ","Passenger","5","2","7","1341","1348","0.5192878338278931750741839763"
"2018-06-30T00:00:00.000","Canyon","ID","Passenger","0","1","1","80","81","1.234567901234567901234567901"
"2018-10-31T00:00:00.000","Montgomery","MD","Passenger","1","3","4","286","290","1.379310344827586206896551724"
"2019-04-30T00:00:00.000","Benton","WA","Passenger","264","271","535","135883","136418","0.3921769854418038675248134410"
"2019-03-31T00:00:00.000","Fresno","CA","Passenger","1","0","1","182","183","0.5464480874316939890710382514"
"2019-01-31T00:00:00.000","Whatcom","WA","Truck","2","0","2","43935","43937","0.004551972141930491385392721397"
"2018-10-31T00:00:00.000","Muscogee","GA","Passenger","0","1","1","197","198","0.5050505050505050505050505051"
"2019-03-31T00:00:00.000","Garfield","WA","Truck","0","0","0","983","983","0"
"2019-01-31T00:00:00.000","Whitman","WA","Truck","0","0","0","8778","8778","0"
"2019-03-31T00:00:00.000","Goochland","VA","Passenger","1","1","2","187","189","1.058201058201058201058201058"
"2018-10-31T00:00:00.000","Okanogan","NULL","Passenger","14","16","30","20568","20598","0.1456452082726478298863967375"
"2019-04-30T00:00:00.000","Cascade","MT","Passenger","0","1","1","59","60","1.666666666666666666666666667"
"2019-03-31T00:00:00.000","Grays Harbor","WA","Passenger","81","84","165","48520","48685","0.3389134230255725582828386567"
"2019-02-28T00:00:00.000","Albemarle","VA","Passenger","1","0","1","28","29","3.448275862068965517241379310"
"2019-04-30T00:00:00.000","Chaves","NM","Passenger","1","0","1","7","8","12.500"
"2018-05-31T00:00:00.000","Skagit","WA","Passenger","234","180","414","92257","92671","0.4467416991291774125670382320"
"2019-02-28T00:00:00.000","Alexandria City","VA","Passenger","4","0","4","159","163","2.453987730061349693251533742"
"2018-10-31T00:00:00.000","Pacific","WA","Passenger","31","24","55","16055","16110","0.3414028553693358162631905649"
"2018-05-31T00:00:00.000","Skamania","WA","Passenger","14","9","23","8969","8992","0.2557829181494661921708185053"
"2019-03-31T00:00:00.000","Monroe","IL","Passenger","1","0","1","3","4","25.00"
"2019-03-31T00:00:00.000","Monterey","CA","Passenger","0","1","1","209","210","0.4761904761904761904761904762"
"2018-10-31T00:00:00.000","Palm Beach","FL","Passenger","0","1","1","79","80","1.2500"
"2019-04-30T00:00:00.000","Clallam","WA","Passenger","170","139","309","51368","51677","0.5979449271436035373570447201"
"2019-02-28T00:00:00.000","Asotin","WA","Truck","0","0","0","6872","6872","0"
"2018-05-31T00:00:00.000","Snohomish","WA","Passenger","2435","1315","3750","529530","533280","0.7031953195319531953195319532"
"2019-03-31T00:00:00.000","Moore","NC","Passenger","0","1","1","184","185","0.5405405405405405405405405405"
"2019-03-31T00:00:00.000","Hardin","KY","Passenger","0","1","1","105","106","0.9433962264150943396226415094"
"2018-05-31T00:00:00.000","Stevens","WA","Passenger","13","27","40","32611","32651","0.1225077333006646044531561055"
"2019-03-31T00:00:00.000","New Castle","DE","Passenger","1","0","1","24","25","4.00"
"2018-06-30T00:00:00.000","Cowlitz","WA","Truck","0","0","0","29317","29317","0"
"2019-02-28T00:00:00.000","Brevard","FL","Passenger","0","1","1","78","79","1.265822784810126582278481013"
"2018-05-31T00:00:00.000","Sumter","FL","Passenger","0","1","1","8","9","11.11111111111111111111111111"
"2019-02-28T00:00:00.000","Broward","FL","Passenger","1","1","2","122","124","1.612903225806451612903225806"
"2019-03-31T00:00:00.000","Nueces","TX","Passenger","1","1","2","95","97","2.061855670103092783505154639"
"2019-02-28T00:00:00.000","Bryan","GA","Passenger","1","0","1","59","60","1.666666666666666666666666667"
"2018-06-30T00:00:00.000","Douglas","WA","Passenger","44","30","74","28250","28324","0.2612625335404603869509956221"
"2018-10-31T00:00:00.000","Ramsey","MN","Passenger","1","0","1","39","40","2.500"
"2019-03-31T00:00:00.000","Jefferson","WA","Passenger","190","127","317","25308","25625","1.237073170731707317073170732"
"2018-05-31T00:00:00.000","Travis","TX","Passenger","0","1","1","181","182","0.5494505494505494505494505495"
"2018-10-31T00:00:00.000","Orange","FL","Passenger","2","1","3","166","169","1.775147928994082840236686391"
"2019-04-30T00:00:00.000","Duval","FL","Passenger","1","1","2","368","370","0.5405405405405405405405405405"
"2019-03-31T00:00:00.000","Kent","DE","Passenger","0","1","1","74","75","1.333333333333333333333333333"
"2018-05-31T00:00:00.000","Wahkiakum","WA","Passenger","2","2","4","2956","2960","0.1351351351351351351351351351"
"2018-06-30T00:00:00.000","Fairfax","VA","Passenger","0","3","3","819","822","0.3649635036496350364963503650"
"2019-03-31T00:00:00.000","Kern","CA","Passenger","1","1","2","233","235","0.8510638297872340425531914894"
"2019-04-30T00:00:00.000","Ferry","WA","Truck","0","0","0","3774","3774","0"
"2019-03-31T00:00:00.000","Kitsap","WA","Passenger","1075","591","1666","183049","184715","0.9019300002706872749912026636"
"2019-02-28T00:00:00.000","Clackamas","OR","Passenger","0","1","1","195","196","0.5102040816326530612244897959"
"2019-03-31T00:00:00.000","Kittitas","WA","Truck","0","0","0","14771","14771","0"
"2018-06-30T00:00:00.000","Ferry","WA","Passenger","3","3","6","4607","4613","0.1300672013873834814654238023"
"2019-03-31T00:00:00.000","Klickitat","WA","Truck","0","0","0","8477","8477","0"
"2018-05-31T00:00:00.000","Washtenaw","MI","Passenger","1","0","1","36","37","2.702702702702702702702702703"
"2018-10-31T00:00:00.000","Santa Cruz","CA","Passenger","1","0","1","37","38","2.631578947368421052631578947"
"2019-02-28T00:00:00.000","Cook","IL","Passenger","1","0","1","226","227","0.4405286343612334801762114537"
"2019-03-31T00:00:00.000","Larimer","CO","Passenger","0","1","1","45","46","2.173913043478260869565217391"
"2018-06-30T00:00:00.000","Franklin","WA","Passenger","48","68","116","59161","59277","0.1956914148826695008181925536"
"2019-03-31T00:00:00.000","San Juan","WA","Passenger","202","72","274","14644","14918","1.836707333422710819144657461"
"2018-05-31T00:00:00.000","Whatcom","WA","Passenger","661","297","958","149890","150848","0.6350763682647433177768349597"
"2019-03-31T00:00:00.000","San Mateo","CA","Passenger","2","1","3","127","130","2.307692307692307692307692308"
"2018-10-31T00:00:00.000","Skagit","WA","Passenger","274","196","470","92854","93324","0.5036217907505036217907505036"
"2019-03-31T00:00:00.000","Lewis","WA","Passenger","102","95","197","59787","59984","0.3284209122432648706321685783"
"2018-10-31T00:00:00.000","Skagit","WA","Truck","1","0","1","33288","33289","0.003003995313767310522995584127"
"2019-03-31T00:00:00.000","Santa Barbara","CA","Passenger","1","0","1","96","97","1.030927835051546391752577320"
"2018-10-31T00:00:00.000","Snohomish","WA","Truck","1","0","1","125758","125759","0.0007951717173323579226934056409"
"2019-03-31T00:00:00.000","Santa Fe","NM","Passenger","0","1","1","35","36","2.777777777777777777777777778"
"2018-10-31T00:00:00.000","Saint Lucie","FL","Passenger","1","0","1","25","26","3.846153846153846153846153846"
"2018-10-31T00:00:00.000","Stevens","WA","Truck","0","0","0","19508","19508","0"
"2018-06-30T00:00:00.000","Grant","WA","Truck","0","0","0","26970","26970","0"
"2018-10-31T00:00:00.000","San Juan","WA","Truck","0","0","0","5990","5990","0"
"2018-06-30T00:00:00.000","Grays Harbor","WA","Truck","0","0","0","20854","20854","0"
"2019-04-30T00:00:00.000","Jefferson","CO","Passenger","0","2","2","62","64","3.12500"
"2019-02-28T00:00:00.000","Garfield","WA","Passenger","1","1","2","1356","1358","0.1472754050073637702503681885"
"2018-10-31T00:00:00.000","Sangamon","IL","Passenger","1","0","1","10","11","9.090909090909090909090909091"
"2019-03-31T00:00:00.000","Mecklenburg","NC","Passenger","1","0","1","80","81","1.234567901234567901234567901"
"2019-02-28T00:00:00.000","Garfield","WA","Truck","0","0","0","991","991","0"
"2018-06-30T00:00:00.000","Asotin","WA","Truck","0","0","0","6854","6854","0"
"2019-04-30T00:00:00.000","Kent","MI","Passenger","0","1","1","20","21","4.761904761904761904761904762"
"2018-10-31T00:00:00.000","Twin Falls","ID","Passenger","0","1","1","20","21","4.761904761904761904761904762"
"2019-04-30T00:00:00.000","Klickitat","WA","Passenger","37","34","71","15858","15929","0.4457279176345031075397074518"
"2019-02-28T00:00:00.000","Goochland","VA","Passenger","1","1","2","185","187","1.069518716577540106951871658"
"2018-10-31T00:00:00.000","Virginia Beach City","VA","Passenger","1","1","2","678","680","0.2941176470588235294117647059"
"2018-10-31T00:00:00.000","Snohomish","WA","Passenger","2790","1476","4266","535038","539304","0.7910195362912197944016732678"
"2018-06-30T00:00:00.000","Island","WA","Passenger","212","198","410","63759","64169","0.6389378048590440867085352740"
"2019-03-31T00:00:00.000","Valencia","NM","Passenger","1","0","1","7","8","12.500"
"2018-10-31T00:00:00.000","Spokane","WA","Truck","1","0","1","96697","96698","0.001034147552172744007114935159"
"2018-06-30T00:00:00.000","Broward","FL","Passenger","0","1","1","128","129","0.7751937984496124031007751938"
"2018-10-31T00:00:00.000","Washington","OR","Passenger","0","1","1","444","445","0.2247191011235955056179775281"
"2019-03-31T00:00:00.000","Oklahoma","OK","Passenger","0","1","1","116","117","0.8547008547008547008547008547"
"2018-10-31T00:00:00.000","Stevens","WA","Passenger","16","31","47","32726","32773","0.1434107344460378970494004211"
"2018-10-31T00:00:00.000","Washoe","NV","Passenger","1","0","1","96","97","1.030927835051546391752577320"
"2018-06-30T00:00:00.000","Caddo","LA","Passenger","0","1","1","21","22","4.545454545454545454545454545"
"2018-10-31T00:00:00.000","Thurston","WA","Passenger","749","586","1335","198358","199693","0.6685261876981166089948070288"
"2019-03-31T00:00:00.000","Yakima","WA","Passenger","99","111","210","168846","169056","0.1242191936399772856331629756"
"2019-04-30T00:00:00.000","Monroe","IL","Passenger","1","0","1","3","4","25.00"
"2019-04-30T00:00:00.000","Montgomery","TX","Passenger","1","0","1","50","51","1.960784313725490196078431373"
"2018-10-31T00:00:00.000","Tuolumne","CA","Passenger","0","1","1","12","13","7.692307692307692307692307692"
"2019-02-28T00:00:00.000","Kitsap","WA","Passenger","1067","592","1659","182999","184658","0.8984176152671425012726229029"
"2019-04-30T00:00:00.000","NULL","NULL","Passenger","8","7","15","2092","2107","0.7119126720455624110109159943"
"2018-06-30T00:00:00.000","King","WA","Truck","8","1","9","188251","188260","0.004780622543291193030914692447"
"2018-10-31T00:00:00.000","Whitman","WA","Passenger","20","35","55","23237","23292","0.2361325777090846642624076936"
"2019-04-30T00:00:00.000","Adams","WA","Passenger","5","6","11","13049","13060","0.08422664624808575803981623277"
"2018-06-30T00:00:00.000","Kittitas","WA","Passenger","51","31","82","29672","29754","0.2755931975532701485514552665"
"2019-03-31T00:00:00.000","Saint Louis","MO","Passenger","1","0","1","74","75","1.333333333333333333333333333"
"2019-04-30T00:00:00.000","Arlington","VA","Passenger","1","2","3","153","156","1.923076923076923076923076923"
"2018-06-30T00:00:00.000","Lane","OR","Passenger","0","1","1","183","184","0.5434782608695652173913043478"
"2019-04-30T00:00:00.000","Nueces","TX","Passenger","1","1","2","97","99","2.020202020202020202020202020"
"2019-04-30T00:00:00.000","Okanogan","NULL","Passenger","18","15","33","20621","20654","0.1597753461799167231529001646"
"2018-11-30T00:00:00.000","NULL","WA","Truck","0","0","0","4","4","0"
"2019-02-28T00:00:00.000","Lincoln","WA","Passenger","5","6","11","7970","7981","0.1378273399323393058513970680"
"2018-06-30T00:00:00.000","Lewis","WA","Truck","0","0","0","26362","26362","0"
"2018-11-30T00:00:00.000","Albemarle","VA","Passenger","1","0","1","31","32","3.12500"
"2018-06-30T00:00:00.000","Cook","IL","Passenger","1","0","1","253","254","0.3937007874015748031496062992"
"2018-06-30T00:00:00.000","Lincoln","WA","Truck","0","0","0","4725","4725","0"
"2019-02-28T00:00:00.000","Lumpkin","GA","Passenger","1","0","1","8","9","11.11111111111111111111111111"
"2019-03-31T00:00:00.000","Stevens","WA","Truck","0","0","0","19504","19504","0"
"2018-11-30T00:00:00.000","Adams","WA","Truck","0","0","0","5401","5401","0"
"2018-11-30T00:00:00.000","Benton","WA","Truck","0","0","0","42728","42728","0"
"2019-02-28T00:00:00.000","Mason","WA","Truck","0","0","0","20901","20901","0"
"2019-03-31T00:00:00.000","Sumter","FL","Passenger","0","1","1","9","10","10.0"
"2019-04-30T00:00:00.000","Prince William","VA","Passenger","1","4","5","257","262","1.908396946564885496183206107"
"2019-04-30T00:00:00.000","Ramsey","MN","Passenger","1","0","1","40","41","2.439024390243902439024390244"
"2018-11-30T00:00:00.000","Brevard","FL","Passenger","0","1","1","84","85","1.176470588235294117647058824"
"2019-02-28T00:00:00.000","Miami-Dade","FL","Passenger","0","1","1","110","111","0.9009009009009009009009009009"
"2019-04-30T00:00:00.000","Clark","NV","Passenger","2","1","3","645","648","0.4629629629629629629629629630"
"2019-03-31T00:00:00.000","Thurston","WA","Truck","0","0","0","56357","56357","0"
"2018-06-30T00:00:00.000","Maricopa","AZ","Passenger","2","1","3","1434","1437","0.2087682672233820459290187891"
"2019-03-31T00:00:00.000","Travis","TX","Passenger","1","1","2","178","180","1.111111111111111111111111111"
"2019-04-30T00:00:00.000","Cochise","AZ","Passenger","0","1","1","122","123","0.8130081300813008130081300813"
"2018-11-30T00:00:00.000","Bucks","PA","Passenger","1","0","1","18","19","5.263157894736842105263157895"
"2018-06-30T00:00:00.000","Marion","OR","Passenger","1","0","1","112","113","0.8849557522123893805309734513"
"2018-11-30T00:00:00.000","Asotin","WA","Truck","0","0","0","6843","6843","0"
"2019-04-30T00:00:00.000","Columbia","GA","Passenger","1","1","2","151","153","1.307189542483660130718954248"
"2019-04-30T00:00:00.000","Columbia","WA","Truck","0","0","0","1598","1598","0"
"2019-04-30T00:00:00.000","Contra Costa","CA","Passenger","1","0","1","206","207","0.4830917874396135265700483092"
"2019-02-28T00:00:00.000","Montgomery","AL","Passenger","0","1","1","43","44","2.272727272727272727272727273"
"2019-04-30T00:00:00.000","Saint Clair","IL","Passenger","0","1","1","159","160","0.62500"
"2019-03-31T00:00:00.000","Ventura","CA","Passenger","0","2","2","312","314","0.6369426751592356687898089172"
"2019-04-30T00:00:00.000","San Mateo","CA","Passenger","2","1","3","123","126","2.380952380952380952380952381"
"2018-06-30T00:00:00.000","Fairfax City","VA","Passenger","1","0","1","9","10","10.0"
"2019-04-30T00:00:00.000","Santa Barbara","CA","Passenger","1","0","1","95","96","1.041666666666666666666666667"
"2018-11-30T00:00:00.000","Bexar","TX","Passenger","3","4","7","695","702","0.9971509971509971509971509972"
"2019-03-31T00:00:00.000","Washington","OR","Passenger","0","1","1","426","427","0.2341920374707259953161592506"
"2018-06-30T00:00:00.000","Montgomery","PA","Passenger","2","0","2","25","27","7.407407407407407407407407407"
"2019-02-28T00:00:00.000","Orange","CA","Passenger","4","2","6","546","552","1.086956521739130434782608696"
"2019-04-30T00:00:00.000","Dale","AL","Passenger","0","1","1","62","63","1.587301587301587301587301587"
"2018-11-30T00:00:00.000","Charles","MD","Passenger","0","1","1","79","80","1.2500"
"2019-04-30T00:00:00.000","Skagit","WA","Truck","1","0","1","33299","33300","0.003003003003003003003003003003"
"2018-06-30T00:00:00.000","Nassau","NY","Passenger","2","0","2","33","35","5.714285714285714285714285714"
"2018-11-30T00:00:00.000","Broward","FL","Passenger","1","1","2","128","130","1.538461538461538461538461538"
"2019-04-30T00:00:00.000","Snohomish","WA","Truck","1","0","1","125887","125888","0.0007943568886629384850025419420"
"2019-04-30T00:00:00.000","Dekalb","IN","Passenger","1","0","1","1","2","50.0"
"2019-03-31T00:00:00.000","Yakima","WA","Truck","0","0","0","61212","61212","0"
"2018-06-30T00:00:00.000","New Castle","DE","Passenger","1","0","1","25","26","3.846153846153846153846153846"
"2019-04-30T00:00:00.000","Deschutes","OR","Passenger","2","0","2","131","133","1.503759398496240601503759398"
"2018-06-30T00:00:00.000","Garfield","WA","Passenger","1","1","2","1357","1359","0.1471670345842531272994849154"
"2018-11-30T00:00:00.000","Caddo","LA","Passenger","1","1","2","22","24","8.333333333333333333333333333"
"2018-06-30T00:00:00.000","Northampton","PA","Passenger","0","1","1","68","69","1.449275362318840579710144928"
"2019-04-30T00:00:00.000","Alexandria City","VA","Passenger","4","0","4","154","158","2.531645569620253164556962025"
"2018-06-30T00:00:00.000","Glacier","MT","Passenger","0","1","1","4","5","20.0"
"2018-11-30T00:00:00.000","Clallam","WA","Passenger","156","128","284","51245","51529","0.5511459566457722835684760038"
"2019-04-30T00:00:00.000","Tarrant","TX","Passenger","2","0","2","182","184","1.086956521739130434782608696"
"2019-04-30T00:00:00.000","El Paso","CO","Passenger","2","2","4","730","734","0.5449591280653950953678474114"
"2018-11-30T00:00:00.000","Clallam","WA","Truck","0","0","0","22185","22185","0"
"2018-06-30T00:00:00.000","Guilford","NC","Passenger","1","0","1","28","29","3.448275862068965517241379310"
"2019-02-28T00:00:00.000","Riley","KS","Passenger","1","0","1","73","74","1.351351351351351351351351351"
"2019-04-30T00:00:00.000","Frederick","MD","Passenger","2","1","3","82","85","3.529411764705882352941176471"
"2018-06-30T00:00:00.000","Pend Oreille","WA","Truck","0","0","0","5967","5967","0"
"2018-11-30T00:00:00.000","Chelan","WA","Passenger","136","61","197","55307","55504","0.3549293744594984145286826175"
"2019-04-30T00:00:00.000","Washoe","NV","Passenger","2","0","2","93","95","2.105263157894736842105263158"
"2018-11-30T00:00:00.000","Clay","FL","Passenger","0","1","1","87","88","1.136363636363636363636363636"
"2018-11-30T00:00:00.000","Dakota","MN","Passenger","0","1","1","31","32","3.12500"
"2019-02-28T00:00:00.000","Santa Rosa","FL","Passenger","1","0","1","82","83","1.204819277108433734939759036"
"2019-04-30T00:00:00.000","Yakima","WA","Passenger","103","112","215","169249","169464","0.1268706037860548553085021007"
"2019-04-30T00:00:00.000","Hidalgo","TX","Passenger","0","1","1","92","93","1.075268817204301075268817204"
"2018-11-30T00:00:00.000","Cook","IL","Passenger","1","0","1","239","240","0.4166666666666666666666666667"
"2019-05-31T00:00:00.000","Adams","WA","Truck","0","0","0","5361","5361","0"
"2019-02-28T00:00:00.000","Snohomish","WA","Passenger","3310","1600","4910","536942","541852","0.9061514952422432693798306549"
"2019-04-30T00:00:00.000","Columbia","WA","Passenger","2","2","4","2501","2505","0.1596806387225548902195608782"
"2018-06-30T00:00:00.000","Sacramento","CA","Passenger","1","0","1","300","301","0.3322259136212624584717607973"
"2018-11-30T00:00:00.000","Douglas","WA","Passenger","51","33","84","28557","28641","0.2932858489577877867392898293"
"2019-05-31T00:00:00.000","Allegheny","PA","Passenger","1","0","1","76","77","1.298701298701298701298701299"
"2019-05-31T00:00:00.000","Arlington","VA","Passenger","1","2","3","149","152","1.973684210526315789473684211"
"2019-02-28T00:00:00.000","Stevens","WA","Passenger","20","31","51","32684","32735","0.1557965480372689781579349320"
"2018-11-30T00:00:00.000","Dekalb","GA","Passenger","1","0","1","75","76","1.315789473684210526315789474"
"2019-04-30T00:00:00.000","Douglas","NE","Passenger","0","1","1","61","62","1.612903225806451612903225806"
"2018-06-30T00:00:00.000","Sangamon","IL","Passenger","1","0","1","11","12","8.333333333333333333333333333"
"2019-04-30T00:00:00.000","Douglas","OR","Passenger","1","0","1","50","51","1.960784313725490196078431373"
"2019-02-28T00:00:00.000","Tuolumne","CA","Passenger","0","1","1","11","12","8.333333333333333333333333333"
"2019-05-31T00:00:00.000","Benton","WA","Truck","0","0","0","43052","43052","0"
"2019-04-30T00:00:00.000","Dupage","IL","Passenger","1","0","1","54","55","1.818181818181818181818181818"
"2018-11-30T00:00:00.000","Douglas","WA","Truck","0","0","0","12470","12470","0"
"2018-11-30T00:00:00.000","Glacier","MT","Passenger","0","1","1","4","5","20.0"
"2019-04-30T00:00:00.000","Liberty","GA","Passenger","1","0","1","144","145","0.6896551724137931034482758621"
"2019-05-31T00:00:00.000","Caddo","LA","Passenger","1","1","2","23","25","8.00"
"2019-04-30T00:00:00.000","Manassas City","VA","Passenger","0","1","1","8","9","11.11111111111111111111111111"
"2018-06-30T00:00:00.000","Mason","WA","Passenger","103","94","197","46738","46935","0.4197294130180036220304676681"
"2019-04-30T00:00:00.000","Guadalupe","TX","Passenger","2","0","2","65","67","2.985074626865671641791044776"
"2019-04-30T00:00:00.000","Guilford","NC","Passenger","1","0","1","26","27","3.703703703703703703703703704"
"2018-11-30T00:00:00.000","Franklin","WA","Truck","0","0","0","19670","19670","0"
"2019-05-31T00:00:00.000","Charles","MD","Passenger","0","1","1","81","82","1.219512195121951219512195122"
"2018-11-30T00:00:00.000","Frederick","MD","Passenger","0","1","1","87","88","1.136363636363636363636363636"
"2019-04-30T00:00:00.000","Harris","TX","Passenger","0","1","1","229","230","0.4347826086956521739130434783"
"2018-11-30T00:00:00.000","Fulton","GA","Passenger","1","2","3","95","98","3.061224489795918367346938776"
"2018-11-30T00:00:00.000","Jefferson","CO","Passenger","0","2","2","65","67","2.985074626865671641791044776"
"2018-06-30T00:00:00.000","Miami-Dade","FL","Passenger","0","1","1","110","111","0.9009009009009009009009009009"
"2018-11-30T00:00:00.000","Gallatin","MT","Passenger","0","1","1","57","58","1.724137931034482758620689655"
"2019-04-30T00:00:00.000","Hennepin","MN","Passenger","2","0","2","98","100","2.00"
"2019-05-31T00:00:00.000","Clallam","WA","Truck","0","0","0","22259","22259","0"
"2018-06-30T00:00:00.000","Wahkiakum","WA","Truck","0","0","0","1729","1729","0"
"2019-04-30T00:00:00.000","Multnomah","OR","Passenger","4","5","9","728","737","1.221166892808683853459972863"
"2018-11-30T00:00:00.000","Garfield","WA","Passenger","1","1","2","1361","1363","0.1467351430667644900953778430"
"2018-06-30T00:00:00.000","Walla Walla","WA","Passenger","35","43","78","36414","36492","0.2137454784610325550805656034"
"2019-04-30T00:00:00.000","Honolulu","HI","Passenger","2","1","3","476","479","0.6263048016701461377870563674"
"2018-06-30T00:00:00.000","Moore","NC","Passenger","0","1","1","197","198","0.5050505050505050505050505051"
"2019-04-30T00:00:00.000","Okanogan","WA","Passenger","3","7","10","6219","6229","0.1605394124257505217530903837"
"2019-04-30T00:00:00.000","Okanogan","WA","Truck","0","0","0","4215","4215","0"
"2018-06-30T00:00:00.000","Washtenaw","MI","Passenger","1","0","1","36","37","2.702702702702702702702702703"
"2018-11-30T00:00:00.000","Kittitas","WA","Passenger","65","33","98","30015","30113","0.3254408395045329259788131372"
"2019-05-31T00:00:00.000","Dekalb","GA","Passenger","1","0","1","74","75","1.333333333333333333333333333"
"2019-04-30T00:00:00.000","Jefferson","WA","Truck","0","0","0","9881","9881","0"
"2019-05-31T00:00:00.000","Douglas","WA","Truck","0","0","0","12505","12505","0"
"2019-04-30T00:00:00.000","Ozaukee","WI","Passenger","0","1","1","3","4","25.00"
"2019-03-31T00:00:00.000","Clark","WA","Passenger","1471","922","2393","317951","320344","0.7470094648253127887520915016"
"2018-11-30T00:00:00.000","Lincoln","WA","Passenger","4","7","11","7987","7998","0.1375343835958989747436859215"
"2019-04-30T00:00:00.000","Juneau","AK","Passenger","0","1","1","27","28","3.571428571428571428571428571"
"2019-03-31T00:00:00.000","Clark","WA","Truck","0","0","0","82334","82334","0"
"2018-11-30T00:00:00.000","Island","WA","Truck","0","0","0","21730","21730","0"
"2019-04-30T00:00:00.000","Pierce","WA","Truck","0","0","0","143655","143655","0"
"2018-11-30T00:00:00.000","Jackson","OK","Passenger","1","0","1","43","44","2.272727272727272727272727273"
"2019-03-31T00:00:00.000","Cowlitz","WA","Passenger","96","116","212","73908","74120","0.2860226659471127900701565030"
"2019-04-30T00:00:00.000","Pinal","AZ","Passenger","1","0","1","164","165","0.6060606060606060606060606061"
"2019-05-31T00:00:00.000","Franklin","WA","Truck","0","0","0","19877","19877","0"
"2018-07-31T00:00:00.000","Adams","WA","Passenger","5","5","10","13017","13027","0.07676364473785215322023489675"
"2019-05-31T00:00:00.000","Frederick","MD","Passenger","2","1","3","85","88","3.409090909090909090909090909"
"2018-11-30T00:00:00.000","Marion","OR","Passenger","1","0","1","104","105","0.9523809523809523809523809524"
"2018-11-30T00:00:00.000","Mason","WA","Truck","0","0","0","20858","20858","0"
"2019-05-31T00:00:00.000","Gallatin","MT","Passenger","0","1","1","53","54","1.851851851851851851851851852"
"2019-03-31T00:00:00.000","Dupage","IL","Passenger","1","0","1","55","56","1.785714285714285714285714286"
"2019-04-30T00:00:00.000","Riverside","CA","Passenger","0","1","1","643","644","0.1552795031055900621118012422"
"2018-06-30T00:00:00.000","Pend Oreille","WA","Passenger","6","5","11","9927","9938","0.1106862547796337291205473938"
"2019-03-31T00:00:00.000","Fairfax","VA","Passenger","3","3","6","779","785","0.7643312101910828025477707006"
"2018-11-30T00:00:00.000","Kootenai","ID","Passenger","1","1","2","200","202","0.9900990099009900990099009901"
"2019-05-31T00:00:00.000","Hidalgo","TX","Passenger","0","1","1","89","90","1.111111111111111111111111111"
"2019-04-30T00:00:00.000","Saint Marys","MD","Passenger","1","0","1","196","197","0.5076142131979695431472081218"
"2019-04-30T00:00:00.000","Mason","WA","Truck","0","0","0","20972","20972","0"
"2019-03-31T00:00:00.000","Grant","WA","Passenger","37","59","96","66021","66117","0.1451971505059213212940696039"
"2019-03-31T00:00:00.000","Gwinnett","GA","Passenger","0","1","1","75","76","1.315789473684210526315789474"
"2018-11-30T00:00:00.000","Nassau","NY","Passenger","2","0","2","31","33","6.060606060606060606060606061"
"2018-07-31T00:00:00.000","Benton","WA","Passenger","207","208","415","134321","134736","0.3080097375608597553734710842"
"2019-04-30T00:00:00.000","San Juan","WA","Truck","0","0","0","6024","6024","0"
"2019-04-30T00:00:00.000","Santa Clara","CA","Passenger","6","1","7","339","346","2.023121387283236994219653179"
"2019-05-31T00:00:00.000","Jefferson","NY","Passenger","0","1","1","236","237","0.4219409282700421940928270042"
"2019-03-31T00:00:00.000","Hennepin","MN","Passenger","2","0","2","98","100","2.00"
"2019-04-30T00:00:00.000","Shelby","TN","Passenger","0","1","1","98","99","1.010101010101010101010101010"
"2018-11-30T00:00:00.000","Orange","CA","Passenger","4","2","6","560","566","1.060070671378091872791519435"
"2019-03-31T00:00:00.000","Island","WA","Passenger","315","246","561","64303","64864","0.8648865318204242723236309817"
"2019-05-31T00:00:00.000","Kent","DE","Passenger","0","1","1","74","75","1.333333333333333333333333333"
"2018-11-30T00:00:00.000","Los Angeles","CA","Passenger","9","4","13","1107","1120","1.160714285714285714285714286"
"2019-04-30T00:00:00.000","Montgomery","MD","Passenger","1","4","5","276","281","1.779359430604982206405693950"
"2019-05-31T00:00:00.000","Kittitas","WA","Truck","0","0","0","14850","14850","0"
"2019-04-30T00:00:00.000","Muscogee","GA","Passenger","0","1","1","188","189","0.5291005291005291005291005291"
"2018-06-30T00:00:00.000","Santa Fe","NM","Passenger","0","1","1","41","42","2.380952380952380952380952381"
"2019-03-31T00:00:00.000","Jefferson","WA","Truck","0","0","0","9878","9878","0"
"2018-11-30T00:00:00.000","Madison","ID","Passenger","1","0","1","36","37","2.702702702702702702702702703"
"2019-05-31T00:00:00.000","Kootenai","ID","Passenger","1","1","2","196","198","1.010101010101010101010101010"
"2019-04-30T00:00:00.000","Norfolk City","VA","Passenger","3","1","4","367","371","1.078167115902964959568733154"
"2018-11-30T00:00:00.000","Pend Oreille","WA","Passenger","6","5","11","9918","9929","0.1107865847517373350790613355"
"2018-11-30T00:00:00.000","Pend Oreille","WA","Truck","0","0","0","5999","5999","0"
"2019-04-30T00:00:00.000","Oldham","KY","Passenger","0","1","1","4","5","20.0"
"2019-04-30T00:00:00.000","Tulsa","OK","Passenger","0","1","1","40","41","2.439024390243902439024390244"
"2019-04-30T00:00:00.000","Orange","CA","Passenger","5","1","6","542","548","1.094890510948905109489051095"
"2019-03-31T00:00:00.000","Juneau","AK","Passenger","0","1","1","28","29","3.448275862068965517241379310"
"2019-04-30T00:00:00.000","Volusia","FL","Passenger","0","1","1","31","32","3.12500"
"2019-03-31T00:00:00.000","Kent","MI","Passenger","0","1","1","19","20","5.00"
"2019-04-30T00:00:00.000","Pacific","WA","Passenger","34","31","65","16201","16266","0.3996065412516906430591417681"
"2018-11-30T00:00:00.000","Mason","WA","Passenger","125","111","236","47460","47696","0.4948004025494800402549480040"
"2019-03-31T00:00:00.000","Klickitat","WA","Passenger","36","32","68","15786","15854","0.4289138387788570707707833985"
"2019-05-31T00:00:00.000","Liberty","GA","Passenger","1","0","1","140","141","0.7092198581560283687943262411"
"2019-04-30T00:00:00.000","Pierce","WA","Passenger","1922","1583","3505","551594","555099","0.6314189000520627851968747917"
"2018-07-31T00:00:00.000","Clallam","WA","Passenger","134","117","251","50877","51128","0.4909247379126897199186355813"
"2018-11-30T00:00:00.000","Miami-Dade","FL","Passenger","0","1","1","109","110","0.9090909090909090909090909091"
"2018-07-31T00:00:00.000","Clark","NV","Passenger","1","1","2","702","704","0.2840909090909090909090909091"
"2019-05-31T00:00:00.000","Los Angeles","CA","Passenger","8","4","12","1062","1074","1.117318435754189944134078212"
"2018-07-31T00:00:00.000","Columbia","WA","Truck","0","0","0","1599","1599","0"
"2018-11-30T00:00:00.000","Riley","KS","Passenger","1","0","1","76","77","1.298701298701298701298701299"
"2019-03-31T00:00:00.000","Lincoln","WA","Truck","0","0","0","4815","4815","0"
"2018-06-30T00:00:00.000","Stevens","WA","Passenger","13","27","40","32654","32694","0.1223466079402948553251361106"
"2018-11-30T00:00:00.000","Monterey","CA","Passenger","0","2","2","207","209","0.9569377990430622009569377990"
"2019-04-30T00:00:00.000","San Diego","CA","Passenger","7","4","11","2703","2714","0.4053058216654384672070744289"
"2019-05-31T00:00:00.000","NULL","CA","Passenger","1","2","3","253","256","1.17187500"
"2019-05-31T00:00:00.000","Mason","WA","Passenger","142","125","267","48041","48308","0.5527034859650575474041566614"
"2018-06-30T00:00:00.000","Tuolumne","CA","Passenger","0","1","1","11","12","8.333333333333333333333333333"
"2018-11-30T00:00:00.000","Moore","NC","Passenger","0","1","1","199","200","0.500"
"2018-11-30T00:00:00.000","Santa Rosa","FL","Passenger","1","0","1","79","80","1.2500"
"2019-05-31T00:00:00.000","Asotin","WA","Truck","0","0","0","6873","6873","0"
"2018-06-30T00:00:00.000","Utah","UT","Passenger","0","1","1","129","130","0.7692307692307692307692307692"
"2018-07-31T00:00:00.000","Dakota","MN","Passenger","0","1","1","31","32","3.12500"
"2019-03-31T00:00:00.000","Montgomery","MD","Passenger","1","4","5","277","282","1.773049645390070921985815603"
"2018-07-31T00:00:00.000","Dale","AL","Passenger","0","1","1","68","69","1.449275362318840579710144928"
"2019-05-31T00:00:00.000","Bell","TX","Passenger","0","1","1","455","456","0.2192982456140350877192982456"
"2019-05-31T00:00:00.000","Monterey","CA","Passenger","0","1","1","205","206","0.4854368932038834951456310680"
"2019-04-30T00:00:00.000","Spartanburg","SC","Passenger","0","1","1","27","28","3.571428571428571428571428571"
"2019-05-31T00:00:00.000","Moore","NC","Passenger","0","1","1","190","191","0.5235602094240837696335078534"
"2018-07-31T00:00:00.000","Dekalb","IN","Passenger","1","0","1","1","2","50.0"
"2019-05-31T00:00:00.000","Broward","FL","Passenger","1","1","2","122","124","1.612903225806451612903225806"
"2019-04-30T00:00:00.000","Twin Falls","ID","Passenger","0","1","1","19","20","5.00"
"2018-11-30T00:00:00.000","Skamania","WA","Passenger","20","14","34","8986","9020","0.3769401330376940133037694013"
"2018-11-30T00:00:00.000","Pacific","WA","Truck","0","0","0","7818","7818","0"
"2019-05-31T00:00:00.000","Bryan","GA","Passenger","1","0","1","57","58","1.724137931034482758620689655"
"2019-03-31T00:00:00.000","Okanogan","NULL","Passenger","18","14","32","20524","20556","0.1556723097878964779139910488"
"2018-11-30T00:00:00.000","Palm Beach","FL","Passenger","0","1","1","80","81","1.234567901234567901234567901"
"2019-04-30T00:00:00.000","Virginia Beach City","VA","Passenger","0","1","1","680","681","0.1468428781204111600587371512"
"2019-05-31T00:00:00.000","Carson City","NV","Passenger","1","0","1","10","11","9.090909090909090909090909091"
"2018-06-30T00:00:00.000","Yakima","WA","Truck","0","0","0","60923","60923","0"
"2019-04-30T00:00:00.000","Wayne","MI","Passenger","0","1","1","68","69","1.449275362318840579710144928"
"2019-05-31T00:00:00.000","Ozaukee","WI","Passenger","0","1","1","3","4","25.00"
"2019-05-31T00:00:00.000","Pacific","WA","Truck","0","0","0","7864","7864","0"
"2019-03-31T00:00:00.000","Prince William","VA","Passenger","0","4","4","256","260","1.538461538461538461538461538"
"2018-11-30T00:00:00.000","Pima","AZ","Passenger","0","1","1","372","373","0.2680965147453083109919571046"
"2019-04-30T00:00:00.000","Whitman","WA","Passenger","30","49","79","23182","23261","0.3396242637891750139718842698"
"2019-05-31T00:00:00.000","Palm Beach","FL","Passenger","0","1","1","75","76","1.315789473684210526315789474"
"2018-11-30T00:00:00.000","Pinal","AZ","Passenger","2","0","2","171","173","1.156069364161849710982658960"
"2019-03-31T00:00:00.000","Ramsey","MN","Passenger","1","0","1","39","40","2.500"
"2019-05-31T00:00:00.000","Clackamas","OR","Passenger","0","1","1","194","195","0.5128205128205128205128205128"
"2019-05-31T00:00:00.000","Pima","AZ","Passenger","0","1","1","364","365","0.2739726027397260273972602740"
"2018-11-30T00:00:00.000","Polk","FL","Passenger","1","0","1","63","64","1.562500"
"2019-05-31T00:00:00.000","Pinal","AZ","Passenger","1","0","1","163","164","0.6097560975609756097560975610"
"2018-11-30T00:00:00.000","Wahkiakum","WA","Passenger","2","2","4","3030","3034","0.1318391562294001318391562294"
"2019-03-31T00:00:00.000","Russell","AL","Passenger","1","0","1","41","42","2.380952380952380952380952381"
"2019-05-31T00:00:00.000","Anne Arundel","MD","Passenger","1","3","4","447","451","0.8869179600886917960088691796"
"2018-11-30T00:00:00.000","Walla Walla","WA","Passenger","39","53","92","36805","36897","0.2493427649944439927365368458"
"2019-05-31T00:00:00.000","Polk","FL","Passenger","1","0","1","67","68","1.470588235294117647058823529"
"2019-05-31T00:00:00.000","Cook","IL","Passenger","2","0","2","225","227","0.8810572687224669603524229075"
"2019-05-31T00:00:00.000","Asotin","WA","Passenger","13","9","22","12973","12995","0.1692958830319353597537514429"
"2019-03-31T00:00:00.000","San Francisco","CA","Passenger","2","1","3","106","109","2.752293577981651376146788991"
"2019-05-31T00:00:00.000","Cumberland","NC","Passenger","0","2","2","524","526","0.3802281368821292775665399240"
"2018-11-30T00:00:00.000","Whatcom","WA","Passenger","780","372","1152","151699","152851","0.7536751476928512080392015754"
"2018-07-31T00:00:00.000","Beaufort","SC","Passenger","1","0","1","35","36","2.777777777777777777777777778"
"2019-03-31T00:00:00.000","Skagit","WA","Truck","1","0","1","33236","33237","0.003008695128922586274332821855"
"2019-05-31T00:00:00.000","Duval","FL","Passenger","1","1","2","361","363","0.5509641873278236914600550964"
"2019-03-31T00:00:00.000","Snohomish","WA","Truck","1","0","1","125854","125855","0.0007945651742084144451948671090"
"2018-11-30T00:00:00.000","Santa Cruz","CA","Passenger","1","0","1","37","38","2.631578947368421052631578947"
"2019-03-31T00:00:00.000","Spokane","WA","Passenger","526","424","950","315126","316076","0.3005606246598919247269644010"
"2018-07-31T00:00:00.000","Jefferson","CO","Passenger","0","1","1","65","66","1.515151515151515151515151515"
"2019-05-31T00:00:00.000","Ferry","WA","Truck","0","0","0","3773","3773","0"
"2019-03-31T00:00:00.000","Tarrant","TX","Passenger","2","0","2","183","185","1.081081081081081081081081081"
"2019-05-31T00:00:00.000","Skamania","WA","Passenger","25","17","42","8967","9009","0.4662004662004662004662004662"
"2019-05-31T00:00:00.000","Flathead","MT","Passenger","1","0","1","53","54","1.851851851851851851851851852"
"2018-07-31T00:00:00.000","Camden","GA","Passenger","0","1","1","169","170","0.5882352941176470588235294118"
"2019-05-31T00:00:00.000","Sumter","FL","Passenger","0","1","1","9","10","10.0"
"2019-05-31T00:00:00.000","Camden","GA","Passenger","0","1","1","163","164","0.6097560975609756097560975610"
"2019-05-31T00:00:00.000","Garfield","WA","Passenger","1","1","2","1319","1321","0.1514004542013626040878122634"
"2019-05-31T00:00:00.000","Garfield","WA","Truck","0","0","0","980","980","0"
"2019-05-31T00:00:00.000","Travis","TX","Passenger","1","1","2","174","176","1.136363636363636363636363636"
"2019-03-31T00:00:00.000","Washoe","NV","Passenger","2","0","2","92","94","2.127659574468085106382978723"
"2019-05-31T00:00:00.000","Goochland","VA","Passenger","1","1","2","191","193","1.036269430051813471502590674"
"2019-03-31T00:00:00.000","Wayne","MI","Passenger","0","1","1","67","68","1.470588235294117647058823529"
"2019-05-31T00:00:00.000","Valencia","NM","Passenger","1","0","1","5","6","16.66666666666666666666666667"
"2019-03-31T00:00:00.000","Whitman","WA","Passenger","28","45","73","23207","23280","0.3135738831615120274914089347"
"2019-05-31T00:00:00.000","Columbia","WA","Passenger","2","2","4","2501","2505","0.1596806387225548902195608782"
"2019-05-31T00:00:00.000","Vigo","IN","Passenger","1","0","1","4","5","20.0"
"2019-05-31T00:00:00.000","Wahkiakum","WA","Passenger","3","3","6","3079","3085","0.1944894651539708265802269044"
"2018-07-31T00:00:00.000","Clark","WA","Passenger","1139","780","1919","314349","316268","0.6067638837947563458838706414"
"2019-03-31T00:00:00.000","Whitman","WA","Truck","0","0","0","8776","8776","0"
"2019-05-31T00:00:00.000","Harnett","NC","Passenger","0","1","1","206","207","0.4830917874396135265700483092"
"2018-11-30T00:00:00.000","Valencia","NM","Passenger","1","0","1","7","8","12.500"
"2019-05-31T00:00:00.000","District Of Columbia","DC","Passenger","1","2","3","214","217","1.382488479262672811059907834"
"2018-11-30T00:00:00.000","Walla Walla","WA","Truck","0","0","0","13992","13992","0"
"2019-05-31T00:00:00.000","Whatcom","WA","Passenger","896","433","1329","152946","154275","0.8614487117160913952357802625"
"2019-05-31T00:00:00.000","Douglas","NE","Passenger","0","1","1","60","61","1.639344262295081967213114754"
"2019-05-31T00:00:00.000","Dupage","IL","Passenger","1","0","1","53","54","1.851851851851851851851851852"
"2018-07-31T00:00:00.000","Manatee","FL","Passenger","1","0","1","33","34","2.941176470588235294117647059"
"2019-06-30T00:00:00.000","NULL","CA","Passenger","1","2","3","256","259","1.158301158301158301158301158"
"2019-04-30T00:00:00.000","Brevard","FL","Passenger","0","1","1","72","73","1.369863013698630136986301370"
"2018-07-31T00:00:00.000","Marion","OR","Passenger","1","0","1","109","110","0.9090909090909090909090909091"
"2018-12-31T00:00:00.000","Columbia","WA","Passenger","2","2","4","2485","2489","0.1607071112896745680996384090"
"2018-07-31T00:00:00.000","Columbia","WA","Passenger","2","2","4","2479","2483","0.1610954490535642368103101087"
"2019-06-30T00:00:00.000","NULL","WA","Truck","0","0","0","2","2","0"
"2019-05-31T00:00:00.000","Ferry","WA","Passenger","5","2","7","4570","4577","0.1529386060738474983613720778"
"2018-12-31T00:00:00.000","Columbia","WA","Truck","0","0","0","1588","1588","0"
"2019-04-30T00:00:00.000","Bryan","GA","Passenger","1","0","1","58","59","1.694915254237288135593220339"
"2019-05-31T00:00:00.000","Franklin","WA","Passenger","61","73","134","61077","61211","0.2189149009165019359265491497"
"2019-05-31T00:00:00.000","Kitsap","WA","Passenger","1109","611","1720","183761","185481","0.9273187011068519147513761517"
"2019-06-30T00:00:00.000","Arlington","VA","Passenger","0","2","2","148","150","1.333333333333333333333333333"
"2019-04-30T00:00:00.000","Calvert","MD","Passenger","0","2","2","92","94","2.127659574468085106382978723"
"2019-06-30T00:00:00.000","Bell","TX","Passenger","0","1","1","453","454","0.2202643171806167400881057269"
"2018-12-31T00:00:00.000","Deschutes","OR","Passenger","2","0","2","147","149","1.342281879194630872483221477"
"2019-05-31T00:00:00.000","Grays Harbor","WA","Truck","0","0","0","20999","20999","0"
"2019-05-31T00:00:00.000","Guadalupe","TX","Passenger","2","0","2","65","67","2.985074626865671641791044776"
"2018-07-31T00:00:00.000","Multnomah","OR","Passenger","3","4","7","787","794","0.8816120906801007556675062972"
"2019-06-30T00:00:00.000","Benton","WA","Truck","0","0","0","43116","43116","0"
"2019-04-30T00:00:00.000","Clackamas","OR","Passenger","0","1","1","191","192","0.5208333333333333333333333333"
"2018-07-31T00:00:00.000","Douglas","NE","Passenger","0","1","1","70","71","1.408450704225352112676056338"
"2019-05-31T00:00:00.000","Lumpkin","GA","Passenger","1","0","1","6","7","14.28571428571428571428571429"
"2018-12-31T00:00:00.000","Douglas","OR","Passenger","1","0","1","47","48","2.083333333333333333333333333"
"2018-07-31T00:00:00.000","Douglas","OR","Passenger","1","0","1","52","53","1.886792452830188679245283019"
"2019-04-30T00:00:00.000","Clark","WA","Passenger","1526","936","2462","318487","320949","0.7671000688582921274096507545"
"2019-05-31T00:00:00.000","Mason","OR","Passenger","2","0","2","9","11","18.18181818181818181818181818"
"2018-12-31T00:00:00.000","Dupage","IL","Passenger","1","0","1","55","56","1.785714285714285714285714286"
"2018-07-31T00:00:00.000","Orange","FL","Passenger","2","1","3","174","177","1.694915254237288135593220339"
"2019-04-30T00:00:00.000","Dakota","MN","Passenger","0","1","1","32","33","3.030303030303030303030303030"
"2019-06-30T00:00:00.000","Carson City","NV","Passenger","1","0","1","10","11","9.090909090909090909090909091"
"2018-07-31T00:00:00.000","Orleans","LA","Passenger","0","1","1","50","51","1.960784313725490196078431373"
"2019-05-31T00:00:00.000","Monroe","IL","Passenger","1","0","1","4","5","20.0"
"2018-12-31T00:00:00.000","Bryan","GA","Passenger","1","0","1","58","59","1.694915254237288135593220339"
"2019-04-30T00:00:00.000","Douglas","WA","Passenger","56","34","90","28587","28677","0.3138403598702793179202845486"
"2019-06-30T00:00:00.000","Clark","WA","Truck","0","0","0","82556","82556","0"
"2019-05-31T00:00:00.000","Juneau","AK","Passenger","0","1","1","25","26","3.846153846153846153846153846"
"2019-04-30T00:00:00.000","Flathead","MT","Passenger","1","0","1","52","53","1.886792452830188679245283019"
"2019-05-31T00:00:00.000","Nueces","TX","Passenger","1","1","2","97","99","2.020202020202020202020202020"
"2018-07-31T00:00:00.000","Pierce","WA","Truck","0","0","0","142378","142378","0"
"2019-06-30T00:00:00.000","Cowlitz","WA","Passenger","108","123","231","74368","74599","0.3096556254105282912639579619"
"2019-06-30T00:00:00.000","Cumberland","NC","Passenger","0","2","2","522","524","0.3816793893129770992366412214"
"2018-12-31T00:00:00.000","Hennepin","MN","Passenger","2","0","2","98","100","2.00"
"2019-04-30T00:00:00.000","Garfield","WA","Truck","0","0","0","985","985","0"
"2018-07-31T00:00:00.000","Hamilton","IN","Passenger","1","0","1","40","41","2.439024390243902439024390244"
"2019-05-31T00:00:00.000","Kitsap","WA","Truck","1","0","1","55318","55319","0.001807697174569316148158860428"
"2019-04-30T00:00:00.000","Goochland","VA","Passenger","1","1","2","187","189","1.058201058201058201058201058"
"2019-05-31T00:00:00.000","Klamath","OR","Passenger","1","0","1","26","27","3.703703703703703703703703704"
"2018-07-31T00:00:00.000","Riverside","CA","Passenger","0","2","2","686","688","0.2906976744186046511627906977"
"2018-12-31T00:00:00.000","Clark","WA","Passenger","1353","879","2232","317298","319530","0.6985259600037555159139986856"
"2019-04-30T00:00:00.000","Howard","MD","Passenger","0","1","1","91","92","1.086956521739130434782608696"
"2018-12-31T00:00:00.000","Jackson","OK","Passenger","1","0","1","43","44","2.272727272727272727272727273"
"2019-05-31T00:00:00.000","Lewis","WA","Truck","0","0","0","26735","26735","0"
"2018-12-31T00:00:00.000","Cochise","AZ","Passenger","0","1","1","124","125","0.800"
"2018-07-31T00:00:00.000","Saint Lucie","FL","Passenger","1","0","1","25","26","3.846153846153846153846153846"
"2019-04-30T00:00:00.000","Island","WA","Passenger","327","253","580","64405","64985","0.8925136569977687158575055782"
"2019-05-31T00:00:00.000","Saint Louis","MO","Passenger","1","0","1","79","80","1.2500"
"2019-05-31T00:00:00.000","Maricopa","AZ","Passenger","5","2","7","1322","1329","0.5267118133935289691497366441"
"2018-12-31T00:00:00.000","Jefferson","WA","Truck","0","0","0","9844","9844","0"
"2018-07-31T00:00:00.000","Jefferson","WA","Passenger","159","105","264","25015","25279","1.044345108588156177063966138"
"2019-05-31T00:00:00.000","Maui","HI","Passenger","1","0","1","45","46","2.173913043478260869565217391"
"2018-07-31T00:00:00.000","San Juan","WA","Truck","0","0","0","5929","5929","0"
"2019-06-30T00:00:00.000","Glacier","MT","Passenger","0","1","1","4","5","20.0"
"2019-04-30T00:00:00.000","Jefferson","WA","Passenger","199","128","327","25329","25656","1.274555659494855004677268475"
"2019-05-31T00:00:00.000","Santa Barbara","CA","Passenger","1","0","1","94","95","1.052631578947368421052631579"
"2018-12-31T00:00:00.000","Juneau","AK","Passenger","0","1","1","38","39","2.564102564102564102564102564"
"2019-05-31T00:00:00.000","Santa Fe","NM","Passenger","0","1","1","34","35","2.857142857142857142857142857"
"2018-07-31T00:00:00.000","Santa Clara","CA","Passenger","7","0","7","364","371","1.886792452830188679245283019"
"2019-06-30T00:00:00.000","Grant","WA","Passenger","44","66","110","66437","66547","0.1652967075901242730701609389"
"2019-06-30T00:00:00.000","Grays Harbor","WA","Passenger","85","88","173","48808","48981","0.3531981788856903697352034462"
"2018-12-31T00:00:00.000","El Paso","CO","Passenger","2","1","3","752","755","0.3973509933774834437086092715"
"2019-04-30T00:00:00.000","Kitsap","WA","Passenger","1082","598","1680","183274","184954","0.9083339641208084172280675195"
"2018-07-31T00:00:00.000","Kittitas","WA","Passenger","52","31","83","29695","29778","0.2787292632144536234804217879"
"2019-04-30T00:00:00.000","Kitsap","WA","Truck","1","0","1","55193","55194","0.001811791136717759176722107475"
"2019-05-31T00:00:00.000","Montgomery","PA","Passenger","2","0","2","24","26","7.692307692307692307692307692"
"2019-05-31T00:00:00.000","Snohomish","WA","Passenger","3540","1677","5217","539418","544635","0.9578892285659202952436035143"
"2018-07-31T00:00:00.000","Klamath","OR","Passenger","1","0","1","26","27","3.703703703703703703703703704"
"2019-05-31T00:00:00.000","Muscogee","GA","Passenger","0","1","1","183","184","0.5434782608695652173913043478"
"2019-06-30T00:00:00.000","Harnett","NC","Passenger","0","1","1","204","205","0.4878048780487804878048780488"
"2018-07-31T00:00:00.000","Klickitat","WA","Passenger","28","33","61","15567","15628","0.3903250575889429229587919120"
"2018-12-31T00:00:00.000","Fresno","CA","Passenger","1","0","1","185","186","0.5376344086021505376344086022"
"2019-05-31T00:00:00.000","Stevens","WA","Passenger","23","33","56","32571","32627","0.1716369877708646213258957305"
"2019-05-31T00:00:00.000","New Castle","DE","Passenger","1","0","1","23","24","4.166666666666666666666666667"
"2018-12-31T00:00:00.000","Garfield","OK","Passenger","1","0","1","14","15","6.666666666666666666666666667"
"2019-06-30T00:00:00.000","Hennepin","MN","Passenger","2","0","2","98","100","2.00"
"2018-12-31T00:00:00.000","Garfield","WA","Truck","0","0","0","995","995","0"
"2019-06-30T00:00:00.000","Hidalgo","TX","Passenger","0","1","1","87","88","1.136363636363636363636363636"
"2019-04-30T00:00:00.000","Lincoln","WA","Passenger","5","7","12","7997","8009","0.1498314396304157822449744038"
"2019-04-30T00:00:00.000","Lincoln","WA","Truck","0","0","0","4830","4830","0"
"2019-05-31T00:00:00.000","Tuolumne","CA","Passenger","0","1","1","11","12","8.333333333333333333333333333"
"2019-05-31T00:00:00.000","Pacific","WA","Passenger","35","31","66","16214","16280","0.4054054054054054054054054054"
"2019-06-30T00:00:00.000","Kittitas","WA","Truck","0","0","0","14885","14885","0"
"2019-04-30T00:00:00.000","Marion","OR","Passenger","1","0","1","100","101","0.9900990099009900990099009901"
"2019-06-30T00:00:00.000","Klickitat","WA","Truck","0","0","0","8508","8508","0"
"2019-04-30T00:00:00.000","Mason","OR","Passenger","1","0","1","7","8","12.500"
"2019-04-30T00:00:00.000","Mecklenburg","NC","Passenger","1","0","1","84","85","1.176470588235294117647058824"
"2018-12-31T00:00:00.000","Jefferson","WA","Passenger","181","115","296","25283","25579","1.157199265022088431916806756"
"2019-06-30T00:00:00.000","Larimer","CO","Passenger","0","1","1","47","48","2.083333333333333333333333333"
"2018-12-31T00:00:00.000","Los Angeles","CA","Passenger","9","4","13","1085","1098","1.183970856102003642987249545"
"2018-07-31T00:00:00.000","Maui","HI","Passenger","1","0","1","56","57","1.754385964912280701754385965"
"2018-07-31T00:00:00.000","Volusia","FL","Passenger","0","1","1","29","30","3.333333333333333333333333333"
"2019-05-31T00:00:00.000","Yakima","WA","Truck","0","0","0","61455","61455","0"
"2018-12-31T00:00:00.000","Manassas City","VA","Passenger","0","1","1","9","10","10.0"
"2018-12-31T00:00:00.000","Klickitat","WA","Passenger","32","33","65","15800","15865","0.4097069019855026788528206744"
"2019-06-30T00:00:00.000","NULL","NULL","Passenger","9","6","15","2051","2066","0.7260406582768635043562439497"
"2019-06-30T00:00:00.000","Adams","WA","Truck","0","0","0","5361","5361","0"
"2019-04-30T00:00:00.000","Nassau","NY","Passenger","2","0","2","34","36","5.555555555555555555555555556"
"2019-05-31T00:00:00.000","Shasta","CA","Passenger","1","0","1","43","44","2.272727272727272727272727273"
"2019-06-30T00:00:00.000","Alexandria City","VA","Passenger","4","0","4","145","149","2.684563758389261744966442953"
"2018-12-31T00:00:00.000","Lincoln","WA","Passenger","4","6","10","8004","8014","0.1247816321437484402295982031"
"2018-07-31T00:00:00.000","Muscogee","GA","Passenger","0","1","1","200","201","0.4975124378109452736318407960"
"2019-05-31T00:00:00.000","Skagit","WA","Passenger","327","219","546","93533","94079","0.5803633116848605958821841219"
"2018-12-31T00:00:00.000","Mecklenburg","NC","Passenger","1","0","1","79","80","1.2500"
"2018-07-31T00:00:00.000","Okanogan","NULL","Passenger","10","15","25","20440","20465","0.1221597849987784021500122160"
"2018-12-31T00:00:00.000","Montgomery","MD","Passenger","1","3","4","280","284","1.408450704225352112676056338"
"2018-12-31T00:00:00.000","Multnomah","OR","Passenger","3","5","8","748","756","1.058201058201058201058201058"
"2018-07-31T00:00:00.000","Pacific","WA","Passenger","29","22","51","15911","15962","0.3195088334795138453827841123"
"2018-08-31T00:00:00.000","Asotin","WA","Truck","0","0","0","6874","6874","0"
"2019-06-30T00:00:00.000","Oklahoma","OK","Passenger","0","2","2","118","120","1.666666666666666666666666667"
"2019-05-31T00:00:00.000","Virginia Beach City","VA","Passenger","0","1","1","688","689","0.1451378809869375907111756168"
"2018-12-31T00:00:00.000","Okanogan","WA","Passenger","2","6","8","6314","6322","0.1265422334704207529262891490"
"2018-07-31T00:00:00.000","Pend Oreille","WA","Truck","0","0","0","5984","5984","0"
"2019-04-30T00:00:00.000","Riley","KS","Passenger","1","0","1","71","72","1.388888888888888888888888889"
"2019-04-30T00:00:00.000","Russell","AL","Passenger","1","0","1","40","41","2.439024390243902439024390244"
"2018-12-31T00:00:00.000","Okanogan","NULL","Passenger","15","16","31","20587","20618","0.1503540595596081094189543118"
"2018-12-31T00:00:00.000","Oldham","KY","Passenger","0","1","1","4","5","20.0"
"2019-06-30T00:00:00.000","Pend Oreille","WA","Passenger","5","5","10","9882","9892","0.1010917913465426607359482410"
"2018-08-31T00:00:00.000","Broward","FL","Passenger","0","1","1","130","131","0.7633587786259541984732824427"
"2019-06-30T00:00:00.000","Columbia","GA","Passenger","1","1","2","151","153","1.307189542483660130718954248"
"2019-06-30T00:00:00.000","Pinellas","FL","Passenger","1","0","1","93","94","1.063829787234042553191489362"
"2019-06-30T00:00:00.000","Contra Costa","CA","Passenger","1","0","1","204","205","0.4878048780487804878048780488"
"2018-12-31T00:00:00.000","Pacific","WA","Passenger","33","26","59","16123","16182","0.3646026449141020887405759486"
"2019-04-30T00:00:00.000","Santa Rosa","FL","Passenger","1","0","1","80","81","1.234567901234567901234567901"
"2018-08-31T00:00:00.000","Caddo","LA","Passenger","1","1","2","21","23","8.695652173913043478260869565"
"2018-12-31T00:00:00.000","Riley","KS","Passenger","1","0","1","73","74","1.351351351351351351351351351"
"2018-07-31T00:00:00.000","Ramsey","MN","Passenger","1","0","1","37","38","2.631578947368421052631578947"
"2019-04-30T00:00:00.000","Shasta","CA","Passenger","1","0","1","41","42","2.380952380952380952380952381"
"2018-12-31T00:00:00.000","Russell","AL","Passenger","1","0","1","45","46","2.173913043478260869565217391"
"2019-05-31T00:00:00.000","Whitman","WA","Passenger","32","49","81","23168","23249","0.3484020818099703213041421136"
"2019-06-30T00:00:00.000","Dekalb","IN","Passenger","1","0","1","1","2","50.0"
"2018-07-31T00:00:00.000","Russell","AL","Passenger","1","0","1","50","51","1.960784313725490196078431373"
"2018-12-31T00:00:00.000","Pierce","WA","Passenger","1726","1472","3198","549508","552706","0.5786077951026404634652057332"
"2019-06-30T00:00:00.000","Saint Louis","MO","Passenger","1","0","1","77","78","1.282051282051282051282051282"
"2019-04-30T00:00:00.000","Stevens","WA","Truck","0","0","0","19447","19447","0"
"2018-12-31T00:00:00.000","San Juan","WA","Passenger","186","71","257","14568","14825","1.733558178752107925801011804"
"2019-06-30T00:00:00.000","El Paso","CO","Passenger","1","1","2","709","711","0.2812939521800281293952180028"
"2018-12-31T00:00:00.000","San Mateo","CA","Passenger","2","1","3","133","136","2.205882352941176470588235294"
"2018-08-31T00:00:00.000","Columbia","WA","Truck","0","0","0","1597","1597","0"
"2018-08-31T00:00:00.000","Cook","IL","Passenger","1","0","1","242","243","0.4115226337448559670781893004"
"2019-06-30T00:00:00.000","Santa Fe","NM","Passenger","0","1","1","33","34","2.941176470588235294117647059"
"2019-06-30T00:00:00.000","Frederick","MD","Passenger","2","1","3","83","86","3.488372093023255813953488372"
"2018-07-31T00:00:00.000","Skagit","WA","Passenger","251","186","437","92610","93047","0.4696551205304845938074306533"
"2018-12-31T00:00:00.000","Ramsey","MN","Passenger","1","0","1","38","39","2.564102564102564102564102564"
"2019-06-30T00:00:00.000","NULL","WA","Passenger","0","0","0","2","2","0"
"2018-07-31T00:00:00.000","Skagit","WA","Truck","1","0","1","33109","33110","0.003020235578375113258834189067"
"2019-06-30T00:00:00.000","Adams","WA","Passenger","5","6","11","13134","13145","0.08368200836820083682008368201"
"2018-07-31T00:00:00.000","Skamania","WA","Truck","0","0","0","4146","4146","0"
"2019-06-30T00:00:00.000","Spartanburg","SC","Passenger","0","1","1","29","30","3.333333333333333333333333333"
"2018-12-31T00:00:00.000","Snohomish","WA","Truck","1","0","1","125891","125892","0.0007943316493502367108315063705"
"2018-12-31T00:00:00.000","Riverside","CA","Passenger","0","2","2","666","668","0.2994011976047904191616766467"
"2019-04-30T00:00:00.000","Walla Walla","WA","Passenger","47","58","105","36887","36992","0.2838451557093425605536332180"
"2018-07-31T00:00:00.000","Snohomish","WA","Truck","1","0","1","125623","125624","0.0007960262370247723364962109151"
"2019-06-30T00:00:00.000","Albemarle","VA","Passenger","1","0","1","28","29","3.448275862068965517241379310"
"2018-08-31T00:00:00.000","Dekalb","GA","Passenger","1","0","1","76","77","1.298701298701298701298701299"
"2019-06-30T00:00:00.000","Sumter","FL","Passenger","0","1","1","9","10","10.0"
"2019-06-30T00:00:00.000","Guilford","NC","Passenger","1","0","1","27","28","3.571428571428571428571428571"
"2019-04-30T00:00:00.000","Whitman","WA","Truck","0","0","0","8796","8796","0"
"2018-12-31T00:00:00.000","Stevens","WA","Truck","0","0","0","19539","19539","0"
"2019-06-30T00:00:00.000","Harris","TX","Passenger","1","1","2","223","225","0.8888888888888888888888888889"
"2018-12-31T00:00:00.000","Saint Lucie","FL","Passenger","1","0","1","24","25","4.00"
"2019-06-30T00:00:00.000","Travis","TX","Passenger","1","1","2","171","173","1.156069364161849710982658960"
"2019-06-30T00:00:00.000","Honolulu","HI","Passenger","3","1","4","470","474","0.8438818565400843881856540084"
"2019-06-30T00:00:00.000","Benton","WA","Passenger","272","290","562","136343","136905","0.4105036339067236404806252511"
"2019-04-30T00:00:00.000","Williamson","TX","Passenger","1","0","1","120","121","0.8264462809917355371900826446"
"2018-07-31T00:00:00.000","Stevens","WA","Truck","0","0","0","19457","19457","0"
"2018-08-31T00:00:00.000","Duval","FL","Passenger","1","1","2","376","378","0.5291005291005291005291005291"
"2018-12-31T00:00:00.000","Thurston","WA","Truck","0","0","0","56298","56298","0"
"2019-06-30T00:00:00.000","Ventura","CA","Passenger","0","2","2","317","319","0.6269592476489028213166144201"
"2019-06-30T00:00:00.000","Wahkiakum","WA","Passenger","2","3","5","3077","3082","0.1622323166774821544451654770"
"2019-05-31T00:00:00.000","Ada","ID","Passenger","0","2","2","282","284","0.7042253521126760563380281690"
"2019-06-30T00:00:00.000","Bucks","PA","Passenger","1","0","1","20","21","4.761904761904761904761904762"
"2018-07-31T00:00:00.000","Tarrant","TX","Passenger","1","0","1","206","207","0.4830917874396135265700483092"
"2018-12-31T00:00:00.000","Santa Cruz","CA","Passenger","1","0","1","38","39","2.564102564102564102564102564"
"2019-05-31T00:00:00.000","Alameda","CA","Passenger","3","2","5","299","304","1.644736842105263157894736842"
"2018-08-31T00:00:00.000","Ferry","WA","Truck","0","0","0","3758","3758","0"
"2018-07-31T00:00:00.000","Twin Falls","ID","Passenger","0","1","1","23","24","4.166666666666666666666666667"
"2018-12-31T00:00:00.000","Skagit","WA","Truck","1","0","1","33288","33289","0.003003995313767310522995584127"
"2018-08-31T00:00:00.000","Franklin","WA","Truck","0","0","0","19480","19480","0"
"2018-12-31T00:00:00.000","Washington","OR","Passenger","0","1","1","435","436","0.2293577981651376146788990826"
"2019-06-30T00:00:00.000","Clallam","WA","Passenger","184","148","332","51417","51749","0.6415582909814682409321919264"
"2018-07-31T00:00:00.000","Virginia Beach City","VA","Passenger","1","1","2","670","672","0.2976190476190476190476190476"
"2019-06-30T00:00:00.000","Clark","NV","Passenger","2","1","3","642","645","0.4651162790697674418604651163"
"2018-07-31T00:00:00.000","Wahkiakum","WA","Truck","0","0","0","1735","1735","0"
"2018-08-31T00:00:00.000","Garfield","WA","Passenger","1","1","2","1351","1353","0.1478196600147819660014781966"
"2019-06-30T00:00:00.000","Yakima","WA","Truck","0","0","0","61494","61494","0"
"2018-12-31T00:00:00.000","Whitman","WA","Truck","0","0","0","8815","8815","0"
"2019-06-30T00:00:00.000","Columbia","WA","Truck","0","0","0","1600","1600","0"
"2019-06-30T00:00:00.000","Liberty","GA","Passenger","1","0","1","135","136","0.7352941176470588235294117647"
"2019-05-31T00:00:00.000","Bexar","TX","Passenger","3","5","8","631","639","1.251956181533646322378716745"
"2019-07-31T00:00:00.000","Alexandria City","VA","Passenger","4","0","4","146","150","2.666666666666666666666666667"
"2018-12-31T00:00:00.000","Twin Falls","ID","Passenger","0","1","1","21","22","4.545454545454545454545454545"
"2018-07-31T00:00:00.000","Washington","OR","Passenger","0","1","1","448","449","0.2227171492204899777282850780"
"2019-01-31T00:00:00.000","NULL","CA","Passenger","1","2","3","261","264","1.136363636363636363636363636"
"2019-06-30T00:00:00.000","Dale","AL","Passenger","0","1","1","65","66","1.515151515151515151515151515"
"2019-01-31T00:00:00.000","NULL","WA","Truck","0","0","0","2","2","0"
"2018-07-31T00:00:00.000","Washoe","NV","Passenger","1","0","1","105","106","0.9433962264150943396226415094"
"2018-12-31T00:00:00.000","Volusia","FL","Passenger","0","1","1","32","33","3.030303030303030303030303030"
"2019-06-30T00:00:00.000","Mason","WA","Passenger","147","126","273","48206","48479","0.5631304276078301945172136389"
"2018-07-31T00:00:00.000","Washtenaw","MI","Passenger","1","0","1","34","35","2.857142857142857142857142857"
"2019-01-31T00:00:00.000","Arlington","VA","Passenger","1","2","3","154","157","1.910828025477707006369426752"
"2018-07-31T00:00:00.000","Whatcom","WA","Truck","2","0","2","43506","43508","0.004596855750666544083846648892"
"2019-05-31T00:00:00.000","Chelan","WA","Passenger","153","70","223","55549","55772","0.3998422147314064405077816826"
"2019-07-31T00:00:00.000","Boulder","CO","Passenger","1","0","1","36","37","2.702702702702702702702702703"
"2019-06-30T00:00:00.000","Montgomery","AL","Passenger","0","2","2","39","41","4.878048780487804878048780488"
"2018-07-31T00:00:00.000","Whitman","WA","Truck","0","0","0","8770","8770","0"
"2019-01-31T00:00:00.000","Benton","WA","Truck","0","0","0","42894","42894","0"
"2018-12-31T00:00:00.000","Washoe","NV","Passenger","2","0","2","98","100","2.00"
"2019-05-31T00:00:00.000","Clark","NV","Passenger","2","1","3","643","646","0.4643962848297213622291021672"
"2018-08-31T00:00:00.000","NULL","NULL","Passenger","7","5","12","2234","2246","0.5342831700801424755120213713"
"2018-08-31T00:00:00.000","Jackson","OK","Passenger","1","0","1","40","41","2.439024390243902439024390244"
"2019-06-30T00:00:00.000","Norfolk City","VA","Passenger","3","1","4","360","364","1.098901098901098901098901099"
"2019-05-31T00:00:00.000","Clark","WA","Truck","0","0","0","82470","82470","0"
"2018-08-31T00:00:00.000","Adams","WA","Passenger","5","5","10","13059","13069","0.07651694850409365674496901064"
"2019-05-31T00:00:00.000","Clay","FL","Passenger","0","1","1","87","88","1.136363636363636363636363636"
"2019-06-30T00:00:00.000","Okanogan","WA","Truck","0","0","0","4178","4178","0"
"2019-07-31T00:00:00.000","Columbia","WA","Passenger","2","2","4","2510","2514","0.1591089896579156722354813047"
"2019-06-30T00:00:00.000","Ozaukee","WI","Passenger","0","1","1","3","4","25.00"
"2019-06-30T00:00:00.000","Howard","MD","Passenger","0","1","1","89","90","1.111111111111111111111111111"
"2018-08-31T00:00:00.000","Anne Arundel","MD","Passenger","0","2","2","463","465","0.4301075268817204301075268817"
"2019-01-31T00:00:00.000","Carson City","NV","Passenger","1","0","1","11","12","8.333333333333333333333333333"
"2018-08-31T00:00:00.000","Arlington","VA","Passenger","1","1","2","167","169","1.183431952662721893491124260"
"2019-06-30T00:00:00.000","Jefferson","CO","Passenger","0","2","2","60","62","3.225806451612903225806451613"
"2019-01-31T00:00:00.000","Charles","MD","Passenger","0","1","1","76","77","1.298701298701298701298701299"
"2018-08-31T00:00:00.000","Asotin","WA","Passenger","12","9","21","12939","12960","0.1620370370370370370370370370"
"2019-05-31T00:00:00.000","Cowlitz","WA","Passenger","107","124","231","74275","74506","0.3100421442568383754328510456"
"2019-06-30T00:00:00.000","Pinal","AZ","Passenger","1","0","1","165","166","0.6024096385542168674698795181"
"2019-05-31T00:00:00.000","Cowlitz","WA","Truck","0","0","0","29659","29659","0"
"2019-01-31T00:00:00.000","Clallam","WA","Truck","0","0","0","22212","22212","0"
"2019-05-31T00:00:00.000","Dale","AL","Passenger","0","1","1","65","66","1.515151515151515151515151515"
"2019-07-31T00:00:00.000","Douglas","NE","Passenger","0","1","1","58","59","1.694915254237288135593220339"
"2019-01-31T00:00:00.000","Anne Arundel","MD","Passenger","0","3","3","459","462","0.6493506493506493506493506494"
"2019-07-31T00:00:00.000","Douglas","OR","Passenger","1","0","1","47","48","2.083333333333333333333333333"
"2019-01-31T00:00:00.000","Asotin","WA","Passenger","13","10","23","13016","13039","0.1763938952373648285911496280"
"2019-01-31T00:00:00.000","Asotin","WA","Truck","0","0","0","6876","6876","0"
"2019-01-31T00:00:00.000","Cumberland","NC","Passenger","0","2","2","544","546","0.3663003663003663003663003663"
"2019-06-30T00:00:00.000","Saint Marys","MD","Passenger","1","0","1","199","200","0.500"
"2019-07-31T00:00:00.000","Ferry","WA","Passenger","5","2","7","4574","4581","0.1528050643964199956341410172"
"2019-06-30T00:00:00.000","San Diego","CA","Passenger","8","4","12","2742","2754","0.4357298474945533769063180828"
"2019-05-31T00:00:00.000","El Paso","TX","Passenger","2","0","2","491","493","0.4056795131845841784989858012"
"2019-06-30T00:00:00.000","Santa Clara","CA","Passenger","4","2","6","336","342","1.754385964912280701754385965"
"2018-08-31T00:00:00.000","Los Angeles","CA","Passenger","8","4","12","1127","1139","1.053555750658472344161545215"
"2019-06-30T00:00:00.000","Shelby","TN","Passenger","0","1","1","94","95","1.052631578947368421052631579"
"2019-07-31T00:00:00.000","Guadalupe","TX","Passenger","2","0","2","62","64","3.12500"
"2019-05-31T00:00:00.000","Fulton","GA","Passenger","1","2","3","101","104","2.884615384615384615384615385"
"2019-01-31T00:00:00.000","Broward","FL","Passenger","1","1","2","125","127","1.574803149606299212598425197"
"2019-07-31T00:00:00.000","Harrison","MS","Passenger","1","0","1","65","66","1.515151515151515151515151515"
"2019-05-31T00:00:00.000","Grant","WA","Passenger","42","64","106","66321","66427","0.1595736673340659671519111205"
"2019-05-31T00:00:00.000","Grant","WA","Truck","0","0","0","27513","27513","0"
"2019-06-30T00:00:00.000","Tulsa","OK","Passenger","0","1","1","39","40","2.500"
"2019-01-31T00:00:00.000","Glacier","MT","Passenger","0","1","1","3","4","25.00"
"2019-05-31T00:00:00.000","Grays Harbor","WA","Passenger","85","87","172","48741","48913","0.3516447570175617933882607896"
"2019-01-31T00:00:00.000","Caddo","LA","Passenger","1","1","2","20","22","9.090909090909090909090909091"
"2019-06-30T00:00:00.000","Marion","OR","Passenger","1","0","1","100","101","0.9900990099009900990099009901"
"2019-01-31T00:00:00.000","Grays Harbor","WA","Passenger","78","81","159","48396","48555","0.3274637009576768612913191226"
"2018-08-31T00:00:00.000","Monroe","IL","Passenger","1","0","1","4","5","20.0"
"2019-05-31T00:00:00.000","Hennepin","MN","Passenger","2","0","2","99","101","1.980198019801980198019801980"
"2019-07-31T00:00:00.000","NULL","CA","Passenger","1","2","3","250","253","1.185770750988142292490118577"
"2018-08-31T00:00:00.000","Moore","NC","Passenger","0","1","1","200","201","0.4975124378109452736318407960"
"2019-07-31T00:00:00.000","Allegheny","PA","Passenger","1","0","1","71","72","1.388888888888888888888888889"
"2018-08-31T00:00:00.000","Dallas","TX","Passenger","0","1","1","179","180","0.5555555555555555555555555556"
"2019-06-30T00:00:00.000","Multnomah","OR","Passenger","5","5","10","710","720","1.388888888888888888888888889"
"2019-07-31T00:00:00.000","Bell","TX","Passenger","0","1","1","448","449","0.2227171492204899777282850780"
"2019-07-31T00:00:00.000","King","WA","Passenger","20123","7423","27546","1410900","1438446","1.914983252760270458536503977"
"2018-08-31T00:00:00.000","Nueces","TX","Passenger","1","1","2","96","98","2.040816326530612244897959184"
"2019-05-31T00:00:00.000","Island","WA","Truck","0","0","0","21785","21785","0"
"2019-01-31T00:00:00.000","Cook","IL","Passenger","1","0","1","231","232","0.4310344827586206896551724138"
"2019-01-31T00:00:00.000","Hardin","KY","Passenger","0","1","1","107","108","0.9259259259259259259259259259"
"2018-08-31T00:00:00.000","Okanogan","NULL","Passenger","10","15","25","20468","20493","0.1219928756160640218611233104"
"2019-05-31T00:00:00.000","Jefferson","WA","Truck","0","0","0","9893","9893","0"
"2019-07-31T00:00:00.000","Bryan","GA","Passenger","1","0","1","58","59","1.694915254237288135593220339"
"2019-07-31T00:00:00.000","Lewis","WA","Passenger","108","102","210","60585","60795","0.3454231433506044905008635579"
"2019-07-31T00:00:00.000","Camden","GA","Passenger","0","1","1","160","161","0.6211180124223602484472049689"
"2019-06-30T00:00:00.000","Pierce","WA","Truck","0","0","0","143972","143972","0"
"2019-05-31T00:00:00.000","Klickitat","WA","Truck","0","0","0","8498","8498","0"
"2019-07-31T00:00:00.000","Carson City","NV","Passenger","1","0","1","10","11","9.090909090909090909090909091"
"2019-01-31T00:00:00.000","Kittitas","WA","Truck","0","0","0","14754","14754","0"
"2019-01-31T00:00:00.000","Klickitat","WA","Truck","0","0","0","8501","8501","0"
"2019-07-31T00:00:00.000","Maricopa","AZ","Passenger","6","3","9","1296","1305","0.6896551724137931034482758621"
"2018-08-31T00:00:00.000","Franklin","WA","Passenger","45","67","112","59637","59749","0.1874508359972551841871830491"
"2018-08-31T00:00:00.000","Frederick","MD","Passenger","0","1","1","88","89","1.123595505617977528089887640"
"2019-06-30T00:00:00.000","Riverside","CA","Passenger","0","1","1","630","631","0.1584786053882725832012678288"
"2019-07-31T00:00:00.000","Mason","WA","Truck","0","0","0","21035","21035","0"
"2019-05-31T00:00:00.000","Larimer","CO","Passenger","0","1","1","47","48","2.083333333333333333333333333"
"2018-08-31T00:00:00.000","Ramsey","MN","Passenger","1","0","1","37","38","2.631578947368421052631578947"
"2018-08-31T00:00:00.000","Gallatin","MT","Passenger","0","1","1","56","57","1.754385964912280701754385965"
"2019-07-31T00:00:00.000","Clackamas","OR","Passenger","0","1","1","193","194","0.5154639175257731958762886598"
"2019-01-31T00:00:00.000","Ferry","WA","Passenger","3","2","5","4577","4582","0.1091226538629419467481449149"
"2019-01-31T00:00:00.000","Larimer","CO","Passenger","0","1","1","46","47","2.127659574468085106382978723"
"2019-01-31T00:00:00.000","Ferry","WA","Truck","0","0","0","3773","3773","0"
"2019-06-30T00:00:00.000","San Juan","WA","Truck","0","0","0","6052","6052","0"
"2019-01-31T00:00:00.000","Franklin","WA","Truck","0","0","0","19797","19797","0"
"2019-01-31T00:00:00.000","Fresno","CA","Passenger","1","0","1","182","183","0.5464480874316939890710382514"
"2019-07-31T00:00:00.000","Muscogee","GA","Passenger","0","1","1","186","187","0.5347593582887700534759358289"
"2018-08-31T00:00:00.000","Saint Lucie","FL","Passenger","1","0","1","26","27","3.703703703703703703703703704"
"2018-08-31T00:00:00.000","Hardin","KY","Passenger","0","1","1","122","123","0.8130081300813008130081300813"
"2019-07-31T00:00:00.000","Norfolk City","VA","Passenger","3","1","4","363","367","1.089918256130790190735694823"
"2019-01-31T00:00:00.000","Gallatin","MT","Passenger","0","1","1","55","56","1.785714285714285714285714286"
"2018-08-31T00:00:00.000","San Mateo","CA","Passenger","1","1","2","138","140","1.428571428571428571428571429"
"2019-07-31T00:00:00.000","District Of Columbia","DC","Passenger","1","2","3","214","217","1.382488479262672811059907834"
"2019-07-31T00:00:00.000","Oldham","KY","Passenger","0","1","1","4","5","20.0"
"2019-05-31T00:00:00.000","Montgomery","MD","Passenger","1","4","5","279","284","1.760563380281690140845070423"
"2019-07-31T00:00:00.000","Orange","CA","Passenger","5","1","6","520","526","1.140684410646387832699619772"
"2018-08-31T00:00:00.000","Honolulu","HI","Passenger","2","1","3","508","511","0.5870841487279843444227005871"
"2019-07-31T00:00:00.000","Flathead","MT","Passenger","1","0","1","54","55","1.818181818181818181818181818"
"2019-06-30T00:00:00.000","Volusia","FL","Passenger","0","1","1","31","32","3.12500"
"2019-05-31T00:00:00.000","Oklahoma","OK","Passenger","0","2","2","116","118","1.694915254237288135593220339"
"2019-07-31T00:00:00.000","Pacific","WA","Passenger","35","33","68","16280","16348","0.4159530217763640812331783704"
"2019-06-30T00:00:00.000","Westchester","NY","Passenger","0","1","1","29","30","3.333333333333333333333333333"
"2018-08-31T00:00:00.000","Skagit","WA","Truck","1","0","1","33186","33187","0.003013228071232711603941302317"
"2019-07-31T00:00:00.000","Garfield","WA","Truck","0","0","0","985","985","0"
"2019-07-31T00:00:00.000","Goochland","VA","Passenger","1","1","2","186","188","1.063829787234042553191489362"
"2019-07-31T00:00:00.000","Pierce","WA","Passenger","2105","1676","3781","554668","558449","0.6770537685625724103722989924"
"2019-05-31T00:00:00.000","Pinellas","FL","Passenger","1","0","1","91","92","1.086956521739130434782608696"
"2019-01-31T00:00:00.000","Oklahoma","OK","Passenger","0","1","1","117","118","0.8474576271186440677966101695"
"2019-07-31T00:00:00.000","Harnett","NC","Passenger","0","1","1","200","201","0.4975124378109452736318407960"
"2019-01-31T00:00:00.000","Ozaukee","WI","Passenger","0","1","1","3","4","25.00"
"2018-08-31T00:00:00.000","King","WA","Truck","8","1","9","187969","187978","0.004787794316356169338965198055"
"2019-01-31T00:00:00.000","Pend Oreille","WA","Passenger","6","5","11","9879","9890","0.1112234580384226491405460061"
"2019-07-31T00:00:00.000","Asotin","WA","Truck","0","0","0","6890","6890","0"
"2018-08-31T00:00:00.000","Tuolumne","CA","Passenger","0","1","1","12","13","7.692307692307692307692307692"
"2019-07-31T00:00:00.000","Boone","MO","Passenger","0","1","1","7","8","12.500"
"2019-05-31T00:00:00.000","Saint Lucie","FL","Passenger","1","0","1","24","25","4.00"
"2019-07-31T00:00:00.000","Broward","FL","Passenger","1","1","2","121","123","1.626016260162601626016260163"
"2018-08-31T00:00:00.000","Larimer","CO","Passenger","0","1","1","50","51","1.960784313725490196078431373"
"2019-07-31T00:00:00.000","Jefferson","WA","Passenger","214","129","343","25475","25818","1.328530482609032457975056162"
"2019-07-31T00:00:00.000","San Diego","CA","Passenger","8","5","13","2774","2787","0.4664513814137064944384642985"
"2019-05-31T00:00:00.000","San Francisco","CA","Passenger","2","1","3","103","106","2.830188679245283018867924528"
"2018-08-31T00:00:00.000","Latah","ID","Passenger","0","1","1","74","75","1.333333333333333333333333333"
"2019-07-31T00:00:00.000","Caddo","LA","Passenger","1","1","2","20","22","9.090909090909090909090909091"
"2019-07-31T00:00:00.000","Santa Rosa","FL","Passenger","1","0","1","84","85","1.176470588235294117647058824"
"2019-07-31T00:00:00.000","Kent","DE","Passenger","0","1","1","73","74","1.351351351351351351351351351"
"2019-05-31T00:00:00.000","Sangamon","IL","Passenger","1","0","1","7","8","12.500"
"2019-07-31T00:00:00.000","Sarasota","FL","Passenger","1","0","1","22","23","4.347826086956521739130434783"
"2019-01-31T00:00:00.000","Saint Louis","MO","Passenger","1","0","1","79","80","1.2500"
"2019-07-31T00:00:00.000","Kitsap","WA","Passenger","1169","650","1819","184239","186058","0.9776521299809736748755764332"
"2019-05-31T00:00:00.000","Santa Cruz","CA","Passenger","1","0","1","37","38","2.631578947368421052631578947"
"2019-07-31T00:00:00.000","Kitsap","WA","Truck","1","0","1","55393","55394","0.001805249666028811784669819836"
"2018-08-31T00:00:00.000","Lewis","WA","Truck","0","0","0","26455","26455","0"
"2019-07-31T00:00:00.000","Kittitas","WA","Truck","0","0","0","14939","14939","0"
"2019-07-31T00:00:00.000","Cascade","MT","Passenger","0","1","1","62","63","1.587301587301587301587301587"
"2019-07-31T00:00:00.000","Klamath","OR","Passenger","1","0","1","26","27","3.703703703703703703703703704"
"2018-08-31T00:00:00.000","Liberty","GA","Passenger","1","0","1","152","153","0.6535947712418300653594771242"
"2018-08-31T00:00:00.000","Washoe","NV","Passenger","1","0","1","100","101","0.9900990099009900990099009901"
"2019-07-31T00:00:00.000","Chaves","NM","Passenger","1","0","1","8","9","11.11111111111111111111111111"
"2019-07-31T00:00:00.000","Kootenai","ID","Passenger","1","1","2","196","198","1.010101010101010101010101010"
"2019-05-31T00:00:00.000","Spokane","WA","Passenger","566","453","1019","318135","319154","0.3192816007319350532971543518"
"2019-07-31T00:00:00.000","Skamania","WA","Truck","0","0","0","4234","4234","0"
"2019-05-31T00:00:00.000","Spokane","WA","Truck","1","0","1","97830","97831","0.001022170886528809886436814507"
"2019-07-31T00:00:00.000","Columbia","WA","Truck","0","0","0","1597","1597","0"
"2019-07-31T00:00:00.000","Cook","IL","Passenger","2","0","2","225","227","0.8810572687224669603524229075"
"2019-01-31T00:00:00.000","Sumter","FL","Passenger","0","1","1","9","10","10.0"
"2018-08-31T00:00:00.000","Madison","ID","Passenger","1","0","1","34","35","2.857142857142857142857142857"
"2019-07-31T00:00:00.000","Twin Falls","ID","Passenger","0","1","1","22","23","4.347826086956521739130434783"
"2019-07-31T00:00:00.000","Maui","HI","Passenger","1","0","1","44","45","2.222222222222222222222222222"
"2018-08-31T00:00:00.000","Manatee","FL","Passenger","1","0","1","33","34","2.941176470588235294117647059"
"2018-08-31T00:00:00.000","Yakima","WA","Passenger","79","100","179","168652","168831","0.1060231829462598693367924137"
"2019-01-31T00:00:00.000","Travis","TX","Passenger","1","1","2","182","184","1.086956521739130434782608696"
"2019-05-31T00:00:00.000","Thurston","WA","Passenger","935","675","1610","200327","201937","0.7972783590921921193243437310"
"2019-07-31T00:00:00.000","Wahkiakum","WA","Truck","0","0","0","1808","1808","0"
"2019-07-31T00:00:00.000","Dekalb","GA","Passenger","1","0","1","71","72","1.388888888888888888888888889"
"2019-07-31T00:00:00.000","Mecklenburg","NC","Passenger","1","0","1","86","87","1.149425287356321839080459770"
"2019-01-31T00:00:00.000","Ventura","CA","Passenger","0","2","2","319","321","0.6230529595015576323987538941"
"2019-01-31T00:00:00.000","Wahkiakum","WA","Passenger","2","2","4","3056","3060","0.1307189542483660130718954248"
"2018-09-30T00:00:00.000","NULL","WA","Truck","0","0","0","4","4","0"
"2019-01-31T00:00:00.000","Madison","ID","Passenger","1","0","1","35","36","2.777777777777777777777777778"
"2018-09-30T00:00:00.000","Adams","WA","Truck","0","0","0","5393","5393","0"
"2019-05-31T00:00:00.000","Ventura","CA","Passenger","0","2","2","318","320","0.62500"
"2019-07-31T00:00:00.000","Whatcom","WA","Truck","2","0","2","43974","43976","0.004547935237402219392395852283"
"2019-05-31T00:00:00.000","Walla Walla","WA","Truck","0","0","0","14067","14067","0"
"2019-07-31T00:00:00.000","Duval","FL","Passenger","1","1","2","359","361","0.5540166204986149584487534626"
"2019-01-31T00:00:00.000","Maricopa","AZ","Passenger","4","2","6","1362","1368","0.4385964912280701754385964912"
"2019-05-31T00:00:00.000","Wayne","MI","Passenger","0","1","1","66","67","1.492537313432835820895522388"
"2019-08-31T00:00:00.000","NULL","NULL","Passenger","9","6","15","2017","2032","0.7381889763779527559055118110"
"2018-09-30T00:00:00.000","Arlington","VA","Passenger","1","1","2","164","166","1.204819277108433734939759036"
"2019-07-31T00:00:00.000","Ferry","WA","Truck","0","0","0","3755","3755","0"
"2019-01-31T00:00:00.000","Yakima","WA","Truck","0","0","0","61353","61353","0"
"2019-07-31T00:00:00.000","Palm Beach","FL","Passenger","0","1","1","70","71","1.408450704225352112676056338"
"2019-08-31T00:00:00.000","Adams","WA","Passenger","5","5","10","13194","13204","0.07573462587094819751590427143"
"2019-08-31T00:00:00.000","Anne Arundel","MD","Passenger","1","3","4","435","439","0.9111617312072892938496583144"
"2019-07-31T00:00:00.000","Franklin","WA","Truck","0","0","0","19970","19970","0"
"2019-05-31T00:00:00.000","Westchester","NY","Passenger","0","1","1","29","30","3.333333333333333333333333333"
"2018-09-30T00:00:00.000","Benton","WA","Truck","0","0","0","42624","42624","0"
"2019-08-31T00:00:00.000","Asotin","WA","Passenger","13","8","21","12964","12985","0.1617250673854447439353099730"
"2018-08-31T00:00:00.000","Monterey","CA","Passenger","0","2","2","202","204","0.9803921568627450980392156863"
"2019-02-28T00:00:00.000","NULL","NULL","Passenger","8","6","14","2144","2158","0.6487488415199258572752548656"
"2019-07-31T00:00:00.000","Garfield","WA","Passenger","1","1","2","1328","1330","0.1503759398496240601503759398"
"2018-08-31T00:00:00.000","Montgomery","PA","Passenger","2","0","2","25","27","7.407407407407407407407407407"
"2019-01-31T00:00:00.000","Monroe","IL","Passenger","1","0","1","3","4","25.00"
"2019-02-28T00:00:00.000","Adams","WA","Passenger","4","6","10","13071","13081","0.07644675483525724333002064062"
"2019-01-31T00:00:00.000","Monterey","CA","Passenger","0","1","1","207","208","0.4807692307692307692307692308"
"2019-06-30T00:00:00.000","Allegheny","PA","Passenger","1","0","1","71","72","1.388888888888888888888888889"
"2019-02-28T00:00:00.000","Anne Arundel","MD","Passenger","0","3","3","453","456","0.6578947368421052631578947368"
"2018-08-31T00:00:00.000","Multnomah","OR","Passenger","3","5","8","769","777","1.029601029601029601029601030"
"2019-07-31T00:00:00.000","Saint Louis","MO","Passenger","1","0","1","76","77","1.298701298701298701298701299"
"2019-01-31T00:00:00.000","Moore","NC","Passenger","0","1","1","193","194","0.5154639175257731958762886598"
"2019-02-28T00:00:00.000","Asotin","WA","Passenger","13","10","23","12974","12997","0.1769639147495575902131261060"
"2019-01-31T00:00:00.000","New Castle","DE","Passenger","1","0","1","23","24","4.166666666666666666666666667"
"2019-08-31T00:00:00.000","Calvert","MD","Passenger","0","2","2","91","93","2.150537634408602150537634409"
"2019-01-31T00:00:00.000","Nueces","TX","Passenger","1","1","2","94","96","2.083333333333333333333333333"
"2018-08-31T00:00:00.000","Okanogan","WA","Truck","0","0","0","4302","4302","0"
"2018-08-31T00:00:00.000","Oklahoma","OK","Passenger","0","1","1","120","121","0.8264462809917355371900826446"
"2018-09-30T00:00:00.000","Charles","MD","Passenger","0","1","1","82","83","1.204819277108433734939759036"
"2019-06-30T00:00:00.000","Calvert","MD","Passenger","0","2","2","92","94","2.127659574468085106382978723"
"2019-07-31T00:00:00.000","Shasta","CA","Passenger","1","0","1","41","42","2.380952380952380952380952381"
"2018-08-31T00:00:00.000","Ozaukee","WI","Passenger","0","1","1","4","5","20.0"
"2019-07-31T00:00:00.000","Skagit","WA","Passenger","342","230","572","93969","94541","0.6050285061507705651516273363"
"2019-02-28T00:00:00.000","Calvert","MD","Passenger","0","1","1","93","94","1.063829787234042553191489362"
"2019-08-31T00:00:00.000","Contra Costa","CA","Passenger","1","0","1","198","199","0.5025125628140703517587939698"
"2019-06-30T00:00:00.000","Charles","MD","Passenger","0","1","1","83","84","1.190476190476190476190476190"
"2019-07-31T00:00:00.000","Snohomish","WA","Passenger","3727","1726","5453","541646","547099","0.9967117468684826694985733843"
"2019-06-30T00:00:00.000","Chelan","WA","Passenger","157","70","227","55540","55767","0.4070507647892122581454982337"
"2019-07-31T00:00:00.000","Snohomish","WA","Truck","0","0","0","126325","126325","0"
"2018-08-31T00:00:00.000","Pierce","WA","Truck","0","0","0","142522","142522","0"
"2018-09-30T00:00:00.000","Clallam","WA","Truck","0","0","0","22064","22064","0"
"2018-08-31T00:00:00.000","Pinal","AZ","Passenger","2","0","2","175","177","1.129943502824858757062146893"
"2019-08-31T00:00:00.000","Douglas","WA","Passenger","62","36","98","28749","28847","0.3397233681145353069643290463"
"2019-07-31T00:00:00.000","Stevens","WA","Passenger","22","33","55","32571","32626","0.1685772083614295347269049225"
"2019-06-30T00:00:00.000","Clallam","WA","Truck","1","0","1","22251","22252","0.004493978069387021391335610282"
"2019-06-30T00:00:00.000","Clay","FL","Passenger","0","1","1","88","89","1.123595505617977528089887640"
"2018-09-30T00:00:00.000","Clark","WA","Passenger","1196","820","2016","315385","317401","0.6351586793992457490682133957"
"2019-07-31T00:00:00.000","Stevens","WA","Truck","0","0","0","19411","19411","0"
"2019-08-31T00:00:00.000","Dupage","IL","Passenger","2","0","2","50","52","3.846153846153846153846153846"
"2019-07-31T00:00:00.000","Los Angeles","CA","Passenger","8","4","12","1072","1084","1.107011070110701107011070111"
"2019-08-31T00:00:00.000","Fairfax","VA","Passenger","3","3","6","741","747","0.8032128514056224899598393574"
"2018-09-30T00:00:00.000","Cochise","AZ","Passenger","0","1","1","126","127","0.7874015748031496062992125984"
"2019-07-31T00:00:00.000","Sumter","FL","Passenger","0","1","1","9","10","10.0"
"2019-02-28T00:00:00.000","Contra Costa","CA","Passenger","1","0","1","202","203","0.4926108374384236453201970443"
"2019-07-31T00:00:00.000","Travis","TX","Passenger","1","1","2","174","176","1.136363636363636363636363636"
"2019-06-30T00:00:00.000","Dekalb","GA","Passenger","1","0","1","74","75","1.333333333333333333333333333"
"2019-08-31T00:00:00.000","Franklin","WA","Passenger","57","78","135","61482","61617","0.2190953795218851940211305322"
"2019-06-30T00:00:00.000","Douglas","WA","Passenger","58","37","95","28624","28719","0.3307914620982624743201364950"
"2019-06-30T00:00:00.000","Douglas","WA","Truck","0","0","0","12514","12514","0"
"2019-07-31T00:00:00.000","Mason","OR","Passenger","2","0","2","9","11","18.18181818181818181818181818"
"2019-02-28T00:00:00.000","Douglas","WA","Passenger","53","34","87","28561","28648","0.3036861211951968723820161966"
"2018-08-31T00:00:00.000","Riverside","CA","Passenger","0","2","2","683","685","0.2919708029197080291970802920"
"2019-02-28T00:00:00.000","Dupage","IL","Passenger","1","0","1","55","56","1.785714285714285714285714286"
"2019-06-30T00:00:00.000","Dupage","IL","Passenger","1","0","1","52","53","1.886792452830188679245283019"
"2019-01-31T00:00:00.000","San Juan","WA","Passenger","193","70","263","14602","14865","1.769256643121426168853010427"
"2019-01-31T00:00:00.000","San Mateo","CA","Passenger","2","1","3","130","133","2.255639097744360902255639098"
"2018-09-30T00:00:00.000","Dallas","TX","Passenger","0","1","1","177","178","0.5617977528089887640449438202"
"2019-02-28T00:00:00.000","Fairfax","VA","Passenger","3","3","6","784","790","0.7594936708860759493670886076"
"2019-06-30T00:00:00.000","Fairfax","VA","Passenger","3","3","6","752","758","0.7915567282321899736147757256"
"2019-01-31T00:00:00.000","Santa Fe","NM","Passenger","0","1","1","37","38","2.631578947368421052631578947"
"2019-08-31T00:00:00.000","Guilford","NC","Passenger","1","0","1","30","31","3.225806451612903225806451613"
"2019-07-31T00:00:00.000","Yakima","WA","Truck","0","0","0","61568","61568","0"
"2019-07-31T00:00:00.000","Monroe","IL","Passenger","1","0","1","4","5","20.0"
"2019-02-28T00:00:00.000","Franklin","WA","Passenger","58","71","129","60585","60714","0.2124715881015910663109002866"
"2019-08-31T00:00:00.000","Ada","ID","Passenger","0","2","2","279","281","0.7117437722419928825622775801"
"2018-08-31T00:00:00.000","Saint Marys","MD","Passenger","1","0","1","208","209","0.4784688995215311004784688995"
"2019-08-31T00:00:00.000","Harris","TX","Passenger","1","1","2","226","228","0.8771929824561403508771929825"
"2019-08-31T00:00:00.000","Alameda","CA","Passenger","4","1","5","284","289","1.730103806228373702422145329"
"2018-09-30T00:00:00.000","El Paso","CO","Passenger","2","1","3","749","752","0.3989361702127659574468085106"
"2019-07-31T00:00:00.000","Moore","NC","Passenger","0","1","1","185","186","0.5376344086021505376344086022"
"2018-08-31T00:00:00.000","Santa Clara","CA","Passenger","8","0","8","370","378","2.116402116402116402116402116"
"2019-02-28T00:00:00.000","Guilford","NC","Passenger","1","0","1","26","27","3.703703703703703703703703704"
"2019-02-28T00:00:00.000","Gwinnett","GA","Passenger","0","1","1","76","77","1.298701298701298701298701299"
"2019-07-31T00:00:00.000","Nueces","TX","Passenger","1","1","2","93","95","2.105263157894736842105263158"
"2019-08-31T00:00:00.000","Bexar","TX","Passenger","2","6","8","604","612","1.307189542483660130718954248"
"2019-08-31T00:00:00.000","Honolulu","HI","Passenger","3","0","3","454","457","0.6564551422319474835886214442"
"2019-02-28T00:00:00.000","Harris","TX","Passenger","0","1","1","231","232","0.4310344827586206896551724138"
"2019-07-31T00:00:00.000","Okanogan","NULL","Passenger","21","19","40","20735","20775","0.1925391095066185318892900120"
"2019-08-31T00:00:00.000","Howard","MD","Passenger","0","1","1","89","90","1.111111111111111111111111111"
"2019-02-28T00:00:00.000","Honolulu","HI","Passenger","2","1","3","478","481","0.6237006237006237006237006237"
"2019-06-30T00:00:00.000","Island","WA","Passenger","335","253","588","64520","65108","0.9031148245991276033667137679"
"2019-06-30T00:00:00.000","Island","WA","Truck","0","0","0","21803","21803","0"
"2019-08-31T00:00:00.000","Island","WA","Passenger","355","258","613","64572","65185","0.9404003988647695021860857559"
"2018-09-30T00:00:00.000","Frederick","MD","Passenger","0","1","1","90","91","1.098901098901098901098901099"
"2019-02-28T00:00:00.000","Howard","MD","Passenger","0","1","1","96","97","1.030927835051546391752577320"
"2019-02-28T00:00:00.000","Island","WA","Passenger","309","245","554","64367","64921","0.8533448344911507832596540411"
"2019-08-31T00:00:00.000","Chelan","WA","Truck","0","0","0","22976","22976","0"
"2018-09-30T00:00:00.000","Garfield","OK","Passenger","1","0","1","16","17","5.882352941176470588235294118"
"2019-06-30T00:00:00.000","Jefferson","NY","Passenger","0","1","1","230","231","0.4329004329004329004329004329"
"2019-06-30T00:00:00.000","Jefferson","WA","Truck","0","0","0","9890","9890","0"
"2019-08-31T00:00:00.000","Clark","WA","Truck","0","0","0","82998","82998","0"
"2019-08-31T00:00:00.000","Juneau","AK","Passenger","0","1","1","24","25","4.00"
"2019-08-31T00:00:00.000","Clay","FL","Passenger","0","1","1","83","84","1.190476190476190476190476190"
"2019-02-28T00:00:00.000","Juneau","AK","Passenger","0","1","1","33","34","2.941176470588235294117647059"
"2019-06-30T00:00:00.000","Juneau","AK","Passenger","0","1","1","24","25","4.00"
"2019-07-31T00:00:00.000","Ramsey","MN","Passenger","1","0","1","34","35","2.857142857142857142857142857"
"2019-08-31T00:00:00.000","Kitsap","WA","Truck","1","0","1","55404","55405","0.001804891255301868062449237433"
"2019-07-31T00:00:00.000","Saginaw","MI","Passenger","1","0","1","11","12","8.333333333333333333333333333"
"2019-02-28T00:00:00.000","Kitsap","WA","Truck","1","0","1","55098","55099","0.001814914971233597705947476361"
"2019-01-31T00:00:00.000","Valencia","NM","Passenger","1","0","1","7","8","12.500"
"2019-06-30T00:00:00.000","Kent","DE","Passenger","0","1","1","73","74","1.351351351351351351351351351"
"2019-08-31T00:00:00.000","Cowlitz","WA","Passenger","117","123","240","74583","74823","0.3207569864881119441882843511"
"2019-06-30T00:00:00.000","Kitsap","WA","Truck","1","0","1","55380","55381","0.001805673425904190968021523627"
"2018-08-31T00:00:00.000","Tulsa","OK","Passenger","0","1","1","42","43","2.325581395348837209302325581"
"2019-08-31T00:00:00.000","Cowlitz","WA","Truck","0","0","0","29693","29693","0"
"2019-06-30T00:00:00.000","Kootenai","ID","Passenger","1","1","2","198","200","1.00"
"2019-08-31T00:00:00.000","Lewis","WA","Truck","0","0","0","26779","26779","0"
"2019-07-31T00:00:00.000","San Mateo","CA","Passenger","2","1","3","117","120","2.500"
"2019-02-28T00:00:00.000","Lewis","WA","Truck","0","0","0","26569","26569","0"
"2018-08-31T00:00:00.000","Volusia","FL","Passenger","0","1","1","31","32","3.12500"
"2019-02-28T00:00:00.000","Lincoln","WA","Truck","0","0","0","4805","4805","0"
"2019-08-31T00:00:00.000","Denver","CO","Passenger","1","0","1","116","117","0.8547008547008547008547008547"
"2019-08-31T00:00:00.000","Lincoln","WA","Truck","0","0","0","4818","4818","0"
"2019-07-31T00:00:00.000","Santa Barbara","CA","Passenger","1","0","1","96","97","1.030927835051546391752577320"
"2019-07-31T00:00:00.000","Santa Cruz","CA","Passenger","1","0","1","36","37","2.702702702702702702702702703"
"2019-06-30T00:00:00.000","Lincoln","WA","Truck","0","0","0","4805","4805","0"
"2019-01-31T00:00:00.000","Yakima","WA","Passenger","94","109","203","169474","169677","0.1196390789558985602055670480"
"2019-08-31T00:00:00.000","El Paso","TX","Passenger","2","0","2","489","491","0.4073319755600814663951120163"
"2019-07-31T00:00:00.000","Skagit","WA","Truck","1","0","1","33441","33442","0.002990251779199808623886131212"
"2019-06-30T00:00:00.000","Los Angeles","CA","Passenger","8","4","12","1063","1075","1.116279069767441860465116279"
"2019-02-28T00:00:00.000","Marion","OR","Passenger","1","0","1","100","101","0.9900990099009900990099009901"
"2019-02-28T00:00:00.000","Ada","ID","Passenger","0","2","2","285","287","0.6968641114982578397212543554"
"2019-08-31T00:00:00.000","Fulton","GA","Passenger","0","2","2","97","99","2.020202020202020202020202020"
"2019-02-28T00:00:00.000","Alameda","CA","Passenger","1","2","3","309","312","0.9615384615384615384615384615"
"2019-08-31T00:00:00.000","Montgomery","PA","Passenger","2","0","2","25","27","7.407407407407407407407407407"
"2018-09-30T00:00:00.000","Klickitat","WA","Passenger","28","34","62","15717","15779","0.3929273084479371316306483301"
"2019-08-31T00:00:00.000","Nassau","NY","Passenger","2","0","2","31","33","6.060606060606060606060606061"
"2019-07-31T00:00:00.000","Tuolumne","CA","Passenger","0","1","1","11","12","8.333333333333333333333333333"
"2019-02-28T00:00:00.000","Montgomery","PA","Passenger","2","0","2","25","27","7.407407407407407407407407407"
"2019-06-30T00:00:00.000","Montgomery","MD","Passenger","1","4","5","281","286","1.748251748251748251748251748"
"2019-07-31T00:00:00.000","Valencia","NM","Passenger","1","0","1","4","5","20.0"
"2019-08-31T00:00:00.000","Grant","WA","Passenger","48","66","114","66861","66975","0.1702127659574468085106382979"
"2019-02-28T00:00:00.000","Nassau","NY","Passenger","2","0","2","31","33","6.060606060606060606060606061"
"2019-06-30T00:00:00.000","Nassau","NY","Passenger","2","0","2","32","34","5.882352941176470588235294118"
"2019-08-31T00:00:00.000","Grant","WA","Truck","0","0","0","27672","27672","0"
"2019-08-31T00:00:00.000","Okanogan","WA","Truck","0","0","0","4155","4155","0"
"2019-02-28T00:00:00.000","Bexar","TX","Passenger","3","4","7","661","668","1.047904191616766467065868263"
"2019-08-31T00:00:00.000","Grays Harbor","WA","Passenger","101","89","190","48965","49155","0.3865323975180551317261723121"
"2019-02-28T00:00:00.000","Okanogan","WA","Truck","0","0","0","4259","4259","0"
"2019-07-31T00:00:00.000","Washoe","NV","Passenger","2","0","2","91","93","2.150537634408602150537634409"
"2018-09-30T00:00:00.000","Latah","ID","Passenger","0","1","1","72","73","1.369863013698630136986301370"
"2019-06-30T00:00:00.000","Pacific","WA","Truck","0","0","0","7858","7858","0"
"2019-08-31T00:00:00.000","Pierce","WA","Truck","0","0","0","144375","144375","0"
"2019-07-31T00:00:00.000","Westchester","NY","Passenger","0","1","1","30","31","3.225806451612903225806451613"
"2019-06-30T00:00:00.000","Palm Beach","FL","Passenger","0","1","1","71","72","1.388888888888888888888888889"
"2018-09-30T00:00:00.000","Liberty","GA","Passenger","1","0","1","153","154","0.6493506493506493506493506494"
"2019-02-28T00:00:00.000","Pierce","WA","Truck","0","0","0","143358","143358","0"
"2019-06-30T00:00:00.000","Pima","AZ","Passenger","0","1","1","360","361","0.2770083102493074792243767313"
"2018-09-30T00:00:00.000","Lincoln","WA","Passenger","4","7","11","7971","7982","0.1378100726634928589325983463"
"2019-07-31T00:00:00.000","Yakima","WA","Passenger","120","116","236","169854","170090","0.1387500734905050267505438297"
"2019-06-30T00:00:00.000","Polk","FL","Passenger","1","0","1","69","70","1.428571428571428571428571429"
"2019-02-28T00:00:00.000","Chelan","WA","Passenger","146","69","215","55436","55651","0.3863362742807856103214677185"
"2019-08-31T00:00:00.000","Island","WA","Truck","0","0","0","21807","21807","0"
"2019-02-28T00:00:00.000","Chelan","WA","Truck","0","0","0","22766","22766","0"
"2019-08-31T00:00:00.000","Saint Marys","MD","Passenger","1","0","1","200","201","0.4975124378109452736318407960"
"2019-08-31T00:00:00.000","Santa Clara","CA","Passenger","3","2","5","337","342","1.461988304093567251461988304"
"2019-08-31T00:00:00.000","Kent","MI","Passenger","0","1","1","21","22","4.545454545454545454545454545"
"2019-08-31T00:00:00.000","Benton","WA","Truck","0","0","0","43338","43338","0"
"2019-02-28T00:00:00.000","Clark","WA","Truck","0","0","0","82313","82313","0"
"2019-08-31T00:00:00.000","Kern","CA","Passenger","1","1","2","230","232","0.8620689655172413793103448276"
"2019-02-28T00:00:00.000","Clay","FL","Passenger","0","1","1","83","84","1.190476190476190476190476190"
"2019-08-31T00:00:00.000","Shasta","CA","Passenger","1","0","1","42","43","2.325581395348837209302325581"
"2019-08-31T00:00:00.000","King","WA","Passenger","20503","7523","28026","1412476","1440502","1.945571752069764568185257639"
"2019-06-30T00:00:00.000","San Francisco","CA","Passenger","2","1","3","101","104","2.884615384615384615384615385"
"2019-02-28T00:00:00.000","Saint Marys","MD","Passenger","1","0","1","198","199","0.5025125628140703517587939698"
"2019-08-31T00:00:00.000","King","WA","Truck","7","1","8","186857","186865","0.004281165547320257940224226046"
"2019-08-31T00:00:00.000","Klickitat","WA","Truck","0","0","0","8536","8536","0"
"2019-06-30T00:00:00.000","Santa Cruz","CA","Passenger","1","0","1","38","39","2.564102564102564102564102564"
"2019-02-28T00:00:00.000","Santa Clara","CA","Passenger","8","1","9","348","357","2.521008403361344537815126050"
"2019-08-31T00:00:00.000","Caddo","LA","Passenger","1","1","2","18","20","10.0"
"2019-08-31T00:00:00.000","Larimer","CO","Passenger","0","1","1","46","47","2.127659574468085106382978723"
"2018-09-30T00:00:00.000","Clark","WA","Truck","0","0","0","81675","81675","0"
"2019-06-30T00:00:00.000","Skamania","WA","Passenger","25","18","43","8965","9008","0.4773534635879218472468916519"
"2019-02-28T00:00:00.000","Shasta","CA","Passenger","1","0","1","46","47","2.127659574468085106382978723"
"2019-06-30T00:00:00.000","Spokane","WA","Passenger","577","464","1041","318951","319992","0.3253206330158253956348908723"
"2019-08-31T00:00:00.000","Cascade","MT","Passenger","0","1","1","61","62","1.612903225806451612903225806"
"2019-08-31T00:00:00.000","Charles","MD","Passenger","0","1","1","82","83","1.204819277108433734939759036"
"2019-08-31T00:00:00.000","Lewis","WA","Passenger","113","102","215","60557","60772","0.3537813466728098466398999539"
"2019-02-28T00:00:00.000","Cowlitz","WA","Passenger","94","115","209","73806","74015","0.2823751942173883672228602310"
"2019-08-31T00:00:00.000","Tulsa","OK","Passenger","0","1","1","40","41","2.439024390243902439024390244"
"2019-08-31T00:00:00.000","Chaves","NM","Passenger","1","0","1","9","10","10.0"
"2019-02-28T00:00:00.000","Cowlitz","WA","Truck","0","0","0","29559","29559","0"
"2018-09-30T00:00:00.000","Okanogan","WA","Passenger","1","5","6","6393","6399","0.09376465072667604313173933427"
"2018-09-30T00:00:00.000","Columbia","WA","Truck","0","0","0","1587","1587","0"
"2019-08-31T00:00:00.000","Walla Walla","WA","Passenger","56","64","120","36969","37089","0.3235460648709860066326943299"
"2019-08-31T00:00:00.000","Chelan","WA","Passenger","166","74","240","55619","55859","0.4296532340356970228611324943"
"2019-06-30T00:00:00.000","Vigo","IN","Passenger","1","0","1","4","5","20.0"
"2019-02-28T00:00:00.000","Tulsa","OK","Passenger","0","1","1","43","44","2.272727272727272727272727273"
"2019-02-28T00:00:00.000","Denver","CO","Passenger","1","0","1","121","122","0.8196721311475409836065573770"
"2019-06-30T00:00:00.000","Walla Walla","WA","Passenger","49","62","111","36930","37041","0.2996679355308981938932534219"
"2018-09-30T00:00:00.000","Cowlitz","WA","Passenger","76","95","171","73386","73557","0.2324727762143643704881928301"
"2019-06-30T00:00:00.000","Walla Walla","WA","Truck","0","0","0","14037","14037","0"
"2019-02-28T00:00:00.000","Walla Walla","WA","Passenger","44","55","99","36804","36903","0.2682708722868059507357125437"
"2019-08-31T00:00:00.000","Whitman","WA","Passenger","35","48","83","23135","23218","0.3574812645361357567404599879"
"2018-09-30T00:00:00.000","Ozaukee","WI","Passenger","0","1","1","4","5","20.0"
"2019-08-31T00:00:00.000","Clallam","WA","Truck","1","0","1","22325","22326","0.004479082683866344172713428290"
"2018-09-30T00:00:00.000","Pacific","WA","Truck","0","0","0","7833","7833","0"
"2019-06-30T00:00:00.000","Wayne","MI","Passenger","0","1","1","65","66","1.515151515151515151515151515"
"2019-08-31T00:00:00.000","Williamson","TX","Passenger","1","0","1","119","120","0.8333333333333333333333333333"
"2019-08-31T00:00:00.000","Clark","WA","Passenger","1761","1005","2766","321190","323956","0.8538196545209843312054723481"
"2019-06-30T00:00:00.000","Whatcom","WA","Passenger","912","448","1360","153142","154502","0.8802475048866681337458414778"
"2019-02-28T00:00:00.000","El Paso","TX","Passenger","2","0","2","507","509","0.3929273084479371316306483301"
"2019-02-28T00:00:00.000","Whitman","WA","Passenger","26","43","69","23250","23319","0.2958960504309790299755564132"
"2019-06-30T00:00:00.000","Whitman","WA","Passenger","32","50","82","23159","23241","0.3528247493653457252269695796"
"2019-02-28T00:00:00.000","Williamson","TX","Passenger","1","0","1","127","128","0.7812500"
"2018-09-30T00:00:00.000","Pinal","AZ","Passenger","2","0","2","172","174","1.149425287356321839080459770"
"2019-09-30T00:00:00.000","Adams","WA","Passenger","5","5","10","13234","13244","0.07550588945937783147085472667"
"2018-09-30T00:00:00.000","Dupage","IL","Passenger","1","0","1","53","54","1.851851851851851851851851852"
"2019-06-30T00:00:00.000","Williamson","TX","Passenger","1","0","1","117","118","0.8474576271186440677966101695"
"2019-08-31T00:00:00.000","Oklahoma","OK","Passenger","0","2","2","117","119","1.680672268907563025210084034"
"2019-07-31T00:00:00.000","Ada","ID","Passenger","0","2","2","279","281","0.7117437722419928825622775801"
"2019-09-30T00:00:00.000","Benton","WA","Passenger","303","308","611","137130","137741","0.4435861508192912785590347101"
"2019-08-31T00:00:00.000","Douglas","WA","Truck","0","0","0","12570","12570","0"
"2019-02-28T00:00:00.000","Fulton","GA","Passenger","1","2","3","99","102","2.941176470588235294117647059"
"2019-03-31T00:00:00.000","Ada","ID","Passenger","0","2","2","284","286","0.6993006993006993006993006993"
"2019-07-31T00:00:00.000","Alameda","CA","Passenger","4","2","6","293","299","2.006688963210702341137123746"
"2019-03-31T00:00:00.000","Alameda","CA","Passenger","3","2","5","309","314","1.592356687898089171974522293"
"2019-03-31T00:00:00.000","Albemarle","VA","Passenger","1","0","1","27","28","3.571428571428571428571428571"
"2019-08-31T00:00:00.000","Powhatan","VA","Passenger","1","0","1","0","1","100"
"2019-02-28T00:00:00.000","Grant","WA","Passenger","36","60","96","66099","66195","0.1450260593700430546113754815"
"2019-08-31T00:00:00.000","Prince William","VA","Passenger","1","3","4","248","252","1.587301587301587301587301587"
"2019-08-31T00:00:00.000","Franklin","WA","Truck","0","0","0","20090","20090","0"
"2018-09-30T00:00:00.000","Grant","WA","Passenger","36","54","90","65559","65649","0.1370927203765480053009185212"
"2019-02-28T00:00:00.000","Grant","WA","Truck","0","0","0","27366","27366","0"
"2018-09-30T00:00:00.000","Riley","KS","Passenger","1","0","1","78","79","1.265822784810126582278481013"
"2018-09-30T00:00:00.000","Grays Harbor","WA","Passenger","67","70","137","48106","48243","0.2839790228634205998797753042"
"2019-09-30T00:00:00.000","Clallam","WA","Passenger","199","155","354","51700","52054","0.6800630114880700810696584316"
"2019-08-31T00:00:00.000","Fresno","CA","Passenger","1","0","1","184","185","0.5405405405405405405405405405"
"2019-02-28T00:00:00.000","Grays Harbor","WA","Passenger","77","83","160","48397","48557","0.3295096484543938052186090574"
"2019-03-31T00:00:00.000","Bexar","TX","Passenger","3","4","7","649","656","1.067073170731707317073170732"
"2019-09-30T00:00:00.000","Columbia","WA","Truck","0","0","0","1607","1607","0"
"2018-09-30T00:00:00.000","Hamilton","IN","Passenger","1","0","1","42","43","2.325581395348837209302325581"
"2018-09-30T00:00:00.000","Russell","AL","Passenger","1","0","1","48","49","2.040816326530612244897959184"
"2018-09-30T00:00:00.000","Hardin","KY","Passenger","0","1","1","123","124","0.8064516129032258064516129032"
"2019-08-31T00:00:00.000","San Francisco","CA","Passenger","2","1","3","101","104","2.884615384615384615384615385"
"2019-03-31T00:00:00.000","Bucks","PA","Passenger","1","0","1","19","20","5.00"
"2019-02-28T00:00:00.000","Hardin","KY","Passenger","0","1","1","107","108","0.9259259259259259259259259259"
"2019-08-31T00:00:00.000","Sangamon","IL","Passenger","1","0","1","6","7","14.28571428571428571428571429"
"2019-07-31T00:00:00.000","Chelan","WA","Truck","0","0","0","22959","22959","0"
"2018-09-30T00:00:00.000","Hennepin","MN","Passenger","1","0","1","104","105","0.9523809523809523809523809524"
"2019-08-31T00:00:00.000","Jefferson","NY","Passenger","0","1","1","228","229","0.4366812227074235807860262009"
"2019-09-30T00:00:00.000","Duval","FL","Passenger","1","1","2","355","357","0.5602240896358543417366946779"
"2019-07-31T00:00:00.000","Clark","NV","Passenger","2","1","3","636","639","0.4694835680751173708920187793"
"2019-08-31T00:00:00.000","Skamania","WA","Truck","0","0","0","4241","4241","0"
"2019-09-30T00:00:00.000","Ferry","WA","Truck","0","0","0","3752","3752","0"
"2019-07-31T00:00:00.000","Cochise","AZ","Passenger","0","1","1","120","121","0.8264462809917355371900826446"
"2019-08-31T00:00:00.000","Spokane","WA","Passenger","613","472","1085","320173","321258","0.3377347801455527955724059790"
"2019-09-30T00:00:00.000","Flathead","MT","Passenger","1","0","1","56","57","1.754385964912280701754385965"
"2019-08-31T00:00:00.000","Spokane","WA","Truck","1","0","1","98567","98568","0.001014528041555068582095609123"
"2019-08-31T00:00:00.000","Klickitat","WA","Passenger","42","36","78","15950","16028","0.4866483653606189168954329923"
"2019-09-30T00:00:00.000","Franklin","WA","Passenger","57","80","137","61597","61734","0.2219198496776492694463342728"
"2018-09-30T00:00:00.000","Skamania","WA","Passenger","17","11","28","8963","8991","0.3114225336447558669780892003"
"2019-02-28T00:00:00.000","Island","WA","Truck","0","0","0","21752","21752","0"
"2018-09-30T00:00:00.000","Jefferson","WA","Truck","0","0","0","9877","9877","0"
"2019-03-31T00:00:00.000","Clark","NV","Passenger","2","1","3","659","662","0.4531722054380664652567975831"
"2019-07-31T00:00:00.000","Columbia","GA","Passenger","1","1","2","150","152","1.315789473684210526315789474"
"2019-08-31T00:00:00.000","Tarrant","TX","Passenger","2","0","2","178","180","1.111111111111111111111111111"
"2018-09-30T00:00:00.000","Juneau","AK","Passenger","0","1","1","38","39","2.564102564102564102564102564"
"2019-08-31T00:00:00.000","Thurston","WA","Passenger","1019","708","1727","201358","203085","0.8503828446217101213777482335"
"2019-07-31T00:00:00.000","Cowlitz","WA","Truck","0","0","0","29678","29678","0"
"2019-02-28T00:00:00.000","Kent","MI","Passenger","0","1","1","20","21","4.761904761904761904761904762"
"2019-02-28T00:00:00.000","Kern","CA","Passenger","1","1","2","241","243","0.8230452674897119341563786008"
"2019-03-31T00:00:00.000","Columbia","GA","Passenger","1","1","2","154","156","1.282051282051282051282051282"
"2018-09-30T00:00:00.000","Kent","MI","Passenger","0","1","1","25","26","3.846153846153846153846153846"
"2019-07-31T00:00:00.000","Dale","AL","Passenger","0","1","1","65","66","1.515151515151515151515151515"
"2019-08-31T00:00:00.000","Ventura","CA","Passenger","0","2","2","313","315","0.6349206349206349206349206349"
"2019-09-30T00:00:00.000","Howard","MD","Passenger","0","1","1","91","92","1.086956521739130434782608696"
"2019-08-31T00:00:00.000","Walla Walla","WA","Truck","0","0","0","14072","14072","0"
"2018-09-30T00:00:00.000","Klickitat","WA","Truck","0","0","0","8416","8416","0"
"2019-07-31T00:00:00.000","Dekalb","IN","Passenger","1","0","1","1","2","50.0"
"2019-02-28T00:00:00.000","King","WA","Passenger","18012","7048","25060","1400557","1425617","1.757835379348029660140135815"
"2019-07-31T00:00:00.000","Denver","CO","Passenger","1","0","1","117","118","0.8474576271186440677966101695"
"2019-02-28T00:00:00.000","King","WA","Truck","7","1","8","187087","187095","0.004275902616317913359523236858"
"2019-09-30T00:00:00.000","Jefferson","CO","Passenger","0","1","1","60","61","1.639344262295081967213114754"
"2019-07-31T00:00:00.000","Deschutes","OR","Passenger","2","0","2","128","130","1.538461538461538461538461538"
"2019-02-28T00:00:00.000","Klickitat","WA","Truck","0","0","0","8488","8488","0"
"2019-03-31T00:00:00.000","Cowlitz","WA","Truck","0","0","0","29610","29610","0"
"2019-08-31T00:00:00.000","Whatcom","WA","Truck","2","0","2","44029","44031","0.004542254320819422679475823851"
"2018-09-30T00:00:00.000","Larimer","CO","Passenger","0","1","1","50","51","1.960784313725490196078431373"
"2019-09-30T00:00:00.000","Kent","MI","Passenger","0","1","1","20","21","4.761904761904761904761904762"
"2019-07-31T00:00:00.000","El Paso","CO","Passenger","1","1","2","710","712","0.2808988764044943820224719101"
"2019-09-30T00:00:00.000","King","WA","Truck","7","1","8","187013","187021","0.004277594494735885274915651184"
"2019-02-28T00:00:00.000","Larimer","CO","Passenger","0","1","1","45","46","2.173913043478260869565217391"
"2019-07-31T00:00:00.000","El Paso","TX","Passenger","2","0","2","494","496","0.4032258064516129032258064516"
"2018-09-30T00:00:00.000","Wahkiakum","WA","Passenger","2","2","4","3025","3029","0.1320567844172994387586662265"
"2019-03-31T00:00:00.000","Dale","AL","Passenger","0","1","1","63","64","1.562500"
"2019-09-30T00:00:00.000","Allegheny","PA","Passenger","1","0","1","70","71","1.408450704225352112676056338"
"2019-03-31T00:00:00.000","Dekalb","IN","Passenger","1","0","1","1","2","50.0"
"2019-07-31T00:00:00.000","Fairbanks North Star","AK","Passenger","0","1","1","97","98","1.020408163265306122448979592"
"2019-03-31T00:00:00.000","District Of Columbia","DC","Passenger","1","2","3","208","211","1.421800947867298578199052133"
"2019-02-28T00:00:00.000","Lewis","WA","Passenger","103","90","193","59615","59808","0.3226993044408774745853397539"
"2019-07-31T00:00:00.000","Fresno","CA","Passenger","1","0","1","187","188","0.5319148936170212765957446809"
"2019-03-31T00:00:00.000","El Paso","TX","Passenger","2","0","2","503","505","0.3960396039603960396039603960"
"2018-09-30T00:00:00.000","Whatcom","WA","Passenger","713","350","1063","151051","152114","0.6988179917693308965644187912"
"2019-08-31T00:00:00.000","Moore","NC","Passenger","0","1","1","183","184","0.5434782608695652173913043478"
"2018-09-30T00:00:00.000","Whitman","WA","Truck","0","0","0","8792","8792","0"
"2019-07-31T00:00:00.000","Grant","WA","Truck","0","0","0","27642","27642","0"
"2019-09-30T00:00:00.000","Boone","MO","Passenger","0","1","1","7","8","12.500"
"2019-07-31T00:00:00.000","Grays Harbor","WA","Truck","0","0","0","21056","21056","0"
"2019-08-31T00:00:00.000","Otero","NM","Passenger","0","1","1","41","42","2.380952380952380952380952381"
"2019-09-30T00:00:00.000","Camden","GA","Passenger","1","1","2","159","161","1.242236024844720496894409938"
"2018-10-31T00:00:00.000","NULL","CA","Passenger","1","1","2","279","281","0.7117437722419928825622775801"
"2019-03-31T00:00:00.000","Grant","WA","Truck","0","0","0","27396","27396","0"
"2019-09-30T00:00:00.000","Mason","OR","Passenger","2","0","2","14","16","12.500"
"2019-08-31T00:00:00.000","Pacific","WA","Truck","0","0","0","7873","7873","0"
"2019-03-31T00:00:00.000","Grays Harbor","WA","Truck","0","0","0","20943","20943","0"
"2019-08-31T00:00:00.000","Pima","AZ","Passenger","0","1","1","348","349","0.2865329512893982808022922636"
"2019-08-31T00:00:00.000","Polk","FL","Passenger","1","0","1","70","71","1.408450704225352112676056338"
"2018-09-30T00:00:00.000","Montgomery","MD","Passenger","1","3","4","291","295","1.355932203389830508474576271"
"2019-09-30T00:00:00.000","Monroe","IL","Passenger","1","0","1","4","5","20.0"
"2018-10-31T00:00:00.000","Arlington","VA","Passenger","1","1","2","160","162","1.234567901234567901234567901"
"2018-09-30T00:00:00.000","Montgomery","TX","Passenger","1","0","1","51","52","1.923076923076923076923076923"
"2019-09-30T00:00:00.000","Columbia","WA","Passenger","3","2","5","2500","2505","0.1996007984031936127744510978"
"2018-09-30T00:00:00.000","Multnomah","OR","Passenger","3","5","8","764","772","1.036269430051813471502590674"
"2019-02-28T00:00:00.000","Montgomery","TX","Passenger","1","0","1","51","52","1.923076923076923076923076923"
"2019-09-30T00:00:00.000","Montgomery","PA","Passenger","2","0","2","24","26","7.692307692307692307692307692"
"2019-09-30T00:00:00.000","Davidson","TN","Passenger","1","0","1","65","66","1.515151515151515151515151515"
"2019-08-31T00:00:00.000","Saginaw","MI","Passenger","1","0","1","12","13","7.692307692307692307692307692"
"2019-07-31T00:00:00.000","Kern","CA","Passenger","1","1","2","225","227","0.8810572687224669603524229075"
"2019-09-30T00:00:00.000","Multnomah","OR","Passenger","5","6","11","700","711","1.547116736990154711673699015"
"2019-09-30T00:00:00.000","Dekalb","GA","Passenger","1","0","1","73","74","1.351351351351351351351351351"
"2018-09-30T00:00:00.000","Okanogan","NULL","Passenger","10","15","25","20487","20512","0.1218798751950078003120124805"
"2019-08-31T00:00:00.000","San Juan","WA","Passenger","229","77","306","14741","15047","2.033627965707449990031235462"
"2019-03-31T00:00:00.000","Kittitas","WA","Passenger","76","39","115","30171","30286","0.3797133989301987717097008519"
"2019-08-31T00:00:00.000","San Mateo","CA","Passenger","2","1","3","117","120","2.500"
"2019-02-28T00:00:00.000","Oklahoma","OK","Passenger","0","1","1","117","118","0.8474576271186440677966101695"
"2018-09-30T00:00:00.000","Oklahoma","OK","Passenger","0","1","1","116","117","0.8547008547008547008547008547"
"2019-09-30T00:00:00.000","Douglas","NE","Passenger","0","1","1","56","57","1.754385964912280701754385965"
"2019-09-30T00:00:00.000","Douglas","OR","Passenger","1","0","1","46","47","2.127659574468085106382978723"
"2019-08-31T00:00:00.000","Shelby","OH","Passenger","0","1","1","1","2","50.0"
"2019-09-30T00:00:00.000","Dupage","IL","Passenger","2","0","2","51","53","3.773584905660377358490566038"
"2019-08-31T00:00:00.000","Skamania","WA","Passenger","28","17","45","8988","9033","0.4981733643307871139156426436"
"2018-10-31T00:00:00.000","Bryan","GA","Passenger","1","0","1","59","60","1.666666666666666666666666667"
"2019-09-30T00:00:00.000","Osceola","FL","Passenger","1","0","1","36","37","2.702702702702702702702702703"
"2019-07-31T00:00:00.000","Manassas City","VA","Passenger","0","1","1","8","9","11.11111111111111111111111111"
"2019-03-31T00:00:00.000","Maui","HI","Passenger","1","0","1","48","49","2.040816326530612244897959184"
"2018-10-31T00:00:00.000","Carson City","NV","Passenger","1","0","1","11","12","8.333333333333333333333333333"
"2019-08-31T00:00:00.000","Thurston","WA","Truck","0","0","0","56690","56690","0"
"2019-02-28T00:00:00.000","Prince William","VA","Passenger","0","4","4","254","258","1.550387596899224806201550388"
"2019-09-30T00:00:00.000","Pierce","WA","Truck","0","0","0","144489","144489","0"
"2018-09-30T00:00:00.000","Prince William","VA","Passenger","0","4","4","257","261","1.532567049808429118773946360"
"2019-09-30T00:00:00.000","Guadalupe","TX","Passenger","2","0","2","59","61","3.278688524590163934426229508"
"2018-09-30T00:00:00.000","Ramsey","MN","Passenger","1","0","1","38","39","2.564102564102564102564102564"
"2019-08-31T00:00:00.000","Valencia","NM","Passenger","1","0","1","4","5","20.0"
"2019-09-30T00:00:00.000","Prince William","VA","Passenger","1","3","4","239","243","1.646090534979423868312757202"
"2019-07-31T00:00:00.000","New Castle","DE","Passenger","1","0","1","23","24","4.166666666666666666666666667"
"2018-09-30T00:00:00.000","Riverside","CA","Passenger","0","2","2","680","682","0.2932551319648093841642228739"
"2019-08-31T00:00:00.000","Vigo","IN","Passenger","1","0","1","4","5","20.0"
"2019-02-28T00:00:00.000","Saint Clair","IL","Passenger","0","1","1","165","166","0.6024096385542168674698795181"
"2019-07-31T00:00:00.000","Okanogan","WA","Passenger","3","7","10","6158","6168","0.1621271076523994811932555123"
"2018-10-31T00:00:00.000","Clackamas","OR","Passenger","0","1","1","202","203","0.4926108374384236453201970443"
"2019-08-31T00:00:00.000","Wahkiakum","WA","Passenger","2","3","5","3091","3096","0.1614987080103359173126614987"
"2019-02-28T00:00:00.000","San Francisco","CA","Passenger","2","1","3","108","111","2.702702702702702702702702703"
"2019-09-30T00:00:00.000","Riverside","CA","Passenger","1","1","2","625","627","0.3189792663476874003189792663"
"2018-10-31T00:00:00.000","Cochise","AZ","Passenger","0","1","1","127","128","0.7812500"
"2019-02-28T00:00:00.000","Sangamon","IL","Passenger","2","0","2","7","9","22.22222222222222222222222222"
"2019-09-30T00:00:00.000","Jefferson","WA","Passenger","219","137","356","25545","25901","1.374464306397436392417281186"
"2018-09-30T00:00:00.000","Saint Clair","IL","Passenger","0","1","1","160","161","0.6211180124223602484472049689"
"2019-09-30T00:00:00.000","Jefferson","WA","Truck","0","0","0","9902","9902","0"
"2019-08-31T00:00:00.000","Whatcom","WA","Passenger","958","472","1430","153596","155026","0.9224259156528582302323481223"
"2019-03-31T00:00:00.000","Saint Lucie","FL","Passenger","1","0","1","24","25","4.00"
"2019-09-30T00:00:00.000","Santa Barbara","CA","Passenger","1","0","1","96","97","1.030927835051546391752577320"
"2019-08-31T00:00:00.000","Whitman","WA","Truck","0","0","0","8865","8865","0"
"2018-09-30T00:00:00.000","San Francisco","CA","Passenger","1","1","2","110","112","1.785714285714285714285714286"
"2019-02-28T00:00:00.000","Skamania","WA","Truck","0","0","0","4178","4178","0"
"2019-07-31T00:00:00.000","Putnam","TN","Passenger","0","1","1","2","3","33.33333333333333333333333333"
"2018-10-31T00:00:00.000","Cumberland","NC","Passenger","0","1","1","549","550","0.1818181818181818181818181818"
"2019-03-31T00:00:00.000","San Juan","WA","Truck","0","0","0","6007","6007","0"
"2019-09-30T00:00:00.000","Juneau","AK","Passenger","0","1","1","21","22","4.545454545454545454545454545"
"2019-02-28T00:00:00.000","Spokane","WA","Passenger","519","418","937","314586","315523","0.2969672575374853814143501425"
"2018-10-31T00:00:00.000","Dallas","TX","Passenger","0","1","1","178","179","0.5586592178770949720670391061"
"2019-09-30T00:00:00.000","Shasta","CA","Passenger","1","0","1","40","41","2.439024390243902439024390244"
"2019-03-31T00:00:00.000","Sangamon","IL","Passenger","2","0","2","7","9","22.22222222222222222222222222"
"2019-02-28T00:00:00.000","Spokane","WA","Truck","1","0","1","97274","97275","0.001028013364173734258545361090"
"2019-08-31T00:00:00.000","Yakima","WA","Passenger","122","118","240","170033","170273","0.1409501212758335144150863613"
"2019-03-31T00:00:00.000","Shelby","TN","Passenger","0","1","1","101","102","0.9803921568627450980392156863"
"2018-09-30T00:00:00.000","Skagit","WA","Truck","1","0","1","33218","33219","0.003010325416177488786537824739"
"2019-09-30T00:00:00.000","Kent","DE","Passenger","0","1","1","73","74","1.351351351351351351351351351"
"2019-09-30T00:00:00.000","NULL","CA","Passenger","1","2","3","251","254","1.181102362204724409448818898"
"2019-07-31T00:00:00.000","San Juan","WA","Passenger","224","76","300","14746","15046","1.993885418051309318091187026"
"2019-03-31T00:00:00.000","Snohomish","WA","Passenger","3361","1619","4980","537220","542200","0.9184802655846551088159350793"
"2019-07-31T00:00:00.000","San Juan","WA","Truck","0","0","0","6068","6068","0"
"2019-09-30T00:00:00.000","Kitsap","WA","Truck","1","0","1","55443","55444","0.001803621672318014573263112330"
"2018-10-31T00:00:00.000","Deschutes","OR","Passenger","2","0","2","142","144","1.388888888888888888888888889"
"2019-07-31T00:00:00.000","Sangamon","IL","Passenger","1","0","1","6","7","14.28571428571428571428571429"
"2019-02-28T00:00:00.000","Tarrant","TX","Passenger","1","0","1","188","189","0.5291005291005291005291005291"
"2019-09-30T00:00:00.000","Klamath","OR","Passenger","1","0","1","26","27","3.703703703703703703703703704"
"2018-09-30T00:00:00.000","Spokane","WA","Passenger","395","378","773","311910","312683","0.2472152307608664366147184209"
"2019-09-30T00:00:00.000","Arlington","VA","Passenger","0","2","2","141","143","1.398601398601398601398601399"
"2019-03-31T00:00:00.000","Spokane","WA","Truck","1","0","1","97362","97363","0.001027084210634429916908887360"
"2019-07-31T00:00:00.000","Shelby","TN","Passenger","0","1","1","92","93","1.075268817204301075268817204"
"2019-09-30T00:00:00.000","Kootenai","ID","Passenger","1","1","2","193","195","1.025641025641025641025641026"
"2019-02-28T00:00:00.000","Thurston","WA","Passenger","870","631","1501","199223","200724","0.7477929893784500109603236285"
"2019-09-30T00:00:00.000","Volusia","FL","Passenger","0","1","1","35","36","2.777777777777777777777777778"
"2019-09-30T00:00:00.000","Bell","TX","Passenger","0","1","1","435","436","0.2293577981651376146788990826"
"2019-03-31T00:00:00.000","Stevens","WA","Passenger","20","31","51","32586","32637","0.1562643625333210773048993474"
"2019-07-31T00:00:00.000","Spokane","WA","Truck","1","0","1","98317","98318","0.001017107752395288756890905022"
"2018-09-30T00:00:00.000","Tarrant","TX","Passenger","1","0","1","196","197","0.5076142131979695431472081218"
"2019-09-30T00:00:00.000","Boulder","CO","Passenger","1","1","2","39","41","4.878048780487804878048780488"
"2019-02-28T00:00:00.000","Ventura","CA","Passenger","0","2","2","314","316","0.6329113924050632911392405063"
"2019-03-31T00:00:00.000","Thurston","WA","Passenger","890","638","1528","199470","200998","0.7602065692195942248181573946"
"2019-07-31T00:00:00.000","Thurston","WA","Truck","0","0","0","56570","56570","0"
"2019-09-30T00:00:00.000","Los Angeles","CA","Passenger","8","6","14","1052","1066","1.313320825515947467166979362"
"2019-10-31T00:00:00.000","Adams","WA","Truck","0","0","0","5370","5370","0"
"2019-02-28T00:00:00.000","Walla Walla","WA","Truck","0","0","0","14013","14013","0"
"2019-03-31T00:00:00.000","Tuolumne","CA","Passenger","0","1","1","11","12","8.333333333333333333333333333"
"2019-10-31T00:00:00.000","Albemarle","VA","Passenger","1","0","1","30","31","3.225806451612903225806451613"
"2019-09-30T00:00:00.000","Bryan","GA","Passenger","1","0","1","58","59","1.694915254237288135593220339"
"2019-09-30T00:00:00.000","Maui","HI","Passenger","1","0","1","40","41","2.439024390243902439024390244"
"2018-10-31T00:00:00.000","Garfield","WA","Truck","0","0","0","991","991","0"
"2019-02-28T00:00:00.000","Whatcom","WA","Truck","2","0","2","43898","43900","0.004555808656036446469248291572"
"2019-09-30T00:00:00.000","Carson City","NV","Passenger","1","0","1","9","10","10.0"
"2018-09-30T00:00:00.000","Ventura","CA","Passenger","0","2","2","311","313","0.6389776357827476038338658147"
"2019-10-31T00:00:00.000","Asotin","WA","Truck","0","0","0","6908","6908","0"
"2018-09-30T00:00:00.000","Volusia","FL","Passenger","0","1","1","34","35","2.857142857142857142857142857"
"2019-03-31T00:00:00.000","NULL","NULL","Passenger","8","7","15","2130","2145","0.6993006993006993006993006993"
"2019-03-31T00:00:00.000","NULL","WA","Passenger","0","0","0","2","2","0"
"2019-09-30T00:00:00.000","Montgomery","MD","Passenger","0","4","4","273","277","1.444043321299638989169675090"
"2019-09-30T00:00:00.000","Clackamas","OR","Passenger","1","1","2","189","191","1.047120418848167539267015707"
"2019-03-31T00:00:00.000","Adams","WA","Truck","0","0","0","5347","5347","0"
"2019-04-30T00:00:00.000","Adams","WA","Truck","0","0","0","5352","5352","0"
"2019-09-30T00:00:00.000","Cochise","AZ","Passenger","0","1","1","115","116","0.8620689655172413793103448276"
"2019-10-31T00:00:00.000","Bay","FL","Passenger","1","0","1","36","37","2.702702702702702702702702703"
"2019-09-30T00:00:00.000","Muscogee","GA","Passenger","0","1","1","180","181","0.5524861878453038674033149171"
"2019-04-30T00:00:00.000","Albemarle","VA","Passenger","1","0","1","29","30","3.333333333333333333333333333"
"2019-08-31T00:00:00.000","NULL","CA","Passenger","1","2","3","250","253","1.185770750988142292490118577"
"2019-03-31T00:00:00.000","Alexandria City","VA","Passenger","4","0","4","156","160","2.500"
"2019-08-31T00:00:00.000","NULL","WA","Passenger","0","0","0","2","2","0"
"2019-08-31T00:00:00.000","NULL","WA","Truck","0","0","0","1","1","0"
"2019-10-31T00:00:00.000","Bexar","TX","Passenger","1","6","7","598","605","1.157024793388429752066115702"
"2019-09-30T00:00:00.000","Cumberland","NC","Passenger","0","2","2","507","509","0.3929273084479371316306483301"
"2019-10-31T00:00:00.000","Boone","MO","Passenger","0","1","1","8","9","11.11111111111111111111111111"
"2019-09-30T00:00:00.000","Okanogan","NULL","Passenger","23","19","42","20825","20867","0.2012747400201274740020127474"
"2019-09-30T00:00:00.000","Pacific","WA","Passenger","36","31","67","16327","16394","0.4086861046724411370013419544"
"2019-10-31T00:00:00.000","Broward","FL","Passenger","1","1","2","116","118","1.694915254237288135593220339"
"2018-09-30T00:00:00.000","Washoe","NV","Passenger","1","0","1","97","98","1.020408163265306122448979592"
"2019-04-30T00:00:00.000","Asotin","WA","Truck","0","0","0","6865","6865","0"
"2019-08-31T00:00:00.000","Bell","TX","Passenger","0","1","1","441","442","0.2262443438914027149321266968"
"2019-09-30T00:00:00.000","Palm Beach","FL","Passenger","0","1","1","69","70","1.428571428571428571428571429"
"2019-09-30T00:00:00.000","Deschutes","OR","Passenger","2","0","2","127","129","1.550387596899224806201550388"
"2019-08-31T00:00:00.000","Benton","WA","Passenger","291","301","592","136882","137474","0.4306268821740838267599691578"
"2019-10-31T00:00:00.000","Caddo","LA","Passenger","1","0","1","18","19","5.263157894736842105263157895"
"2019-03-31T00:00:00.000","Benton","WA","Passenger","252","259","511","135592","136103","0.3754509452400020572654533699"
"2019-04-30T00:00:00.000","Bexar","TX","Passenger","3","4","7","638","645","1.085271317829457364341085271"
"2019-08-31T00:00:00.000","Carson City","NV","Passenger","1","0","1","10","11","9.090909090909090909090909091"
"2019-09-30T00:00:00.000","Ramsey","MN","Passenger","1","0","1","35","36","2.777777777777777777777777778"
"2019-04-30T00:00:00.000","Broward","FL","Passenger","1","1","2","121","123","1.626016260162601626016260163"
"2019-09-30T00:00:00.000","Garfield","WA","Truck","0","0","0","992","992","0"
"2019-10-31T00:00:00.000","Chelan","WA","Passenger","193","79","272","55780","56052","0.4852636837222579033754370941"
"2018-10-31T00:00:00.000","Adams","WA","Truck","0","0","0","5387","5387","0"
"2019-08-31T00:00:00.000","Clallam","WA","Passenger","197","152","349","51596","51945","0.6718644720377322167677351044"
"2019-09-30T00:00:00.000","Goochland","VA","Passenger","2","1","3","185","188","1.595744680851063829787234043"
"2019-10-31T00:00:00.000","Clay","FL","Passenger","0","1","1","84","85","1.176470588235294117647058824"
"2018-10-31T00:00:00.000","Alexandria City","VA","Passenger","2","0","2","163","165","1.212121212121212121212121212"
"2019-04-30T00:00:00.000","Caddo","LA","Passenger","1","1","2","22","24","8.333333333333333333333333333"
"2019-09-30T00:00:00.000","San Bernardino","CA","Passenger","0","1","1","460","461","0.2169197396963123644251626898"
"2018-10-31T00:00:00.000","Kitsap","WA","Passenger","953","526","1479","183079","184558","0.8013740937808168705772711018"
"2019-09-30T00:00:00.000","Harnett","NC","Passenger","0","1","1","194","195","0.5128205128205128205128205128"
"2019-08-31T00:00:00.000","Cumberland","NC","Passenger","0","2","2","510","512","0.39062500"
"2018-10-31T00:00:00.000","Kittitas","WA","Truck","0","0","0","14634","14634","0"
"2019-09-30T00:00:00.000","Santa Cruz","CA","Passenger","1","0","1","33","34","2.941176470588235294117647059"
"2019-09-30T00:00:00.000","Skagit","WA","Passenger","350","231","581","94249","94830","0.6126753137192871454181166298"
"2019-09-30T00:00:00.000","Hennepin","MN","Passenger","2","0","2","99","101","1.980198019801980198019801980"
"2019-10-31T00:00:00.000","Cook","IL","Passenger","1","0","1","215","216","0.4629629629629629629629629630"
"2018-10-31T00:00:00.000","Asotin","WA","Truck","0","0","0","6858","6858","0"
"2019-09-30T00:00:00.000","Skagit","WA","Truck","1","0","1","33426","33427","0.002991593621922398061447332994"
"2019-09-30T00:00:00.000","Hidalgo","TX","Passenger","0","1","1","83","84","1.190476190476190476190476190"
"2019-09-30T00:00:00.000","Snohomish","WA","Truck","0","0","0","126595","126595","0"
"2019-04-30T00:00:00.000","Chelan","WA","Passenger","148","69","217","55525","55742","0.3892935309102651501560762082"
"2019-10-31T00:00:00.000","Dekalb","GA","Passenger","1","0","1","73","74","1.351351351351351351351351351"
"2019-09-30T00:00:00.000","Stevens","WA","Truck","0","0","0","19426","19426","0"
"2019-04-30T00:00:00.000","Clay","FL","Passenger","0","1","1","87","88","1.136363636363636363636363636"
"2019-08-31T00:00:00.000","Duval","FL","Passenger","1","1","2","359","361","0.5540166204986149584487534626"
"2019-10-31T00:00:00.000","Douglas","WA","Truck","0","0","0","12598","12598","0"
"2019-09-30T00:00:00.000","Twin Falls","ID","Passenger","0","1","1","24","25","4.00"
"2019-04-30T00:00:00.000","Cook","IL","Passenger","1","0","1","225","226","0.4424778761061946902654867257"
"2019-08-31T00:00:00.000","Ferry","WA","Truck","0","0","0","3754","3754","0"
"2019-09-30T00:00:00.000","Kitsap","WA","Passenger","1212","670","1882","184605","186487","1.009185626880157866231962550"
"2019-08-31T00:00:00.000","Flathead","MT","Passenger","1","0","1","56","57","1.754385964912280701754385965"
"2019-09-30T00:00:00.000","Kittitas","WA","Truck","0","0","0","14984","14984","0"
"2018-10-31T00:00:00.000","Lumpkin","GA","Passenger","1","0","1","9","10","10.0"
"2018-10-31T00:00:00.000","Caddo","LA","Passenger","1","1","2","23","25","8.00"
"2019-04-30T00:00:00.000","Dekalb","GA","Passenger","1","0","1","75","76","1.315789473684210526315789474"
"2019-08-31T00:00:00.000","Glacier","MT","Passenger","0","1","1","5","6","16.66666666666666666666666667"
"2018-10-31T00:00:00.000","Manassas City","VA","Passenger","0","1","1","9","10","10.0"
"2019-10-31T00:00:00.000","Franklin","WA","Truck","0","0","0","20246","20246","0"
"2019-09-30T00:00:00.000","Washoe","NV","Passenger","2","0","2","85","87","2.298850574712643678160919540"
"2019-04-30T00:00:00.000","Douglas","WA","Truck","0","0","0","12504","12504","0"
"2019-08-31T00:00:00.000","Harnett","NC","Passenger","0","1","1","196","197","0.5076142131979695431472081218"
"2019-10-31T00:00:00.000","Fulton","GA","Passenger","0","2","2","99","101","1.980198019801980198019801980"
"2019-09-30T00:00:00.000","Wayne","MI","Passenger","0","1","1","62","63","1.587301587301587301587301587"
"2019-09-30T00:00:00.000","Westchester","NY","Passenger","0","1","1","30","31","3.225806451612903225806451613"
"2019-10-31T00:00:00.000","Garfield","WA","Passenger","0","1","1","1326","1327","0.07535795026375282592313489073"
"2019-09-30T00:00:00.000","Whitman","WA","Passenger","37","48","85","23133","23218","0.3660952709105004737703505901"
"2019-03-31T00:00:00.000","El Paso","CO","Passenger","2","2","4","736","740","0.5405405405405405405405405405"
"2019-04-30T00:00:00.000","Franklin","WA","Truck","0","0","0","19861","19861","0"
"2019-09-30T00:00:00.000","Manassas City","VA","Passenger","0","1","1","6","7","14.28571428571428571428571429"
"2019-04-30T00:00:00.000","Fulton","GA","Passenger","1","2","3","105","108","2.777777777777777777777777778"
"2019-08-31T00:00:00.000","Jefferson","CO","Passenger","0","1","1","61","62","1.612903225806451612903225806"
"2019-10-31T00:00:00.000","Ada","ID","Passenger","0","1","1","275","276","0.3623188405797101449275362319"
"2019-04-30T00:00:00.000","Garfield","WA","Passenger","1","1","2","1327","1329","0.1504890895410082768999247555"
"2019-10-31T00:00:00.000","Alameda","CA","Passenger","4","0","4","278","282","1.418439716312056737588652482"
"2019-03-31T00:00:00.000","Frederick","MD","Passenger","1","1","2","86","88","2.272727272727272727272727273"
"2018-10-31T00:00:00.000","Columbia","GA","Passenger","1","1","2","162","164","1.219512195121951219512195122"
"2019-10-31T00:00:00.000","Anne Arundel","MD","Passenger","1","3","4","436","440","0.9090909090909090909090909091"
"2019-10-31T00:00:00.000","Asotin","WA","Passenger","13","9","22","12955","12977","0.1695307081760036988518147492"
"2018-10-31T00:00:00.000","Cook","IL","Passenger","1","0","1","241","242","0.4132231404958677685950413223"
"2019-08-31T00:00:00.000","Kittitas","WA","Truck","0","0","0","14961","14961","0"
"2019-10-31T00:00:00.000","Island","WA","Truck","0","0","0","21819","21819","0"
"2019-03-31T00:00:00.000","Guilford","NC","Passenger","1","0","1","26","27","3.703703703703703703703703704"
"2019-09-30T00:00:00.000","Okanogan","WA","Passenger","2","7","9","6161","6170","0.1458670988654781199351701783"
"2019-09-30T00:00:00.000","Oldham","KY","Passenger","0","1","1","4","5","20.0"
"2019-04-30T00:00:00.000","Island","WA","Truck","0","0","0","21807","21807","0"
"2019-03-31T00:00:00.000","Harris","TX","Passenger","0","1","1","231","232","0.4310344827586206896551724138"
"2018-10-31T00:00:00.000","Okanogan","WA","Passenger","2","5","7","6369","6376","0.1097867001254705144291091593"
"2018-10-31T00:00:00.000","Oldham","KY","Passenger","0","1","1","4","5","20.0"
"2019-08-31T00:00:00.000","Mason","OR","Passenger","2","0","2","12","14","14.28571428571428571428571429"
"2019-10-31T00:00:00.000","Chelan","WA","Truck","0","0","0","23083","23083","0"
"2019-09-30T00:00:00.000","Pierce","WA","Passenger","2203","1707","3910","555668","559578","0.6987408368449081271958511593"
"2019-03-31T00:00:00.000","Honolulu","HI","Passenger","2","1","3","473","476","0.6302521008403361344537815126"
"2018-10-31T00:00:00.000","Ozaukee","WI","Passenger","0","1","1","4","5","20.0"
"2019-09-30T00:00:00.000","Pinellas","FL","Passenger","1","1","2","92","94","2.127659574468085106382978723"
"2019-10-31T00:00:00.000","Los Angeles","CA","Passenger","8","7","15","1033","1048","1.431297709923664122137404580"
"2019-08-31T00:00:00.000","Monroe","IL","Passenger","1","0","1","4","5","20.0"
"2018-10-31T00:00:00.000","Ferry","WA","Passenger","3","2","5","4592","4597","0.1087665869045029366978464216"
"2019-09-30T00:00:00.000","Putnam","TN","Passenger","0","1","1","2","3","33.33333333333333333333333333"
"2018-10-31T00:00:00.000","Pierce","WA","Passenger","1618","1397","3015","547649","550664","0.5475208112387953452559092296"
"2019-10-31T00:00:00.000","Cowlitz","WA","Truck","0","0","0","29818","29818","0"
"2018-10-31T00:00:00.000","Franklin","WA","Truck","0","0","0","19624","19624","0"
"2019-10-31T00:00:00.000","Denver","CO","Passenger","1","0","1","119","120","0.8333333333333333333333333333"
"2018-10-31T00:00:00.000","Frederick","MD","Passenger","0","1","1","87","88","1.136363636363636363636363636"
"2019-04-30T00:00:00.000","Los Angeles","CA","Passenger","8","4","12","1060","1072","1.119402985074626865671641791"
"2019-08-31T00:00:00.000","Nueces","TX","Passenger","1","1","2","93","95","2.105263157894736842105263158"
"2019-10-31T00:00:00.000","Mason","WA","Passenger","165","135","300","48558","48858","0.6140243153628883703794670269"
"2018-10-31T00:00:00.000","Gallatin","MT","Passenger","0","1","1","58","59","1.694915254237288135593220339"
"2019-09-30T00:00:00.000","Saint Louis","MO","Passenger","1","0","1","73","74","1.351351351351351351351351351"
"2018-10-31T00:00:00.000","Prince George","VA","Passenger","0","1","1","78","79","1.265822784810126582278481013"
"2019-10-31T00:00:00.000","El Paso","TX","Passenger","2","0","2","469","471","0.4246284501061571125265392781"
"2019-10-31T00:00:00.000","Fairbanks North Star","AK","Passenger","0","1","1","101","102","0.9803921568627450980392156863"
"2019-04-30T00:00:00.000","Mason","WA","Passenger","140","124","264","47900","48164","0.5481272319574786147329955984"
"2019-08-31T00:00:00.000","Osceola","FL","Passenger","1","0","1","37","38","2.631578947368421052631578947"
"2019-10-31T00:00:00.000","Montgomery","AL","Passenger","0","2","2","37","39","5.128205128205128205128205128"
"2019-10-31T00:00:00.000","Ferry","WA","Passenger","5","2","7","4593","4600","0.1521739130434782608695652174"
"2019-10-31T00:00:00.000","Moore","NC","Passenger","0","1","1","179","180","0.5555555555555555555555555556"
"2019-08-31T00:00:00.000","Pend Oreille","WA","Passenger","6","6","12","9834","9846","0.1218769043266301035953686776"
"2019-10-31T00:00:00.000","Franklin","WA","Passenger","61","82","143","61865","62008","0.2306154044639401367565475423"
"2019-04-30T00:00:00.000","Montgomery","AL","Passenger","0","2","2","44","46","4.347826086956521739130434783"
"2019-04-30T00:00:00.000","Moore","NC","Passenger","0","1","1","188","189","0.5291005291005291005291005291"
"2019-09-30T00:00:00.000","Santa Fe","NM","Passenger","0","1","1","35","36","2.777777777777777777777777778"
"2019-10-31T00:00:00.000","Fresno","CA","Passenger","1","0","1","182","183","0.5464480874316939890710382514"
"2019-10-31T00:00:00.000","Pima","AZ","Passenger","1","1","2","332","334","0.5988023952095808383233532934"
"2019-08-31T00:00:00.000","Saint Louis","MO","Passenger","1","0","1","75","76","1.315789473684210526315789474"
"2019-10-31T00:00:00.000","Grant","WA","Truck","0","0","0","27811","27811","0"
"2019-04-30T00:00:00.000","Pacific","WA","Truck","0","0","0","7866","7866","0"
"2019-09-30T00:00:00.000","Sumter","FL","Passenger","0","1","1","8","9","11.11111111111111111111111111"
"2019-03-31T00:00:00.000","Mason","WA","Passenger","137","122","259","47756","48015","0.5394147662188899302301364157"
"2019-10-31T00:00:00.000","Polk","FL","Passenger","1","0","1","68","69","1.449275362318840579710144928"
"2019-08-31T00:00:00.000","Santa Barbara","CA","Passenger","1","0","1","97","98","1.020408163265306122448979592"
"2019-10-31T00:00:00.000","Grays Harbor","WA","Truck","0","0","0","21218","21218","0"
"2019-09-30T00:00:00.000","Travis","TX","Passenger","1","1","2","174","176","1.136363636363636363636363636"
"2019-08-31T00:00:00.000","Santa Fe","NM","Passenger","0","1","1","33","34","2.941176470588235294117647059"
"2019-04-30T00:00:00.000","Pima","AZ","Passenger","0","1","1","368","369","0.2710027100271002710027100271"
"2019-04-30T00:00:00.000","Polk","FL","Passenger","1","0","1","66","67","1.492537313432835820895522388"
"2019-08-31T00:00:00.000","Spartanburg","SC","Passenger","0","1","1","30","31","3.225806451612903225806451613"
"2019-03-31T00:00:00.000","Montgomery","AL","Passenger","0","1","1","43","44","2.272727272727272727272727273"
"2019-10-31T00:00:00.000","San Bernardino","CA","Passenger","0","1","1","461","462","0.2164502164502164502164502165"
"2019-10-31T00:00:00.000","Santa Cruz","CA","Passenger","1","0","1","33","34","2.941176470588235294117647059"
"2019-09-30T00:00:00.000","Yakima","WA","Truck","0","0","0","61683","61683","0"
"2018-10-31T00:00:00.000","Sumter","FL","Passenger","0","1","1","9","10","10.0"
"2019-04-30T00:00:00.000","Saint Lucie","FL","Passenger","1","0","1","25","26","3.846153846153846153846153846"
"2019-10-31T00:00:00.000","Kern","CA","Passenger","2","1","3","226","229","1.310043668122270742358078603"
"2019-03-31T00:00:00.000","Norfolk City","VA","Passenger","3","2","5","364","369","1.355013550135501355013550136"
"2019-10-31T00:00:00.000","King","WA","Truck","7","1","8","187003","187011","0.004277823229649592804701327729"
"2019-10-31T00:00:00.000","Stafford","VA","Passenger","1","0","1","88","89","1.123595505617977528089887640"
"2018-10-31T00:00:00.000","Lane","OR","Passenger","0","1","1","173","174","0.5747126436781609195402298851"
"2019-03-31T00:00:00.000","Okanogan","WA","Truck","0","0","0","4236","4236","0"
"2019-08-31T00:00:00.000","Yakima","WA","Truck","0","0","0","61672","61672","0"
"2019-10-31T00:00:00.000","Larimer","CO","Passenger","0","1","1","48","49","2.040816326530612244897959184"
"2019-04-30T00:00:00.000","Santa Cruz","CA","Passenger","1","0","1","36","37","2.702702702702702702702702703"
"2019-09-30T00:00:00.000","NULL","NULL","Passenger","8","6","14","2000","2014","0.6951340615690168818272095333"
"2019-09-30T00:00:00.000","NULL","WA","Passenger","0","0","0","2","2","0"
"2019-10-31T00:00:00.000","Lewis","WA","Truck","0","0","0","26813","26813","0"
"2019-10-31T00:00:00.000","Thurston","WA","Passenger","1094","735","1829","202041","203870","0.8971403345269043998626575759"
"2019-09-30T00:00:00.000","Anne Arundel","MD","Passenger","1","3","4","434","438","0.9132420091324200913242009132"
"2018-10-31T00:00:00.000","Liberty","GA","Passenger","1","0","1","153","154","0.6493506493506493506493506494"
"2019-10-31T00:00:00.000","Tuolumne","CA","Passenger","0","1","1","10","11","9.090909090909090909090909091"
"2019-09-30T00:00:00.000","Asotin","WA","Passenger","13","9","22","12949","12971","0.1696091280548916814432194896"
"2019-10-31T00:00:00.000","Valencia","NM","Passenger","1","0","1","4","5","20.0"
"2019-10-31T00:00:00.000","Vigo","IN","Passenger","1","0","1","4","5","20.0"
"2019-03-31T00:00:00.000","Pinal","AZ","Passenger","2","0","2","165","167","1.197604790419161676646706587"
"2019-10-31T00:00:00.000","Clark","WA","Truck","0","0","0","83251","83251","0"
"2019-10-31T00:00:00.000","Walla Walla","WA","Truck","0","0","0","14078","14078","0"
"2018-10-31T00:00:00.000","Madison","ID","Passenger","1","0","1","36","37","2.702702702702702702702702703"
"2018-10-31T00:00:00.000","Yakima","WA","Truck","0","0","0","61171","61171","0"
"2019-10-31T00:00:00.000","Cowlitz","WA","Passenger","121","121","242","74855","75097","0.3222498901420829061081001904"
"2019-10-31T00:00:00.000","Westchester","NY","Passenger","0","1","1","28","29","3.448275862068965517241379310"
"2019-04-30T00:00:00.000","Tuolumne","CA","Passenger","0","1","1","11","12","8.333333333333333333333333333"
"2018-10-31T00:00:00.000","Maricopa","AZ","Passenger","3","1","4","1386","1390","0.2877697841726618705035971223"
"2018-11-30T00:00:00.000","NULL","NULL","Passenger","8","5","13","2188","2201","0.5906406179009541117673784643"
"2019-04-30T00:00:00.000","Valencia","NM","Passenger","1","0","1","6","7","14.28571428571428571428571429"
"2019-10-31T00:00:00.000","Cumberland","NC","Passenger","0","2","2","507","509","0.3929273084479371316306483301"
"2019-04-30T00:00:00.000","Vigo","IN","Passenger","1","0","1","4","5","20.0"
"2019-04-30T00:00:00.000","Walla Walla","WA","Truck","0","0","0","14051","14051","0"
"2018-10-31T00:00:00.000","Marion","IN","Passenger","1","0","1","119","120","0.8333333333333333333333333333"
"2019-11-30T00:00:00.000","NULL","CA","Passenger","1","2","3","243","246","1.219512195121951219512195122"
"2019-11-30T00:00:00.000","NULL","WA","Truck","0","0","0","1","1","0"
"2019-10-31T00:00:00.000","Montgomery","PA","Passenger","1","0","1","24","25","4.00"
"2018-11-30T00:00:00.000","Alexandria City","VA","Passenger","2","0","2","160","162","1.234567901234567901234567901"
"2019-11-30T00:00:00.000","Adams","WA","Truck","0","0","0","5404","5404","0"
"2019-09-30T00:00:00.000","Cascade","MT","Passenger","0","1","1","60","61","1.639344262295081967213114754"
"2018-10-31T00:00:00.000","Mason","WA","Passenger","123","109","232","47371","47603","0.4873642417494695712455097368"
"2019-09-30T00:00:00.000","Chaves","NM","Passenger","1","0","1","9","10","10.0"
"2019-10-31T00:00:00.000","New Castle","DE","Passenger","1","0","1","24","25","4.00"
"2019-11-30T00:00:00.000","Allegheny","PA","Passenger","1","0","1","67","68","1.470588235294117647058823529"
"2019-10-31T00:00:00.000","Fairfax","VA","Passenger","3","3","6","735","741","0.8097165991902834008097165992"
"2019-10-31T00:00:00.000","Oklahoma","OK","Passenger","0","2","2","119","121","1.652892561983471074380165289"
"2019-11-30T00:00:00.000","Arapahoe","CO","Passenger","1","0","1","131","132","0.7575757575757575757575757576"
"2019-11-30T00:00:00.000","Arlington","VA","Passenger","0","2","2","143","145","1.379310344827586206896551724"
"2019-03-31T00:00:00.000","San Diego","CA","Passenger","7","4","11","2700","2711","0.4057543341940243452600516415"
"2018-11-30T00:00:00.000","Beaufort","SC","Passenger","1","0","1","31","32","3.12500"
"2018-10-31T00:00:00.000","Miami-Dade","FL","Passenger","0","1","1","110","111","0.9009009009009009009009009009"
"2019-10-31T00:00:00.000","Grant","WA","Passenger","58","69","127","67039","67166","0.1890837626179912455706756395"
"2019-09-30T00:00:00.000","Contra Costa","CA","Passenger","1","0","1","198","199","0.5025125628140703517587939698"
"2019-11-30T00:00:00.000","Bell","TX","Passenger","0","1","1","424","425","0.2352941176470588235294117647"
"2019-10-31T00:00:00.000","Grays Harbor","WA","Passenger","108","100","208","49107","49315","0.4217783635810605292507350705"
"2019-11-30T00:00:00.000","Benton","WA","Truck","0","0","0","43544","43544","0"
"2019-10-31T00:00:00.000","Harrison","MS","Passenger","1","0","1","62","63","1.587301587301587301587301587"
"2018-10-31T00:00:00.000","Monterey","CA","Passenger","0","2","2","204","206","0.9708737864077669902912621359"
"2019-10-31T00:00:00.000","San Juan","WA","Passenger","242","80","322","14714","15036","2.141527001862197392923649907"
"2019-09-30T00:00:00.000","El Paso","CO","Passenger","1","1","2","709","711","0.2812939521800281293952180028"
"2019-11-30T00:00:00.000","Boone","MO","Passenger","0","1","1","8","9","11.11111111111111111111111111"
"2019-03-31T00:00:00.000","Spartanburg","SC","Passenger","0","1","1","27","28","3.571428571428571428571428571"
"2019-10-31T00:00:00.000","Sangamon","IL","Passenger","1","0","1","5","6","16.66666666666666666666666667"
"2018-10-31T00:00:00.000","Moore","NC","Passenger","0","1","1","199","200","0.500"
"2019-05-31T00:00:00.000","Cascade","MT","Passenger","0","1","1","60","61","1.639344262295081967213114754"
"2019-09-30T00:00:00.000","Fresno","CA","Passenger","1","0","1","184","185","0.5405405405405405405405405405"
"2019-10-31T00:00:00.000","Spokane","WA","Truck","1","0","1","99124","99125","0.001008827238335435056746532156"
"2019-11-30T00:00:00.000","Charles","MD","Passenger","0","1","1","78","79","1.265822784810126582278481013"
"2019-05-31T00:00:00.000","Chaves","NM","Passenger","1","0","1","7","8","12.500"
"2018-10-31T00:00:00.000","New Castle","DE","Passenger","1","0","1","27","28","3.571428571428571428571428571"
"2018-10-31T00:00:00.000","Norfolk City","VA","Passenger","3","2","5","353","358","1.396648044692737430167597765"
"2019-11-30T00:00:00.000","Clallam","WA","Truck","1","0","1","22334","22335","0.004477277815088426236847996418"
"2019-10-31T00:00:00.000","King","WA","Passenger","21866","7721","29587","1415554","1445141","2.047343477210874233033316472"
"2019-05-31T00:00:00.000","Clark","WA","Passenger","1585","952","2537","319111","321648","0.7887504352584191414216783565"
"2019-10-31T00:00:00.000","Thurston","WA","Truck","0","0","0","56863","56863","0"
"2019-10-31T00:00:00.000","Klickitat","WA","Truck","0","0","0","8547","8547","0"
"2019-05-31T00:00:00.000","Cochise","AZ","Passenger","0","1","1","119","120","0.8333333333333333333333333333"
"2019-09-30T00:00:00.000","Greene","MO","Passenger","0","1","1","19","20","5.00"
"2019-11-30T00:00:00.000","Davidson","TN","Passenger","1","0","1","65","66","1.515151515151515151515151515"
"2018-11-30T00:00:00.000","Clark","WA","Truck","0","0","0","82074","82074","0"
"2019-09-30T00:00:00.000","Guilford","NC","Passenger","1","0","1","28","29","3.448275862068965517241379310"
"2019-11-30T00:00:00.000","Dekalb","GA","Passenger","1","0","1","74","75","1.333333333333333333333333333"
"2019-09-30T00:00:00.000","Harris","TX","Passenger","1","1","2","222","224","0.8928571428571428571428571429"
"2019-10-31T00:00:00.000","Lewis","WA","Passenger","117","109","226","60626","60852","0.3713928876618681390915664235"
"2019-09-30T00:00:00.000","Honolulu","HI","Passenger","3","0","3","456","459","0.6535947712418300653594771242"
"2018-10-31T00:00:00.000","Pinal","AZ","Passenger","2","0","2","175","177","1.129943502824858757062146893"
"2018-11-30T00:00:00.000","Cowlitz","WA","Passenger","82","103","185","73713","73898","0.2503450702319413245284040163"
"2019-05-31T00:00:00.000","El Paso","CO","Passenger","1","1","2","717","719","0.2781641168289290681502086231"
"2019-04-30T00:00:00.000","Ada","ID","Passenger","0","2","2","282","284","0.7042253521126760563380281690"
"2019-04-30T00:00:00.000","Alameda","CA","Passenger","3","2","5","303","308","1.623376623376623376623376623"
"2019-10-31T00:00:00.000","Maricopa","AZ","Passenger","5","4","9","1254","1263","0.7125890736342042755344418052"
"2019-11-30T00:00:00.000","Frederick","MD","Passenger","2","1","3","86","89","3.370786516853932584269662921"
"2019-04-30T00:00:00.000","Anne Arundel","MD","Passenger","0","3","3","448","451","0.6651884700665188470066518847"
"2019-04-30T00:00:00.000","Asotin","WA","Passenger","13","9","22","12961","12983","0.1694523607794808595856119541"
"2019-05-31T00:00:00.000","Fresno","CA","Passenger","1","0","1","182","183","0.5464480874316939890710382514"
"2019-09-30T00:00:00.000","Lewis","WA","Truck","0","0","0","26752","26752","0"
"2019-11-30T00:00:00.000","Hidalgo","TX","Passenger","0","1","1","82","83","1.204819277108433734939759036"
"2019-11-30T00:00:00.000","Boulder","CO","Passenger","1","1","2","39","41","4.878048780487804878048780488"
"2018-11-30T00:00:00.000","Fairfax","VA","Passenger","1","3","4","790","794","0.5037783375314861460957178841"
"2019-11-30T00:00:00.000","Jefferson","NY","Passenger","0","1","1","227","228","0.4385964912280701754385964912"
"2019-05-31T00:00:00.000","Jefferson","WA","Passenger","203","129","332","25418","25750","1.289320388349514563106796117"
"2018-10-31T00:00:00.000","San Diego","CA","Passenger","6","4","10","2622","2632","0.3799392097264437689969604863"
"2019-11-30T00:00:00.000","Kent","DE","Passenger","0","1","1","71","72","1.388888888888888888888888889"
"2019-11-30T00:00:00.000","Columbia","WA","Passenger","3","2","5","2500","2505","0.1996007984031936127744510978"
"2019-11-30T00:00:00.000","Kittitas","WA","Truck","0","0","0","15022","15022","0"
"2019-11-30T00:00:00.000","Columbia","WA","Truck","0","0","0","1600","1600","0"
"2019-05-31T00:00:00.000","Klickitat","WA","Passenger","39","34","73","15893","15966","0.4572215958912689465113365903"
"2019-11-30T00:00:00.000","Kootenai","ID","Passenger","1","1","2","195","197","1.015228426395939086294416244"
"2018-11-30T00:00:00.000","Grant","WA","Passenger","35","57","92","65830","65922","0.1395588726070204180698401141"
"2019-09-30T00:00:00.000","Nueces","TX","Passenger","1","1","2","93","95","2.105263157894736842105263158"
"2019-04-30T00:00:00.000","Chelan","WA","Truck","0","0","0","22820","22820","0"
"2019-09-30T00:00:00.000","Okanogan","WA","Truck","0","0","0","4157","4157","0"
"2019-10-31T00:00:00.000","Powhatan","VA","Passenger","1","0","1","0","1","100"
"2018-11-30T00:00:00.000","Guilford","NC","Passenger","1","0","1","25","26","3.846153846153846153846153846"
"2019-11-30T00:00:00.000","Liberty","GA","Passenger","1","0","1","129","130","0.7692307692307692307692307692"
"2019-11-30T00:00:00.000","Deschutes","OR","Passenger","2","0","2","119","121","1.652892561983471074380165289"
"2018-10-31T00:00:00.000","Shelby","TN","Passenger","0","1","1","110","111","0.9009009009009009009009009009"
"2019-11-30T00:00:00.000","Douglas","OR","Passenger","1","0","1","45","46","2.173913043478260869565217391"
"2019-05-31T00:00:00.000","Mecklenburg","NC","Passenger","1","0","1","83","84","1.190476190476190476190476190"
"2019-11-30T00:00:00.000","Dupage","IL","Passenger","2","0","2","52","54","3.703703703703703703703703704"
"2018-11-30T00:00:00.000","Honolulu","HI","Passenger","2","1","3","495","498","0.6024096385542168674698795181"
"2019-10-31T00:00:00.000","San Francisco","CA","Passenger","2","1","3","95","98","3.061224489795918367346938776"
"2019-09-30T00:00:00.000","Saginaw","MI","Passenger","1","0","1","11","12","8.333333333333333333333333333"
"2019-04-30T00:00:00.000","Cowlitz","WA","Truck","0","0","0","29678","29678","0"
"2019-09-30T00:00:00.000","Saint Marys","MD","Passenger","1","0","1","200","201","0.4975124378109452736318407960"
"2018-11-30T00:00:00.000","Island","WA","Passenger","281","233","514","64291","64805","0.7931486767996296582053853869"
"2019-09-30T00:00:00.000","San Juan","WA","Passenger","234","77","311","14728","15039","2.067956646053593988962032050"
"2019-10-31T00:00:00.000","Santa Fe","NM","Passenger","0","1","1","35","36","2.777777777777777777777777778"
"2019-09-30T00:00:00.000","San Mateo","CA","Passenger","2","1","3","119","122","2.459016393442622950819672131"
"2019-10-31T00:00:00.000","Sarasota","FL","Passenger","1","0","1","24","25","4.00"
"2019-11-30T00:00:00.000","Guadalupe","TX","Passenger","2","0","2","56","58","3.448275862068965517241379310"
"2018-10-31T00:00:00.000","Valencia","NM","Passenger","1","0","1","7","8","12.500"
"2019-04-30T00:00:00.000","Denver","CO","Passenger","1","0","1","120","121","0.8264462809917355371900826446"
"2019-09-30T00:00:00.000","Santa Clara","CA","Passenger","3","2","5","324","329","1.519756838905775075987841945"
"2019-10-31T00:00:00.000","Skamania","WA","Truck","0","0","0","4268","4268","0"
"2019-11-30T00:00:00.000","Hennepin","MN","Passenger","2","0","2","95","97","2.061855670103092783505154639"
"2018-11-30T00:00:00.000","King","WA","Passenger","16244","6677","22921","1397581","1420502","1.613584493369245520245659633"
"2019-10-31T00:00:00.000","Spokane","WA","Passenger","656","497","1153","321396","322549","0.3574650673231043965413007016"
"2019-04-30T00:00:00.000","El Paso","TX","Passenger","2","0","2","498","500","0.400"
"2019-05-31T00:00:00.000","Russell","AL","Passenger","1","0","1","38","39","2.564102564102564102564102564"
"2019-11-30T00:00:00.000","Otero","NM","Passenger","0","1","1","38","39","2.564102564102564102564102564"
"2019-11-30T00:00:00.000","Ozaukee","WI","Passenger","0","1","1","3","4","25.00"
"2019-11-30T00:00:00.000","Pacific","WA","Truck","0","0","0","7927","7927","0"
"2019-11-30T00:00:00.000","Jefferson","WA","Truck","0","0","0","9862","9862","0"
"2019-05-31T00:00:00.000","Saginaw","MI","Passenger","1","0","1","11","12","8.333333333333333333333333333"
"2019-11-30T00:00:00.000","Palm Beach","FL","Passenger","0","1","1","68","69","1.449275362318840579710144928"
"2019-09-30T00:00:00.000","Thurston","WA","Truck","0","0","0","56763","56763","0"
"2018-11-30T00:00:00.000","Ada","ID","Passenger","0","2","2","297","299","0.6688963210702341137123745819"
"2019-11-30T00:00:00.000","Jones","GA","Passenger","1","0","1","1","2","50.0"
"2018-11-30T00:00:00.000","Lincoln","WA","Truck","0","0","0","4774","4774","0"
"2019-05-31T00:00:00.000","San Juan","WA","Passenger","210","74","284","14675","14959","1.898522628517949060766093990"
"2019-11-30T00:00:00.000","Juneau","AK","Passenger","0","1","1","21","22","4.545454545454545454545454545"
"2019-09-30T00:00:00.000","Tulsa","OK","Passenger","0","1","1","42","43","2.325581395348837209302325581"
"2019-04-30T00:00:00.000","Franklin","WA","Passenger","61","70","131","60769","60900","0.2151067323481116584564860427"
"2019-11-30T00:00:00.000","Pinal","AZ","Passenger","1","0","1","158","159","0.6289308176100628930817610063"
"2018-11-30T00:00:00.000","Alameda","CA","Passenger","0","2","2","319","321","0.6230529595015576323987538941"
"2019-05-31T00:00:00.000","San Mateo","CA","Passenger","2","1","3","122","125","2.400"
"2019-10-31T00:00:00.000","Ventura","CA","Passenger","0","2","2","309","311","0.6430868167202572347266881029"
"2019-04-30T00:00:00.000","Fresno","CA","Passenger","1","0","1","182","183","0.5464480874316939890710382514"
"2019-10-31T00:00:00.000","Wahkiakum","WA","Truck","0","0","0","1794","1794","0"
"2019-04-30T00:00:00.000","Gallatin","MT","Passenger","0","1","1","53","54","1.851851851851851851851851852"
"2019-05-31T00:00:00.000","Snohomish","WA","Truck","1","0","1","125905","125906","0.0007942433243848585452639270567"
"2018-11-30T00:00:00.000","Arlington","VA","Passenger","1","1","2","159","161","1.242236024844720496894409938"
"2019-05-31T00:00:00.000","Stevens","WA","Truck","0","0","0","19426","19426","0"
"2019-10-31T00:00:00.000","Whatcom","WA","Truck","2","0","2","44138","44140","0.004531037607612143180788400544"
"2019-04-30T00:00:00.000","Grant","WA","Truck","0","0","0","27437","27437","0"
"2019-09-30T00:00:00.000","Yakima","WA","Passenger","123","123","246","170058","170304","0.1444475760992108229988726043"
"2019-04-30T00:00:00.000","Grays Harbor","WA","Truck","0","0","0","20947","20947","0"
"2019-05-31T00:00:00.000","Thurston","WA","Truck","0","0","0","56441","56441","0"
"2019-10-31T00:00:00.000","NULL","CA","Passenger","1","2","3","247","250","1.200"
"2019-10-31T00:00:00.000","NULL","WA","Truck","0","0","0","1","1","0"
"2019-11-30T00:00:00.000","Los Angeles","CA","Passenger","7","8","15","1025","1040","1.442307692307692307692307692"
"2019-10-31T00:00:00.000","Allegheny","PA","Passenger","1","0","1","68","69","1.449275362318840579710144928"
"2019-11-30T00:00:00.000","NULL","NULL","Passenger","8","6","14","2004","2018","0.6937561942517343904856293360"
"2019-10-31T00:00:00.000","Arapahoe","CO","Passenger","1","0","1","132","133","0.7518796992481203007518796992"
"2019-11-30T00:00:00.000","Manassas City","VA","Passenger","0","1","1","6","7","14.28571428571428571428571429"
"2019-11-30T00:00:00.000","Skamania","WA","Passenger","29","19","48","9012","9060","0.5298013245033112582781456954"
"2019-11-30T00:00:00.000","Adams","WA","Passenger","6","8","14","13264","13278","0.1054375658984786865491790932"
"2018-11-30T00:00:00.000","Norfolk City","VA","Passenger","3","2","5","357","362","1.381215469613259668508287293"
"2019-10-31T00:00:00.000","Bell","TX","Passenger","0","1","1","431","432","0.2314814814814814814814814815"
"2019-10-31T00:00:00.000","Benton","WA","Truck","0","0","0","43502","43502","0"
"2019-11-30T00:00:00.000","Sumter","FL","Passenger","0","1","1","8","9","11.11111111111111111111111111"
"2019-05-31T00:00:00.000","Washoe","NV","Passenger","2","0","2","93","95","2.105263157894736842105263158"
"2018-11-30T00:00:00.000","Okanogan","WA","Truck","0","0","0","4279","4279","0"
"2019-11-30T00:00:00.000","Montgomery","MD","Passenger","0","4","4","270","274","1.459854014598540145985401460"
"2019-05-31T00:00:00.000","Whitman","WA","Truck","0","0","0","8811","8811","0"
"2019-11-30T00:00:00.000","Multnomah","OR","Passenger","4","6","10","684","694","1.440922190201729106628242075"
"2019-11-30T00:00:00.000","Travis","TX","Passenger","1","1","2","170","172","1.162790697674418604651162791"
"2019-05-31T00:00:00.000","Yakima","WA","Passenger","105","113","218","169567","169785","0.1283976794180875813528874753"
"2019-10-31T00:00:00.000","Bucks","PA","Passenger","1","0","1","23","24","4.166666666666666666666666667"
"2019-11-30T00:00:00.000","Okanogan","NULL","Passenger","26","22","48","20850","20898","0.2296870513924777490668963537"
"2018-11-30T00:00:00.000","Clark","NV","Passenger","2","1","3","681","684","0.4385964912280701754385964912"
"2019-10-31T00:00:00.000","Camden","GA","Passenger","1","1","2","160","162","1.234567901234567901234567901"
"2019-11-30T00:00:00.000","Valencia","NM","Passenger","1","0","1","3","4","25.00"
"2019-11-30T00:00:00.000","Vigo","IN","Passenger","1","0","1","4","5","20.0"
"2019-11-30T00:00:00.000","Oldham","KY","Passenger","0","1","1","4","5","20.0"
"2019-11-30T00:00:00.000","Wahkiakum","WA","Passenger","4","4","8","3106","3114","0.2569043031470777135517019910"
"2019-10-31T00:00:00.000","Carson City","NV","Passenger","1","0","1","10","11","9.090909090909090909090909091"
"2019-04-30T00:00:00.000","Kern","CA","Passenger","1","1","2","233","235","0.8510638297872340425531914894"
"2019-11-30T00:00:00.000","Camden","GA","Passenger","1","1","2","157","159","1.257861635220125786163522013"
"2019-11-30T00:00:00.000","Pacific","WA","Passenger","39","33","72","16365","16437","0.4380361379813834641357912028"
"2019-06-30T00:00:00.000","Boulder","CO","Passenger","1","0","1","34","35","2.857142857142857142857142857"
"2018-11-30T00:00:00.000","Columbia","GA","Passenger","1","1","2","162","164","1.219512195121951219512195122"
"2019-04-30T00:00:00.000","King","WA","Truck","6","1","7","186734","186741","0.003748507290846680696793955264"
"2019-10-31T00:00:00.000","Charles","MD","Passenger","0","1","1","77","78","1.282051282051282051282051282"
"2019-11-30T00:00:00.000","Whatcom","WA","Passenger","1020","495","1515","154019","155534","0.9740635488060488381961500379"
"2019-06-30T00:00:00.000","Brevard","FL","Passenger","0","1","1","72","73","1.369863013698630136986301370"
"2019-11-30T00:00:00.000","Pierce","WA","Passenger","2322","1749","4071","557787","561858","0.7245602981536260051472080134"
"2019-11-30T00:00:00.000","Pinellas","FL","Passenger","1","1","2","86","88","2.272727272727272727272727273"
"2019-11-30T00:00:00.000","Clark","NV","Passenger","2","1","3","627","630","0.4761904761904761904761904762"
"2019-04-30T00:00:00.000","Larimer","CO","Passenger","0","1","1","45","46","2.173913043478260869565217391"
"2019-06-30T00:00:00.000","Bryan","GA","Passenger","1","0","1","59","60","1.666666666666666666666666667"
"2018-11-30T00:00:00.000","Cowlitz","WA","Truck","0","0","0","29568","29568","0"
"2019-10-31T00:00:00.000","Clallam","WA","Truck","1","0","1","22338","22339","0.004476476117999910470477640002"
"2019-11-30T00:00:00.000","Columbia","GA","Passenger","1","1","2","149","151","1.324503311258278145695364238"
"2019-11-30T00:00:00.000","Putnam","TN","Passenger","0","1","1","2","3","33.33333333333333333333333333"
"2019-11-30T00:00:00.000","Contra Costa","CA","Passenger","2","0","2","189","191","1.047120418848167539267015707"
"2019-11-30T00:00:00.000","Ramsey","MN","Passenger","1","0","1","35","36","2.777777777777777777777777778"
"2018-11-30T00:00:00.000","Dale","AL","Passenger","0","1","1","65","66","1.515151515151515151515151515"
"2019-04-30T00:00:00.000","Lewis","WA","Passenger","102","97","199","60080","60279","0.3301315549362132749382040180"
"2019-11-30T00:00:00.000","Riverside","CA","Passenger","2","1","3","606","609","0.4926108374384236453201970443"
"2019-06-30T00:00:00.000","Chelan","WA","Truck","0","0","0","22897","22897","0"
"2019-04-30T00:00:00.000","Lewis","WA","Truck","0","0","0","26666","26666","0"
"2018-11-30T00:00:00.000","Dallas","TX","Passenger","0","1","1","177","178","0.5617977528089887640449438202"
"2018-11-30T00:00:00.000","Dekalb","IN","Passenger","1","0","1","1","2","50.0"
"2018-11-30T00:00:00.000","San Diego","CA","Passenger","6","4","10","2623","2633","0.3797949107481959741739460691"
"2019-06-30T00:00:00.000","Clackamas","OR","Passenger","0","1","1","194","195","0.5128205128205128205128205128"
"2019-12-31T00:00:00.000","Boulder","CO","Passenger","1","1","2","38","40","5.00"
"2018-11-30T00:00:00.000","San Francisco","CA","Passenger","2","1","3","112","115","2.608695652173913043478260870"
"2019-11-30T00:00:00.000","Dekalb","IN","Passenger","1","0","1","1","2","50.0"
"2019-12-31T00:00:00.000","Brevard","FL","Passenger","0","1","1","73","74","1.351351351351351351351351351"
"2019-11-30T00:00:00.000","San Bernardino","CA","Passenger","0","1","1","460","461","0.2169197396963123644251626898"
"2019-11-30T00:00:00.000","District Of Columbia","DC","Passenger","1","2","3","213","216","1.388888888888888888888888889"
"2019-06-30T00:00:00.000","Cochise","AZ","Passenger","0","1","1","121","122","0.8196721311475409836065573770"
"2018-11-30T00:00:00.000","El Paso","TX","Passenger","1","0","1","508","509","0.1964636542239685658153241650"
"2019-12-31T00:00:00.000","Bryan","GA","Passenger","1","0","1","59","60","1.666666666666666666666666667"
"2019-11-30T00:00:00.000","Douglas","NE","Passenger","0","1","1","53","54","1.851851851851851851851851852"
"2019-11-30T00:00:00.000","Santa Cruz","CA","Passenger","1","0","1","34","35","2.857142857142857142857142857"
"2019-10-31T00:00:00.000","Davidson","TN","Passenger","1","0","1","65","66","1.515151515151515151515151515"
"2019-11-30T00:00:00.000","Skagit","WA","Truck","1","0","1","33453","33454","0.002989179171399533688049261673"
"2019-11-30T00:00:00.000","Flathead","MT","Passenger","1","0","1","55","56","1.785714285714285714285714286"
"2019-10-31T00:00:00.000","District Of Columbia","DC","Passenger","1","2","3","213","216","1.388888888888888888888888889"
"2018-11-30T00:00:00.000","Skamania","WA","Truck","0","0","0","4186","4186","0"
"2019-06-30T00:00:00.000","Denver","CO","Passenger","1","0","1","122","123","0.8130081300813008130081300813"
"2019-06-30T00:00:00.000","Deschutes","OR","Passenger","2","0","2","131","133","1.503759398496240601503759398"
"2019-12-31T00:00:00.000","Chelan","WA","Truck","0","0","0","23133","23133","0"
"2019-11-30T00:00:00.000","Twin Falls","ID","Passenger","0","1","1","23","24","4.166666666666666666666666667"
"2018-11-30T00:00:00.000","Spokane","WA","Passenger","445","390","835","313882","314717","0.2653177298970185913058398498"
"2019-12-31T00:00:00.000","Clackamas","OR","Passenger","1","1","2","182","184","1.086956521739130434782608696"
"2019-04-30T00:00:00.000","Monterey","CA","Passenger","0","1","1","206","207","0.4830917874396135265700483092"
"2019-11-30T00:00:00.000","Harris","TX","Passenger","1","1","2","218","220","0.9090909090909090909090909091"
"2018-11-30T00:00:00.000","Grant","WA","Truck","0","0","0","27207","27207","0"
"2019-04-30T00:00:00.000","Montgomery","PA","Passenger","2","0","2","25","27","7.407407407407407407407407407"
"2019-11-30T00:00:00.000","Volusia","FL","Passenger","0","1","1","36","37","2.702702702702702702702702703"
"2019-10-31T00:00:00.000","Glacier","MT","Passenger","0","1","1","5","6","16.66666666666666666666666667"
"2018-11-30T00:00:00.000","Grays Harbor","WA","Passenger","72","73","145","48303","48448","0.2992899603698811096433289300"
"2019-12-31T00:00:00.000","Cochise","AZ","Passenger","0","1","1","111","112","0.8928571428571428571428571429"
"2018-11-30T00:00:00.000","Grays Harbor","WA","Truck","0","0","0","20953","20953","0"
"2019-06-30T00:00:00.000","Garfield","WA","Truck","0","0","0","988","988","0"
"2019-04-30T00:00:00.000","New Castle","DE","Passenger","1","0","1","24","25","4.00"
"2019-11-30T00:00:00.000","Washoe","NV","Passenger","1","0","1","84","85","1.176470588235294117647058824"
"2019-10-31T00:00:00.000","Harnett","NC","Passenger","0","1","1","192","193","0.5181347150259067357512953368"
"2019-06-30T00:00:00.000","Goochland","VA","Passenger","1","1","2","189","191","1.047120418848167539267015707"
"2019-04-30T00:00:00.000","Oklahoma","OK","Passenger","0","1","1","115","116","0.8620689655172413793103448276"
"2019-11-30T00:00:00.000","Wayne","MI","Passenger","0","1","1","59","60","1.666666666666666666666666667"
"2019-11-30T00:00:00.000","Honolulu","HI","Passenger","3","0","3","447","450","0.6666666666666666666666666667"
"2018-11-30T00:00:00.000","Hardin","KY","Passenger","0","1","1","114","115","0.8695652173913043478260869565"
"2019-11-30T00:00:00.000","Westchester","NY","Passenger","0","1","1","28","29","3.448275862068965517241379310"
"2018-11-30T00:00:00.000","Wahkiakum","WA","Truck","0","0","0","1753","1753","0"
"2019-12-31T00:00:00.000","Denver","CO","Passenger","1","0","1","116","117","0.8547008547008547008547008547"
"2019-12-31T00:00:00.000","Deschutes","OR","Passenger","2","0","2","121","123","1.626016260162601626016260163"
"2019-10-31T00:00:00.000","Jefferson","NY","Passenger","0","1","1","226","227","0.4405286343612334801762114537"
"2019-11-30T00:00:00.000","Whitman","WA","Passenger","42","49","91","23117","23208","0.3921061702861082385384350224"
"2019-10-31T00:00:00.000","Kent","DE","Passenger","0","1","1","71","72","1.388888888888888888888888889"
"2019-06-30T00:00:00.000","Kern","CA","Passenger","1","1","2","230","232","0.8620689655172413793103448276"
"2019-10-31T00:00:00.000","Kittitas","WA","Passenger","93","47","140","30629","30769","0.4550034125255939419545646592"
"2018-11-30T00:00:00.000","Washtenaw","MI","Passenger","1","0","1","33","34","2.941176470588235294117647059"
"2019-10-31T00:00:00.000","Kittitas","WA","Truck","0","0","0","15016","15016","0"
"2019-10-31T00:00:00.000","Klamath","OR","Passenger","1","0","1","26","27","3.703703703703703703703703704"
"2019-12-31T00:00:00.000","Anne Arundel","MD","Passenger","1","3","4","430","434","0.9216589861751152073732718894"
"2018-11-30T00:00:00.000","Whatcom","WA","Truck","2","0","2","43835","43837","0.004562356000638729840089422178"
"2019-11-30T00:00:00.000","Kitsap","WA","Truck","1","0","1","55649","55650","0.001796945193171608265947888589"
"2019-10-31T00:00:00.000","Kootenai","ID","Passenger","1","1","2","194","196","1.020408163265306122448979592"
"2019-11-30T00:00:00.000","Klamath","OR","Passenger","1","0","1","25","26","3.846153846153846153846153846"
"2019-06-30T00:00:00.000","King","WA","Passenger","19578","7314","26892","1409068","1435960","1.872754115713529624780634558"
"2019-12-31T00:00:00.000","Asotin","WA","Passenger","15","10","25","13003","13028","0.1918943813325145839729812711"
"2019-12-31T00:00:00.000","Asotin","WA","Truck","0","0","0","6926","6926","0"
"2019-12-31T00:00:00.000","Garfield","WA","Truck","0","0","0","995","995","0"
"2019-06-30T00:00:00.000","Kitsap","WA","Passenger","1124","628","1752","183872","185624","0.9438434685170021117958884627"
"2019-12-31T00:00:00.000","Goochland","VA","Passenger","2","1","3","177","180","1.666666666666666666666666667"
"2019-04-30T00:00:00.000","San Juan","WA","Passenger","209","72","281","14672","14953","1.879221560890791145589513810"
"2018-12-31T00:00:00.000","NULL","NULL","Passenger","8","6","14","2182","2196","0.6375227686703096539162112933"
"2019-10-31T00:00:00.000","Maui","HI","Passenger","1","0","1","41","42","2.380952380952380952380952381"
"2019-04-30T00:00:00.000","Sangamon","IL","Passenger","2","0","2","7","9","22.22222222222222222222222222"
"2018-12-31T00:00:00.000","Adams","WA","Passenger","5","6","11","13135","13146","0.08367564278107409097824433288"
"2019-06-30T00:00:00.000","Lewis","WA","Passenger","107","98","205","60368","60573","0.3384346160830733164941475575"
"2019-12-31T00:00:00.000","Caddo","LA","Passenger","1","0","1","16","17","5.882352941176470588235294118"
"2019-06-30T00:00:00.000","Lincoln","WA","Passenger","4","9","13","8010","8023","0.1620341518135360837591923221"
"2019-04-30T00:00:00.000","Spokane","WA","Truck","1","0","1","97664","97665","0.001023908257820099319101008550"
"2019-11-30T00:00:00.000","Maui","HI","Passenger","1","0","1","41","42","2.380952380952380952380952381"
"2018-11-30T00:00:00.000","Klickitat","WA","Truck","0","0","0","8456","8456","0"
"2019-12-31T00:00:00.000","Cascade","MT","Passenger","0","1","1","58","59","1.694915254237288135593220339"
"2019-06-30T00:00:00.000","Manassas City","VA","Passenger","0","1","1","8","9","11.11111111111111111111111111"
"2018-11-30T00:00:00.000","Larimer","CO","Passenger","0","1","1","48","49","2.040816326530612244897959184"
"2019-12-31T00:00:00.000","Chaves","NM","Passenger","1","0","1","9","10","10.0"
"2019-11-30T00:00:00.000","Muscogee","GA","Passenger","0","1","1","179","180","0.5555555555555555555555555556"
"2019-10-31T00:00:00.000","Otero","NM","Passenger","0","1","1","38","39","2.564102564102564102564102564"
"2019-10-31T00:00:00.000","Pacific","WA","Truck","0","0","0","7908","7908","0"
"2019-12-31T00:00:00.000","Kern","CA","Passenger","1","1","2","227","229","0.8733624454148471615720524017"
"2019-06-30T00:00:00.000","Mason","WA","Truck","0","0","0","20996","20996","0"
"2019-04-30T00:00:00.000","Thurston","WA","Passenger","909","656","1565","200016","201581","0.7763628516576463059514537580"
"2019-11-30T00:00:00.000","Okanogan","WA","Truck","0","0","0","4121","4121","0"
"2019-10-31T00:00:00.000","Palm Beach","FL","Passenger","0","1","1","69","70","1.428571428571428571428571429"
"2019-12-31T00:00:00.000","Cook","IL","Passenger","1","0","1","212","213","0.4694835680751173708920187793"
"2019-04-30T00:00:00.000","Thurston","WA","Truck","0","0","0","56399","56399","0"
"2019-12-31T00:00:00.000","King","WA","Passenger","22468","7874","30342","1414702","1445044","2.099728451175189129189145798"
"2019-10-31T00:00:00.000","Pend Oreille","WA","Passenger","8","6","14","9826","9840","0.1422764227642276422764227642"
"2018-11-30T00:00:00.000","Liberty","GA","Passenger","1","0","1","154","155","0.6451612903225806451612903226"
"2019-12-31T00:00:00.000","Kitsap","WA","Passenger","1281","684","1965","185524","187489","1.048061486273861399868792302"
"2019-10-31T00:00:00.000","Pend Oreille","WA","Truck","0","0","0","5981","5981","0"
"2019-11-30T00:00:00.000","Pierce","WA","Truck","0","0","0","144716","144716","0"
"2019-12-31T00:00:00.000","Fairbanks North Star","AK","Passenger","0","1","1","99","100","1.00"
"2019-06-30T00:00:00.000","Okanogan","WA","Passenger","3","7","10","6167","6177","0.1618908855431439209972478549"
"2019-12-31T00:00:00.000","Lewis","WA","Passenger","116","110","226","60732","60958","0.3707470717543226483808523902"
"2019-06-30T00:00:00.000","Oldham","KY","Passenger","0","1","1","4","5","20.0"
"2018-12-31T00:00:00.000","Camden","GA","Passenger","0","1","1","162","163","0.6134969325153374233128834356"
"2018-11-30T00:00:00.000","Marion","IN","Passenger","1","0","1","119","120","0.8333333333333333333333333333"
"2019-10-31T00:00:00.000","Saint Louis","MO","Passenger","1","0","1","70","71","1.408450704225352112676056338"
"2019-12-31T00:00:00.000","Ferry","WA","Passenger","5","2","7","4562","4569","0.1532063908951630553731669950"
"2019-06-30T00:00:00.000","Orange","CA","Passenger","5","1","6","530","536","1.119402985074626865671641791"
"2019-12-31T00:00:00.000","Lincoln","WA","Passenger","3","11","14","8012","8026","0.1744330924495389982556690755"
"2019-11-30T00:00:00.000","Saint Marys","MD","Passenger","1","0","1","198","199","0.5025125628140703517587939698"
"2019-12-31T00:00:00.000","Franklin","WA","Truck","0","0","0","20381","20381","0"
"2019-12-31T00:00:00.000","Fresno","CA","Passenger","1","0","1","174","175","0.5714285714285714285714285714"
"2019-11-30T00:00:00.000","San Diego","CA","Passenger","8","7","15","2817","2832","0.5296610169491525423728813559"
"2019-10-31T00:00:00.000","Skagit","WA","Passenger","371","231","602","94317","94919","0.6342249707645466134282914906"
"2019-06-30T00:00:00.000","Pierce","WA","Passenger","2036","1661","3697","553509","557206","0.6634889071546250399313718804"
"2019-11-30T00:00:00.000","San Juan","WA","Truck","0","0","0","6082","6082","0"
"2019-12-31T00:00:00.000","Manassas City","VA","Passenger","0","1","1","5","6","16.66666666666666666666666667"
"2019-10-31T00:00:00.000","Skamania","WA","Passenger","28","19","47","9029","9076","0.5178492728074041427941824592"
"2019-11-30T00:00:00.000","Santa Clara","CA","Passenger","4","2","6","320","326","1.840490797546012269938650307"
"2019-10-31T00:00:00.000","Snohomish","WA","Passenger","4074","1795","5869","544062","549931","1.067224797292751272432359696"
"2019-12-31T00:00:00.000","Mason","WA","Truck","0","0","0","21121","21121","0"
"2019-12-31T00:00:00.000","Grays Harbor","WA","Truck","0","0","0","21252","21252","0"
"2019-05-31T00:00:00.000","NULL","WA","Passenger","0","0","0","2","2","0"
"2018-12-31T00:00:00.000","Clark","NV","Passenger","2","1","3","675","678","0.4424778761061946902654867257"
"2019-05-31T00:00:00.000","NULL","WA","Truck","0","0","0","2","2","0"
"2019-10-31T00:00:00.000","Stevens","WA","Passenger","32","31","63","32460","32523","0.1937090674292039479752790333"
"2019-11-30T00:00:00.000","Shasta","CA","Passenger","1","0","1","40","41","2.439024390243902439024390244"
"2019-10-31T00:00:00.000","Sumter","FL","Passenger","0","1","1","8","9","11.11111111111111111111111111"
"2019-11-30T00:00:00.000","Shelby","TN","Passenger","0","1","1","92","93","1.075268817204301075268817204"
"2019-05-31T00:00:00.000","Albemarle","VA","Passenger","1","0","1","28","29","3.448275862068965517241379310"
"2019-11-30T00:00:00.000","Skagit","WA","Passenger","382","232","614","94321","94935","0.6467583083162163585611207668"
"2019-10-31T00:00:00.000","Travis","TX","Passenger","1","1","2","173","175","1.142857142857142857142857143"
"2019-12-31T00:00:00.000","Harrison","MS","Passenger","1","0","1","61","62","1.612903225806451612903225806"
"2018-12-31T00:00:00.000","Columbia","GA","Passenger","1","1","2","162","164","1.219512195121951219512195122"
"2019-06-30T00:00:00.000","Putnam","TN","Passenger","0","1","1","2","3","33.33333333333333333333333333"
"2019-11-30T00:00:00.000","Snohomish","WA","Passenger","4122","1816","5938","544424","550362","1.078926234005981517619312380"
"2018-11-30T00:00:00.000","New Castle","DE","Passenger","1","0","1","25","26","3.846153846153846153846153846"
"2019-10-31T00:00:00.000","Wahkiakum","WA","Passenger","4","4","8","3116","3124","0.2560819462227912932138284251"
"2019-05-31T00:00:00.000","Benton","WA","Passenger","268","281","549","136187","136736","0.4015036274280365083079803417"
"2019-12-31T00:00:00.000","Okanogan","WA","Passenger","3","8","11","6110","6121","0.1797091978434896258781244895"
"2019-06-30T00:00:00.000","Riley","KS","Passenger","1","0","1","67","68","1.470588235294117647058823529"
"2019-12-31T00:00:00.000","Oldham","KY","Passenger","0","1","1","3","4","25.00"
"2019-10-31T00:00:00.000","Washtenaw","MI","Passenger","1","0","1","31","32","3.12500"
"2018-11-30T00:00:00.000","Oklahoma","OK","Passenger","0","1","1","115","116","0.8620689655172413793103448276"
"2019-05-31T00:00:00.000","Brevard","FL","Passenger","0","1","1","72","73","1.369863013698630136986301370"
"2019-12-31T00:00:00.000","Orange","CA","Passenger","6","1","7","501","508","1.377952755905511811023622047"
"2018-11-30T00:00:00.000","Orange","FL","Passenger","2","1","3","167","170","1.764705882352941176470588235"
"2019-10-31T00:00:00.000","Whatcom","WA","Passenger","1004","494","1498","153898","155396","0.9639887770598985816880743391"
"2019-06-30T00:00:00.000","Santa Rosa","FL","Passenger","1","0","1","81","82","1.219512195121951219512195122"
"2018-12-31T00:00:00.000","Dale","AL","Passenger","0","1","1","64","65","1.538461538461538461538461538"
"2018-11-30T00:00:00.000","Ozaukee","WI","Passenger","0","1","1","4","5","20.0"
"2019-10-31T00:00:00.000","Yakima","WA","Truck","0","0","0","61767","61767","0"
"2019-12-31T00:00:00.000","Pierce","WA","Passenger","2367","1772","4139","558251","562390","0.7359661444904781379469762976"
"2019-11-30T00:00:00.000","Tulsa","OK","Passenger","0","1","1","41","42","2.380952380952380952380952381"
"2018-12-31T00:00:00.000","Dekalb","IN","Passenger","1","0","1","1","2","50.0"
"2019-11-30T00:00:00.000","Albemarle","VA","Passenger","1","0","1","31","32","3.12500"
"2018-12-31T00:00:00.000","District Of Columbia","DC","Passenger","1","4","5","207","212","2.358490566037735849056603774"
"2019-05-31T00:00:00.000","Clallam","WA","Passenger","177","144","321","51481","51802","0.6196671943168217443341955909"
"2018-12-31T00:00:00.000","Douglas","NE","Passenger","0","1","1","66","67","1.492537313432835820895522388"
"2019-11-30T00:00:00.000","Asotin","WA","Truck","0","0","0","6918","6918","0"
"2019-12-31T00:00:00.000","Putnam","TN","Passenger","0","1","1","2","3","33.33333333333333333333333333"
"2019-12-31T00:00:00.000","Lewis","WA","Truck","0","0","0","26846","26846","0"
"2019-12-31T00:00:00.000","Ada","ID","Passenger","0","1","1","263","264","0.3787878787878787878787878788"
"2019-12-31T00:00:00.000","Riley","KS","Passenger","1","0","1","64","65","1.538461538461538461538461538"
"2018-12-31T00:00:00.000","Flathead","MT","Passenger","1","0","1","51","52","1.923076923076923076923076923"
"2019-05-31T00:00:00.000","Dakota","MN","Passenger","0","1","1","33","34","2.941176470588235294117647059"
"2019-12-31T00:00:00.000","Alameda","CA","Passenger","4","0","4","266","270","1.481481481481481481481481481"
"2019-11-30T00:00:00.000","Broward","FL","Passenger","1","1","2","116","118","1.694915254237288135593220339"
"2019-12-31T00:00:00.000","Maricopa","AZ","Passenger","6","4","10","1224","1234","0.8103727714748784440842787682"
"2019-11-30T00:00:00.000","Caddo","LA","Passenger","1","0","1","17","18","5.555555555555555555555555556"
"2018-11-30T00:00:00.000","Saint Lucie","FL","Passenger","1","0","1","25","26","3.846153846153846153846153846"
"2019-12-31T00:00:00.000","Santa Rosa","FL","Passenger","1","0","1","83","84","1.190476190476190476190476190"
"2019-11-30T00:00:00.000","Carson City","NV","Passenger","1","0","1","9","10","10.0"
"2019-12-31T00:00:00.000","Bexar","TX","Passenger","1","6","7","590","597","1.172529313232830820770519263"
"2018-11-30T00:00:00.000","San Juan","WA","Truck","0","0","0","5999","5999","0"
"2019-12-31T00:00:00.000","Broward","FL","Passenger","0","1","1","117","118","0.8474576271186440677966101695"
"2018-11-30T00:00:00.000","Sangamon","IL","Passenger","1","0","1","8","9","11.11111111111111111111111111"
"2019-11-30T00:00:00.000","Cook","IL","Passenger","1","0","1","212","213","0.4694835680751173708920187793"
"2018-12-31T00:00:00.000","Guadalupe","TX","Passenger","1","0","1","69","70","1.428571428571428571428571429"
"2018-11-30T00:00:00.000","Shelby","TN","Passenger","0","1","1","109","110","0.9090909090909090909090909091"
"2019-12-31T00:00:00.000","Moore","NC","Passenger","0","1","1","168","169","0.5917159763313609467455621302"
"2018-12-31T00:00:00.000","Gwinnett","GA","Passenger","0","1","1","79","80","1.2500"
"2019-11-30T00:00:00.000","Cumberland","NC","Passenger","0","2","2","498","500","0.400"
"2019-12-31T00:00:00.000","New Castle","DE","Passenger","1","0","1","22","23","4.347826086956521739130434783"
"2018-11-30T00:00:00.000","Spokane","WA","Truck","1","0","1","96949","96950","0.001031459515214027849406910779"
"2019-05-31T00:00:00.000","Glacier","MT","Passenger","0","1","1","4","5","20.0"
"2019-12-31T00:00:00.000","Cowlitz","WA","Truck","0","0","0","29849","29849","0"
"2019-12-31T00:00:00.000","Nueces","TX","Passenger","1","1","2","85","87","2.298850574712643678160919540"
"2019-07-31T00:00:00.000","Clark","WA","Truck","0","0","0","82789","82789","0"
"2019-12-31T00:00:00.000","District Of Columbia","DC","Passenger","1","2","3","215","218","1.376146788990825688073394495"
"2019-07-31T00:00:00.000","Cowlitz","WA","Passenger","116","122","238","74451","74689","0.3186546881066823762535313098"
"2018-11-30T00:00:00.000","Thurston","WA","Passenger","794","601","1395","198766","200161","0.6969389641338722328525536943"
"2019-12-31T00:00:00.000","Duval","FL","Passenger","1","1","2","341","343","0.5830903790087463556851311953"
"2019-07-31T00:00:00.000","Cumberland","NC","Passenger","0","2","2","517","519","0.3853564547206165703275529865"
"2019-11-30T00:00:00.000","Franklin","WA","Truck","0","0","0","20324","20324","0"
"2019-12-31T00:00:00.000","El Paso","TX","Passenger","2","0","2","458","460","0.4347826086956521739130434783"
"2018-12-31T00:00:00.000","Honolulu","HI","Passenger","2","1","3","491","494","0.6072874493927125506072874494"
"2018-11-30T00:00:00.000","Ventura","CA","Passenger","0","2","2","319","321","0.6230529595015576323987538941"
"2019-12-31T00:00:00.000","Ferry","WA","Truck","0","0","0","3732","3732","0"
"2019-07-31T00:00:00.000","Dupage","IL","Passenger","2","0","2","49","51","3.921568627450980392156862745"
"2019-11-30T00:00:00.000","Garfield","WA","Passenger","0","1","1","1326","1327","0.07535795026375282592313489073"
"2019-12-31T00:00:00.000","Flathead","MT","Passenger","1","0","1","54","55","1.818181818181818181818181818"
"2019-11-30T00:00:00.000","Glacier","MT","Passenger","0","1","1","5","6","16.66666666666666666666666667"
"2019-05-31T00:00:00.000","Jefferson","CO","Passenger","0","2","2","60","62","3.225806451612903225806451613"
"2019-07-31T00:00:00.000","Fairfax","VA","Passenger","3","3","6","755","761","0.7884362680683311432325886991"
"2019-11-30T00:00:00.000","Guilford","NC","Passenger","1","0","1","28","29","3.448275862068965517241379310"
"2019-12-31T00:00:00.000","Saginaw","MI","Passenger","1","0","1","10","11","9.090909090909090909090909091"
"2019-12-31T00:00:00.000","Franklin","WA","Passenger","62","81","143","62216","62359","0.2293173399188569412594813900"
"2019-12-31T00:00:00.000","Fulton","GA","Passenger","0","2","2","99","101","1.980198019801980198019801980"
"2019-12-31T00:00:00.000","Garfield","WA","Passenger","0","1","1","1328","1329","0.07524454477050413844996237773"
"2019-11-30T00:00:00.000","Harnett","NC","Passenger","0","1","1","189","190","0.5263157894736842105263157895"
"2019-12-31T00:00:00.000","San Juan","WA","Passenger","257","83","340","14711","15051","2.258986113879476446747724404"
"2019-07-31T00:00:00.000","Grant","WA","Passenger","46","66","112","66724","66836","0.1675743611227482195224130708"
"2019-07-31T00:00:00.000","Grays Harbor","WA","Passenger","95","89","184","48857","49041","0.3751962643502375563304174058"
"2019-12-31T00:00:00.000","San Mateo","CA","Passenger","1","1","2","117","119","1.680672268907563025210084034"
"2019-12-31T00:00:00.000","Grant","WA","Truck","0","0","0","27895","27895","0"
"2019-07-31T00:00:00.000","Guilford","NC","Passenger","1","0","1","28","29","3.448275862068965517241379310"
"2019-12-31T00:00:00.000","Sarasota","FL","Passenger","1","0","1","22","23","4.347826086956521739130434783"
"2020-01-31T00:00:00.000","Clark","WA","Truck","0","0","0","83808","83808","0"
"2018-12-31T00:00:00.000","Kitsap","WA","Truck","1","0","1","55019","55020","0.001817520901490367139222101054"
"2019-07-31T00:00:00.000","Hennepin","MN","Passenger","2","0","2","99","101","1.980198019801980198019801980"
"2019-05-31T00:00:00.000","Lincoln","WA","Passenger","5","9","14","8012","8026","0.1744330924495389982556690755"
"2018-12-31T00:00:00.000","Klamath","OR","Passenger","1","0","1","26","27","3.703703703703703703703703704"
"2018-12-31T00:00:00.000","NULL","WA","Passenger","0","0","0","2","2","0"
"2019-07-31T00:00:00.000","Honolulu","HI","Passenger","3","1","4","463","467","0.8565310492505353319057815846"
"2020-01-31T00:00:00.000","Cowlitz","WA","Passenger","137","126","263","74911","75174","0.3498550030595684678213212015"
"2018-12-31T00:00:00.000","Alexandria City","VA","Passenger","2","0","2","162","164","1.219512195121951219512195122"
"2019-12-31T00:00:00.000","Suffolk City","VA","Passenger","1","0","1","121","122","0.8196721311475409836065573770"
"2020-01-31T00:00:00.000","Cumberland","NC","Passenger","0","2","2","501","503","0.3976143141153081510934393638"
"2019-12-31T00:00:00.000","Kent","MI","Passenger","0","1","1","21","22","4.545454545454545454545454545"
"2019-05-31T00:00:00.000","Mason","WA","Truck","0","0","0","21010","21010","0"
"2019-12-31T00:00:00.000","Thurston","WA","Truck","0","0","0","56946","56946","0"
"2019-07-31T00:00:00.000","Jefferson","WA","Truck","0","0","0","9900","9900","0"
"2019-12-31T00:00:00.000","King","WA","Truck","7","1","8","186826","186834","0.004281875889827333354742712782"
"2019-07-31T00:00:00.000","Juneau","AK","Passenger","0","1","1","25","26","3.846153846153846153846153846"
"2019-11-30T00:00:00.000","Mason","WA","Passenger","165","136","301","48596","48897","0.6155796879154140335807922776"
"2018-12-31T00:00:00.000","Benton","WA","Passenger","243","244","487","135464","135951","0.3582172988797434369736154938"
"2019-12-31T00:00:00.000","Valencia","NM","Passenger","1","0","1","3","4","25.00"
"2019-07-31T00:00:00.000","Klickitat","WA","Truck","0","0","0","8507","8507","0"
"2018-12-31T00:00:00.000","Brevard","FL","Passenger","0","1","1","83","84","1.190476190476190476190476190"
"2020-01-31T00:00:00.000","Dupage","IL","Passenger","2","0","2","52","54","3.703703703703703703703703704"
"2020-01-31T00:00:00.000","Fairfax","VA","Passenger","4","3","7","727","734","0.9536784741144414168937329700"
"2019-11-30T00:00:00.000","Montgomery","AL","Passenger","0","2","2","36","38","5.263157894736842105263157895"
"2018-12-31T00:00:00.000","Manatee","FL","Passenger","1","0","1","31","32","3.12500"
"2019-05-31T00:00:00.000","Montgomery","AL","Passenger","0","2","2","42","44","4.545454545454545454545454545"
"2019-11-30T00:00:00.000","Moore","NC","Passenger","0","1","1","177","178","0.5617977528089887640449438202"
"2019-12-31T00:00:00.000","Mason","OR","Passenger","2","0","2","16","18","11.11111111111111111111111111"
"2018-12-31T00:00:00.000","Marion","IN","Passenger","1","0","1","119","120","0.8333333333333333333333333333"
"2019-12-31T00:00:00.000","Yakima","WA","Passenger","130","124","254","170684","170938","0.1485918871169663854730955083"
"2019-12-31T00:00:00.000","Monroe","IL","Passenger","1","0","1","3","4","25.00"
"2018-12-31T00:00:00.000","Clackamas","OR","Passenger","0","1","1","200","201","0.4975124378109452736318407960"
"2018-12-31T00:00:00.000","Maui","HI","Passenger","1","0","1","49","50","2.00"
"2018-12-31T00:00:00.000","Clallam","WA","Passenger","159","131","290","51278","51568","0.5623642569035060502637294446"
"2020-01-31T00:00:00.000","Grant","WA","Passenger","61","76","137","67308","67445","0.2031284750537474979613018015"
"2020-01-31T00:00:00.000","Grays Harbor","WA","Passenger","117","110","227","49291","49518","0.4584191607092370451149077103"
"2019-07-31T00:00:00.000","Montgomery","MD","Passenger","1","4","5","280","285","1.754385964912280701754385965"
"2019-12-31T00:00:00.000","Montgomery","PA","Passenger","1","0","1","24","25","4.00"
"2020-01-31T00:00:00.000","Guilford","NC","Passenger","1","0","1","28","29","3.448275862068965517241379310"
"2020-01-31T00:00:00.000","Arapahoe","CO","Passenger","1","0","1","129","130","0.7692307692307692307692307692"
"2019-05-31T00:00:00.000","Orange","CA","Passenger","5","1","6","534","540","1.111111111111111111111111111"
"2018-12-31T00:00:00.000","Muscogee","GA","Passenger","0","1","1","199","200","0.500"
"2020-01-31T00:00:00.000","Benton","WA","Truck","0","0","0","43718","43718","0"
"2019-11-30T00:00:00.000","Pend Oreille","WA","Passenger","8","7","15","9843","9858","0.1521606816798539257455873402"
"2020-01-31T00:00:00.000","Hennepin","MN","Passenger","2","0","2","91","93","2.150537634408602150537634409"
"2020-01-31T00:00:00.000","Bucks","PA","Passenger","1","0","1","18","19","5.263157894736842105263157895"
"2019-05-31T00:00:00.000","Pend Oreille","WA","Passenger","5","5","10","9894","9904","0.1009693053311793214862681745"
"2019-07-31T00:00:00.000","Pinellas","FL","Passenger","1","0","1","93","94","1.063829787234042553191489362"
"2018-12-31T00:00:00.000","Okanogan","WA","Truck","0","0","0","4265","4265","0"
"2020-01-31T00:00:00.000","Calvert","MD","Passenger","0","2","2","92","94","2.127659574468085106382978723"
"2019-07-31T00:00:00.000","Powhatan","VA","Passenger","1","0","1","0","1","100"
"2018-12-31T00:00:00.000","Orange","FL","Passenger","2","0","2","168","170","1.176470588235294117647058824"
"2018-12-31T00:00:00.000","Dakota","MN","Passenger","0","1","1","31","32","3.12500"
"2020-01-31T00:00:00.000","Jefferson","WA","Truck","0","0","0","9866","9866","0"
"2020-01-31T00:00:00.000","Charles","MD","Passenger","0","1","1","74","75","1.333333333333333333333333333"
"2019-12-31T00:00:00.000","Prince William","VA","Passenger","1","3","4","229","233","1.716738197424892703862660944"
"2020-01-31T00:00:00.000","Juneau","AK","Passenger","0","1","1","22","23","4.347826086956521739130434783"
"2020-01-31T00:00:00.000","Chesapeake City","VA","Passenger","0","2","2","419","421","0.4750593824228028503562945368"
"2019-11-30T00:00:00.000","Saint Louis","MO","Passenger","1","0","1","70","71","1.408450704225352112676056338"
"2020-01-31T00:00:00.000","Klickitat","WA","Truck","0","0","0","8542","8542","0"
"2019-05-31T00:00:00.000","Riley","KS","Passenger","1","0","1","68","69","1.449275362318840579710144928"
"2020-01-31T00:00:00.000","Clallam","WA","Truck","1","0","1","22363","22364","0.004471472008585226256483634412"
"2018-12-31T00:00:00.000","Pierce","WA","Truck","0","0","0","143448","143448","0"
"2019-07-31T00:00:00.000","San Francisco","CA","Passenger","2","1","3","102","105","2.857142857142857142857142857"
"2018-12-31T00:00:00.000","Duval","FL","Passenger","1","1","2","374","376","0.5319148936170212765957446809"
"2020-01-31T00:00:00.000","Clark","WA","Passenger","2054","1102","3156","325462","328618","0.9603856149084955784527932128"
"2019-12-31T00:00:00.000","Santa Barbara","CA","Passenger","1","0","1","90","91","1.098901098901098901098901099"
"2019-07-31T00:00:00.000","Santa Fe","NM","Passenger","0","1","1","33","34","2.941176470588235294117647059"
"2019-12-31T00:00:00.000","Shasta","CA","Passenger","1","0","1","39","40","2.500"
"2019-12-31T00:00:00.000","Snohomish","WA","Passenger","4213","1822","6035","545259","551294","1.094697203307128319916414835"
"2019-05-31T00:00:00.000","Santa Rosa","FL","Passenger","1","0","1","80","81","1.234567901234567901234567901"
"2019-12-31T00:00:00.000","Spokane","WA","Truck","1","0","1","99417","99418","0.001005854070691424088193284918"
"2018-12-31T00:00:00.000","Ferry","WA","Truck","0","0","0","3775","3775","0"
"2019-11-30T00:00:00.000","Spartanburg","SC","Passenger","0","1","1","35","36","2.777777777777777777777777778"
"2019-07-31T00:00:00.000","Spartanburg","SC","Passenger","0","1","1","30","31","3.225806451612903225806451613"
"2020-01-31T00:00:00.000","Douglas","WA","Passenger","70","39","109","28912","29021","0.3755900899348747458736776817"
"2019-11-30T00:00:00.000","Stafford","VA","Passenger","1","0","1","89","90","1.111111111111111111111111111"
"2019-07-31T00:00:00.000","Spokane","WA","Passenger","594","469","1063","319815","320878","0.3312785544661834092708132063"
"2019-12-31T00:00:00.000","Stevens","WA","Passenger","34","34","68","32451","32519","0.2091085211722377686890740798"
"2020-01-31T00:00:00.000","Montgomery","MD","Passenger","0","4","4","261","265","1.509433962264150943396226415"
"2019-11-30T00:00:00.000","Stevens","WA","Passenger","34","33","67","32449","32516","0.2060524049698609915118710789"
"2018-12-31T00:00:00.000","Saint Marys","MD","Passenger","1","0","1","201","202","0.4950495049504950495049504950"
"2019-12-31T00:00:00.000","Thurston","WA","Passenger","1147","757","1904","202208","204112","0.9328211962060045465234773066"
"2018-12-31T00:00:00.000","Goochland","VA","Passenger","0","1","1","187","188","0.5319148936170212765957446809"
"2018-12-31T00:00:00.000","San Diego","CA","Passenger","6","4","10","2628","2638","0.3790750568612585291887793783"
"2019-12-31T00:00:00.000","Tuolumne","CA","Passenger","0","1","1","9","10","10.0"
"2019-11-30T00:00:00.000","Tuolumne","CA","Passenger","0","1","1","9","10","10.0"
"2018-12-31T00:00:00.000","San Juan","WA","Truck","0","0","0","6011","6011","0"
"2019-05-31T00:00:00.000","Spartanburg","SC","Passenger","0","1","1","29","30","3.333333333333333333333333333"
"2019-07-31T00:00:00.000","Ventura","CA","Passenger","0","2","2","313","315","0.6349206349206349206349206349"
"2020-01-31T00:00:00.000","Glacier","MT","Passenger","0","1","1","4","5","20.0"
"2018-12-31T00:00:00.000","Santa Clara","CA","Passenger","8","1","9","357","366","2.459016393442622950819672131"
"2018-12-31T00:00:00.000","Shasta","CA","Passenger","1","0","1","44","45","2.222222222222222222222222222"
"2019-07-31T00:00:00.000","Wayne","MI","Passenger","0","1","1","65","66","1.515151515151515151515151515"
"2020-01-31T00:00:00.000","Pinellas","FL","Passenger","1","1","2","85","87","2.298850574712643678160919540"
"2020-01-31T00:00:00.000","Howard","MD","Passenger","0","1","1","88","89","1.123595505617977528089887640"
"2019-07-31T00:00:00.000","Whitman","WA","Passenger","34","49","83","23139","23222","0.3574196882266815950391869779"
"2018-12-31T00:00:00.000","Shelby","TN","Passenger","0","1","1","105","106","0.9433962264150943396226415094"
"2020-01-31T00:00:00.000","Powhatan","VA","Passenger","1","0","1","0","1","100"
"2020-01-31T00:00:00.000","Island","WA","Passenger","412","275","687","64749","65436","1.049880799559875298001100312"
"2019-11-30T00:00:00.000","Yakima","WA","Truck","0","0","0","61864","61864","0"
"2018-12-31T00:00:00.000","Skagit","WA","Passenger","293","203","496","93070","93566","0.5301070901823311886796485903"
"2018-12-31T00:00:00.000","Snohomish","WA","Passenger","3073","1536","4609","536424","541033","0.8518888866298358880142246406"
"2019-08-31T00:00:00.000","Alexandria City","VA","Passenger","4","0","4","145","149","2.684563758389261744966442953"
"2020-01-31T00:00:00.000","NULL","WA","Passenger","0","0","0","4","4","0"
"2020-01-31T00:00:00.000","San Francisco","CA","Passenger","2","1","3","91","94","3.191489361702127659574468085"
"2020-01-31T00:00:00.000","Kittitas","WA","Passenger","99","49","148","30741","30889","0.4791349671404059697626986953"
"2020-01-31T00:00:00.000","Adams","WA","Truck","0","0","0","5433","5433","0"
"2020-01-31T00:00:00.000","Albemarle","VA","Passenger","1","0","1","32","33","3.030303030303030303030303030"
"2018-12-31T00:00:00.000","Jefferson","CO","Passenger","0","2","2","63","65","3.076923076923076923076923077"
"2020-01-31T00:00:00.000","Lincoln","WA","Passenger","3","11","14","7999","8013","0.1747160863596655434918257831"
"2020-01-31T00:00:00.000","Lincoln","WA","Truck","0","0","0","4806","4806","0"
"2018-12-31T00:00:00.000","Tulsa","OK","Passenger","0","1","1","42","43","2.325581395348837209302325581"
"2020-01-31T00:00:00.000","Bay","FL","Passenger","1","0","1","35","36","2.777777777777777777777777778"
"2020-01-31T00:00:00.000","Spartanburg","SC","Passenger","0","1","1","35","36","2.777777777777777777777777778"
"2020-01-31T00:00:00.000","Spokane","WA","Passenger","729","501","1230","323557","324787","0.3787097389981741880062933553"
"2020-01-31T00:00:00.000","Benton","WA","Passenger","348","324","672","137909","138581","0.4849149594821800968386719680"
"2019-12-31T00:00:00.000","Camden","GA","Passenger","1","1","2","157","159","1.257861635220125786163522013"
"2018-12-31T00:00:00.000","Virginia Beach City","VA","Passenger","1","1","2","678","680","0.2941176470588235294117647059"
"2020-01-31T00:00:00.000","Bexar","TX","Passenger","2","6","8","585","593","1.349072512647554806070826307"
"2019-08-31T00:00:00.000","Bucks","PA","Passenger","1","0","1","22","23","4.347826086956521739130434783"
"2018-12-31T00:00:00.000","Kitsap","WA","Passenger","1022","565","1587","183045","184632","0.8595476407123358897699207071"
"2019-06-30T00:00:00.000","Anne Arundel","MD","Passenger","1","3","4","442","446","0.8968609865470852017937219731"
"2019-08-31T00:00:00.000","Camden","GA","Passenger","1","1","2","160","162","1.234567901234567901234567901"
"2020-01-31T00:00:00.000","Nassau","NY","Passenger","2","0","2","32","34","5.882352941176470588235294118"
"2019-12-31T00:00:00.000","Chesapeake City","VA","Passenger","0","2","2","420","422","0.4739336492890995260663507109"
"2019-06-30T00:00:00.000","Asotin","WA","Passenger","13","9","22","12941","12963","0.1697138008177119493944303016"
"2020-01-31T00:00:00.000","Ventura","CA","Passenger","0","2","2","304","306","0.6535947712418300653594771242"
"2019-12-31T00:00:00.000","Clark","WA","Passenger","1957","1087","3044","323479","326523","0.9322467330019631082649614269"
"2019-06-30T00:00:00.000","Asotin","WA","Truck","0","0","0","6886","6886","0"
"2018-12-31T00:00:00.000","Whitman","WA","Passenger","25","40","65","23307","23372","0.2781105596440184836556563409"
"2020-01-31T00:00:00.000","Otero","NM","Passenger","0","1","1","36","37","2.702702702702702702702702703"
"2020-01-31T00:00:00.000","Wayne","MI","Passenger","0","1","1","56","57","1.754385964912280701754385965"
"2020-01-31T00:00:00.000","Pacific","WA","Truck","0","0","0","7946","7946","0"
"2019-12-31T00:00:00.000","Columbia","WA","Passenger","3","3","6","2506","2512","0.2388535031847133757961783439"
"2020-01-31T00:00:00.000","Whitman","WA","Passenger","43","51","94","23078","23172","0.4056620058691524253409287071"
"2020-01-31T00:00:00.000","Pend Oreille","WA","Passenger","9","7","16","9792","9808","0.1631321370309951060358890701"
"2019-08-31T00:00:00.000","Columbia","GA","Passenger","1","1","2","150","152","1.315789473684210526315789474"
"2019-01-31T00:00:00.000","Ada","ID","Passenger","0","2","2","291","293","0.6825938566552901023890784983"
"2020-01-31T00:00:00.000","Yakima","WA","Truck","0","0","0","61935","61935","0"
"2020-01-31T00:00:00.000","Pend Oreille","WA","Truck","0","0","0","6015","6015","0"
"2019-08-31T00:00:00.000","Columbia","WA","Passenger","2","2","4","2512","2516","0.1589825119236883942766295707"
"2018-12-31T00:00:00.000","Lumpkin","GA","Passenger","1","0","1","9","10","10.0"
"2019-01-31T00:00:00.000","Alameda","CA","Passenger","0","2","2","307","309","0.6472491909385113268608414239"
"2020-01-31T00:00:00.000","Chelan","WA","Passenger","215","81","296","55724","56020","0.5283827204569796501249553731"
"2020-02-29T00:00:00.000","Ada","ID","Passenger","0","1","1","255","256","0.39062500"
"2020-01-31T00:00:00.000","Clallam","WA","Passenger","216","164","380","51757","52137","0.7288489939965859178702265186"
"2019-12-31T00:00:00.000","Douglas","NE","Passenger","0","1","1","51","52","1.923076923076923076923076923"
"2020-02-29T00:00:00.000","Alameda","CA","Passenger","2","0","2","253","255","0.7843137254901960784313725490"
"2019-12-31T00:00:00.000","Douglas","OR","Passenger","1","0","1","44","45","2.222222222222222222222222222"
"2020-01-31T00:00:00.000","Clay","FL","Passenger","0","1","1","85","86","1.162790697674418604651162791"
"2019-06-30T00:00:00.000","Caddo","LA","Passenger","1","1","2","21","23","8.695652173913043478260869565"
"2019-08-31T00:00:00.000","Dekalb","IN","Passenger","1","0","1","1","2","50.0"
"2018-12-31T00:00:00.000","Mason","WA","Truck","0","0","0","20859","20859","0"
"2019-08-31T00:00:00.000","District Of Columbia","DC","Passenger","1","2","3","214","217","1.382488479262672811059907834"
"2019-01-31T00:00:00.000","Bexar","TX","Passenger","3","4","7","678","685","1.021897810218978102189781022"
"2019-08-31T00:00:00.000","Douglas","NE","Passenger","0","1","1","56","57","1.754385964912280701754385965"
"2020-01-31T00:00:00.000","Riley","KS","Passenger","1","0","1","64","65","1.538461538461538461538461538"
"2019-06-30T00:00:00.000","Cascade","MT","Passenger","0","1","1","62","63","1.587301587301587301587301587"
"2019-06-30T00:00:00.000","Chaves","NM","Passenger","1","0","1","8","9","11.11111111111111111111111111"
"2020-01-31T00:00:00.000","Sacramento","CA","Passenger","1","0","1","264","265","0.3773584905660377358490566038"
"2019-08-31T00:00:00.000","Fairbanks North Star","AK","Passenger","0","1","1","97","98","1.020408163265306122448979592"
"2019-12-31T00:00:00.000","Guadalupe","TX","Passenger","2","0","2","55","57","3.508771929824561403508771930"
"2019-08-31T00:00:00.000","Ferry","WA","Passenger","5","2","7","4591","4598","0.1522401043932144410613310135"
"2020-02-29T00:00:00.000","Bucks","PA","Passenger","1","0","1","18","19","5.263157894736842105263157895"
"2020-01-31T00:00:00.000","Douglas","WA","Truck","0","0","0","12623","12623","0"
"2018-12-31T00:00:00.000","Monroe","IL","Passenger","1","0","1","3","4","25.00"
"2020-02-29T00:00:00.000","Camden","GA","Passenger","1","1","2","153","155","1.290322580645161290322580645"
"2020-01-31T00:00:00.000","Shelby","OH","Passenger","0","1","1","1","2","50.0"
"2019-12-31T00:00:00.000","Jefferson","WA","Passenger","231","147","378","25597","25975","1.455245428296438883541867180"
"2019-08-31T00:00:00.000","Grays Harbor","WA","Truck","0","0","0","21082","21082","0"
"2020-01-31T00:00:00.000","Fulton","GA","Passenger","1","2","3","99","102","2.941176470588235294117647059"
"2019-08-31T00:00:00.000","Guadalupe","TX","Passenger","2","0","2","59","61","3.278688524590163934426229508"
"2020-01-31T00:00:00.000","Skamania","WA","Passenger","32","19","51","8989","9040","0.5641592920353982300884955752"
"2020-02-29T00:00:00.000","Clark","NV","Passenger","2","1","3","622","625","0.4800"
"2020-01-31T00:00:00.000","Greene","MO","Passenger","0","1","1","19","20","5.00"
"2019-08-31T00:00:00.000","Harrison","MS","Passenger","1","0","1","66","67","1.492537313432835820895522388"
"2019-12-31T00:00:00.000","Kittitas","WA","Passenger","96","48","144","30711","30855","0.4666990763247447739426349052"
"2018-12-31T00:00:00.000","Norfolk City","VA","Passenger","3","2","5","356","361","1.385041551246537396121883657"
"2019-12-31T00:00:00.000","Klamath","OR","Passenger","1","0","1","25","26","3.846153846153846153846153846"
"2019-01-31T00:00:00.000","Cowlitz","WA","Truck","0","0","0","29575","29575","0"
"2018-12-31T00:00:00.000","Nueces","TX","Passenger","1","1","2","100","102","1.960784313725490196078431373"
"2020-02-29T00:00:00.000","Columbia","GA","Passenger","1","1","2","151","153","1.307189542483660130718954248"
"2019-12-31T00:00:00.000","Klickitat","WA","Passenger","51","39","90","16019","16109","0.5586938978210937984977341859"
"2019-06-30T00:00:00.000","Ferry","WA","Passenger","5","2","7","4570","4577","0.1529386060738474983613720778"
"2018-12-31T00:00:00.000","Orange","CA","Passenger","5","2","7","555","562","1.245551601423487544483985765"
"2020-01-31T00:00:00.000","Wahkiakum","WA","Passenger","4","6","10","3104","3114","0.3211303789338471419396274888"
"2020-02-29T00:00:00.000","Cowlitz","WA","Truck","0","0","0","29802","29802","0"
"2019-06-30T00:00:00.000","Franklin","WA","Truck","0","0","0","19894","19894","0"
"2019-06-30T00:00:00.000","Fresno","CA","Passenger","1","0","1","182","183","0.5464480874316939890710382514"
"2020-01-31T00:00:00.000","Walla Walla","WA","Passenger","66","62","128","37115","37243","0.3436887468786080605751416374"
"2019-01-31T00:00:00.000","District Of Columbia","DC","Passenger","1","4","5","209","214","2.336448598130841121495327103"
"2020-02-29T00:00:00.000","Dekalb","IN","Passenger","1","0","1","1","2","50.0"
"2019-08-31T00:00:00.000","Kittitas","WA","Passenger","83","46","129","30441","30570","0.4219823356231599607458292444"
"2019-01-31T00:00:00.000","Duval","FL","Passenger","1","1","2","374","376","0.5319148936170212765957446809"
"2019-08-31T00:00:00.000","Klamath","OR","Passenger","1","0","1","26","27","3.703703703703703703703703704"
"2020-01-31T00:00:00.000","Island","WA","Truck","1","0","1","21849","21850","0.004576659038901601830663615561"
"2020-01-31T00:00:00.000","Washtenaw","MI","Passenger","1","0","1","29","30","3.333333333333333333333333333"
"2019-06-30T00:00:00.000","Grays Harbor","WA","Truck","0","0","0","20989","20989","0"
"2020-02-29T00:00:00.000","District Of Columbia","DC","Passenger","1","2","3","209","212","1.415094339622641509433962264"
"2019-01-31T00:00:00.000","El Paso","TX","Passenger","2","0","2","511","513","0.3898635477582846003898635478"
"2020-01-31T00:00:00.000","Whatcom","WA","Passenger","1089","511","1600","154363","155963","1.025884344363727294294159512"
"2019-12-31T00:00:00.000","Maui","HI","Passenger","1","0","1","38","39","2.564102564102564102564102564"
"2020-01-31T00:00:00.000","Whitman","WA","Truck","0","0","0","8832","8832","0"
"2020-01-31T00:00:00.000","Williamson","TX","Passenger","1","0","1","114","115","0.8695652173913043478260869565"
"2020-02-29T00:00:00.000","El Paso","TX","Passenger","2","0","2","444","446","0.4484304932735426008968609865"
"2019-12-31T00:00:00.000","Mecklenburg","NC","Passenger","1","0","1","76","77","1.298701298701298701298701299"
"2020-02-29T00:00:00.000","Fairbanks North Star","AK","Passenger","0","1","1","98","99","1.010101010101010101010101010"
"2019-08-31T00:00:00.000","Maricopa","AZ","Passenger","6","3","9","1285","1294","0.6955177743431221020092735703"
"2019-01-31T00:00:00.000","Flathead","MT","Passenger","1","0","1","52","53","1.886792452830188679245283019"
"2019-12-31T00:00:00.000","Montgomery","OH","Passenger","0","1","1","60","61","1.639344262295081967213114754"
"2019-08-31T00:00:00.000","Maui","HI","Passenger","1","0","1","42","43","2.325581395348837209302325581"
"2019-12-31T00:00:00.000","Muscogee","GA","Passenger","0","1","1","177","178","0.5617977528089887640449438202"
"2019-01-31T00:00:00.000","Franklin","WA","Passenger","57","69","126","60611","60737","0.2074518003852676292869255972"
"2020-02-29T00:00:00.000","Arapahoe","CO","Passenger","1","0","1","129","130","0.7692307692307692307692307692"
"2020-02-29T00:00:00.000","Grant","WA","Truck","0","0","0","27974","27974","0"
"2020-01-31T00:00:00.000","Kent","MI","Passenger","0","1","1","21","22","4.545454545454545454545454545"
"2020-02-29T00:00:00.000","Grays Harbor","WA","Truck","0","0","0","21285","21285","0"
"2019-01-31T00:00:00.000","Fulton","GA","Passenger","1","2","3","97","100","3.00"
"2019-12-31T00:00:00.000","Okanogan","NULL","Passenger","28","22","50","20848","20898","0.2392573452004976552780170351"
"2020-02-29T00:00:00.000","Bay","FL","Passenger","1","0","1","35","36","2.777777777777777777777777778"
"2019-01-31T00:00:00.000","Garfield","WA","Passenger","1","1","2","1361","1363","0.1467351430667644900953778430"
"2019-12-31T00:00:00.000","Pacific","WA","Passenger","40","33","73","16373","16446","0.4438769305606226438039644898"
"2020-01-31T00:00:00.000","Klickitat","WA","Passenger","53","40","93","16036","16129","0.5766011532023064046128092256"
"2020-02-29T00:00:00.000","Bexar","TX","Passenger","2","6","8","582","590","1.355932203389830508474576271"
"2019-01-31T00:00:00.000","Grant","WA","Truck","0","0","0","27366","27366","0"
"2019-12-31T00:00:00.000","Pend Oreille","WA","Truck","0","0","0","6004","6004","0"
"2019-08-31T00:00:00.000","Muscogee","GA","Passenger","0","1","1","180","181","0.5524861878453038674033149171"
"2019-01-31T00:00:00.000","Grays Harbor","WA","Truck","0","0","0","20929","20929","0"
"2019-08-31T00:00:00.000","New Castle","DE","Passenger","1","0","1","23","24","4.166666666666666666666666667"
"2019-06-30T00:00:00.000","Lewis","WA","Truck","0","0","0","26767","26767","0"
"2019-08-31T00:00:00.000","Norfolk City","VA","Passenger","3","1","4","361","365","1.095890410958904109589041096"
"2020-02-29T00:00:00.000","Jones","GA","Passenger","1","0","1","1","2","50.0"
"2020-01-31T00:00:00.000","Mason","WA","Passenger","176","143","319","48631","48950","0.6516853932584269662921348315"
"2020-02-29T00:00:00.000","Chelan","WA","Passenger","218","81","299","55733","56032","0.5336236436322101656196459166"
"2019-06-30T00:00:00.000","Maricopa","AZ","Passenger","5","3","8","1306","1314","0.6088280060882800608828006088"
"2018-12-31T00:00:00.000","Santa Barbara","CA","Passenger","1","0","1","99","100","1.00"
"2019-12-31T00:00:00.000","Ramsey","MN","Passenger","1","0","1","34","35","2.857142857142857142857142857"
"2018-12-31T00:00:00.000","Santa Rosa","FL","Passenger","1","0","1","80","81","1.234567901234567901234567901"
"2020-02-29T00:00:00.000","Kittitas","WA","Passenger","100","51","151","30683","30834","0.4897191412077576701044301745"
"2020-02-29T00:00:00.000","Klamath","OR","Passenger","1","0","1","25","26","3.846153846153846153846153846"
"2019-08-31T00:00:00.000","Pacific","WA","Passenger","34","32","66","16285","16351","0.4036450370007950584062136872"
"2020-01-31T00:00:00.000","Montgomery","AL","Passenger","0","2","2","37","39","5.128205128205128205128205128"
"2019-08-31T00:00:00.000","Pend Oreille","WA","Truck","0","0","0","5971","5971","0"
"2020-01-31T00:00:00.000","Montgomery","OH","Passenger","0","1","1","62","63","1.587301587301587301587301587"
"2020-02-29T00:00:00.000","Clark","WA","Truck","0","0","0","83995","83995","0"
"2020-02-29T00:00:00.000","Clay","FL","Passenger","0","1","1","82","83","1.204819277108433734939759036"
"2019-06-30T00:00:00.000","Monterey","CA","Passenger","0","1","1","203","204","0.4901960784313725490196078431"
"2019-12-31T00:00:00.000","Shelby","OH","Passenger","0","1","1","1","2","50.0"
"2019-06-30T00:00:00.000","Moore","NC","Passenger","0","1","1","189","190","0.5263157894736842105263157895"
"2019-06-30T00:00:00.000","New Castle","DE","Passenger","1","0","1","23","24","4.166666666666666666666666667"
"2019-12-31T00:00:00.000","Skagit","WA","Passenger","399","235","634","94411","95045","0.6670524488400231469304013888"
"2019-12-31T00:00:00.000","Skagit","WA","Truck","1","0","1","33473","33474","0.002987393200693075222560793452"
"2020-02-29T00:00:00.000","Maui","HI","Passenger","1","0","1","36","37","2.702702702702702702702702703"
"2019-12-31T00:00:00.000","Skamania","WA","Truck","0","0","0","4265","4265","0"
"2020-02-29T00:00:00.000","Cowlitz","WA","Passenger","137","126","263","74776","75039","0.3504844147709857540745479018"
"2019-06-30T00:00:00.000","Nueces","TX","Passenger","1","1","2","98","100","2.00"
"2020-01-31T00:00:00.000","Osceola","FL","Passenger","1","0","1","36","37","2.702702702702702702702702703"
"2019-12-31T00:00:00.000","Snohomish","WA","Truck","0","0","0","126919","126919","0"
"2019-01-31T00:00:00.000","Kent","MI","Passenger","0","1","1","21","22","4.545454545454545454545454545"
"2020-02-29T00:00:00.000","New Castle","DE","Passenger","1","0","1","22","23","4.347826086956521739130434783"
"2020-02-29T00:00:00.000","Douglas","WA","Truck","0","0","0","12633","12633","0"
"2019-08-31T00:00:00.000","San Diego","CA","Passenger","8","7","15","2792","2807","0.5343783398646241539009618810"
"2020-01-31T00:00:00.000","Pima","AZ","Passenger","2","1","3","321","324","0.9259259259259259259259259259"
"2019-12-31T00:00:00.000","Stevens","WA","Truck","0","0","0","19432","19432","0"
"2019-08-31T00:00:00.000","San Juan","WA","Truck","0","0","0","6067","6067","0"
"2019-01-31T00:00:00.000","King","WA","Truck","7","1","8","187465","187473","0.004267281155153008699919455068"
"2020-01-31T00:00:00.000","Polk","FL","Passenger","1","0","1","67","68","1.470588235294117647058823529"
"2019-08-31T00:00:00.000","Shelby","TN","Passenger","0","1","1","92","93","1.075268817204301075268817204"
"2020-02-29T00:00:00.000","Fairfax","VA","Passenger","4","4","8","724","732","1.092896174863387978142076503"
"2019-12-31T00:00:00.000","Tarrant","TX","Passenger","2","0","2","168","170","1.176470588235294117647058824"
"2019-08-31T00:00:00.000","Skagit","WA","Passenger","345","229","574","94048","94622","0.6066242522880514045359430154"
"2020-01-31T00:00:00.000","Prince William","VA","Passenger","2","3","5","228","233","2.145922746781115879828326180"
"2020-02-29T00:00:00.000","Pend Oreille","WA","Truck","0","0","0","6003","6003","0"
"2020-02-29T00:00:00.000","Fulton","GA","Passenger","1","2","3","98","101","2.970297029702970297029702970"
"2019-12-31T00:00:00.000","Twin Falls","ID","Passenger","0","1","1","23","24","4.166666666666666666666666667"
"2019-06-30T00:00:00.000","Saginaw","MI","Passenger","1","0","1","11","12","8.333333333333333333333333333"
"2019-12-31T00:00:00.000","Wahkiakum","WA","Truck","0","0","0","1793","1793","0"
"2019-01-31T00:00:00.000","Lewis","WA","Truck","0","0","0","26548","26548","0"
"2020-02-29T00:00:00.000","Grant","WA","Passenger","61","75","136","67239","67375","0.2018552875695732838589981447"
"2020-02-29T00:00:00.000","Grays Harbor","WA","Passenger","122","113","235","49167","49402","0.4756892433504716408242581272"
"2019-08-31T00:00:00.000","Wahkiakum","WA","Truck","0","0","0","1811","1811","0"
"2020-01-31T00:00:00.000","Saint Clair","IL","Passenger","1","0","1","143","144","0.6944444444444444444444444444"
"2020-02-29T00:00:00.000","Sacramento","CA","Passenger","1","0","1","256","257","0.3891050583657587548638132296"
"2019-06-30T00:00:00.000","San Juan","WA","Passenger","215","75","290","14717","15007","1.932431531951755847271273406"
"2019-12-31T00:00:00.000","Washoe","NV","Passenger","1","0","1","84","85","1.176470588235294117647058824"
"2019-06-30T00:00:00.000","San Mateo","CA","Passenger","2","1","3","115","118","2.542372881355932203389830508"
"2019-12-31T00:00:00.000","Washtenaw","MI","Passenger","1","0","1","30","31","3.225806451612903225806451613"
"2019-08-31T00:00:00.000","Washtenaw","MI","Passenger","1","0","1","33","34","2.941176470588235294117647059"
"2020-01-31T00:00:00.000","Stafford","VA","Passenger","1","0","1","87","88","1.136363636363636363636363636"
"2019-12-31T00:00:00.000","Whatcom","WA","Truck","2","0","2","44232","44234","0.004521408871004204910250033911"
"2019-06-30T00:00:00.000","Sarasota","FL","Passenger","1","0","1","22","23","4.347826086956521739130434783"
"2020-02-29T00:00:00.000","San Juan","WA","Truck","0","0","0","6088","6088","0"
"2019-12-31T00:00:00.000","Whitman","WA","Truck","0","0","0","8836","8836","0"
"2018-12-31T00:00:00.000","Yakima","WA","Passenger","92","108","200","169313","169513","0.1179850512940010500669565166"
"2020-02-29T00:00:00.000","Island","WA","Truck","1","0","1","21821","21822","0.004582531390340023829163229768"
"2019-01-31T00:00:00.000","Maui","HI","Passenger","1","0","1","49","50","2.00"
"2020-01-31T00:00:00.000","NULL","NULL","Passenger","7","6","13","1973","1986","0.6545820745216515609264853978"
"2019-09-30T00:00:00.000","Ada","ID","Passenger","0","1","1","276","277","0.3610108303249097472924187726"
"2020-01-31T00:00:00.000","Tarrant","TX","Passenger","2","0","2","165","167","1.197604790419161676646706587"
"2020-02-29T00:00:00.000","Shelby","TN","Passenger","0","1","1","88","89","1.123595505617977528089887640"
"2020-01-31T00:00:00.000","Adams","WA","Passenger","7","8","15","13259","13274","0.1130028627391893927979508814"
"2019-09-30T00:00:00.000","Alameda","CA","Passenger","4","1","5","282","287","1.742160278745644599303135889"
"2020-01-31T00:00:00.000","Thurston","WA","Passenger","1186","774","1960","202329","204289","0.9594251281273098404710973180"
"2019-01-31T00:00:00.000","Allegheny","PA","Passenger","1","0","1","76","77","1.298701298701298701298701299"
"2019-09-30T00:00:00.000","Albemarle","VA","Passenger","1","0","1","29","30","3.333333333333333333333333333"
"2020-01-31T00:00:00.000","Anne Arundel","MD","Passenger","1","3","4","429","433","0.9237875288683602771362586605"
"2020-02-29T00:00:00.000","Kent","MI","Passenger","0","1","1","20","21","4.761904761904761904761904762"
"2020-01-31T00:00:00.000","Arlington","VA","Passenger","0","2","2","142","144","1.388888888888888888888888889"
"2020-02-29T00:00:00.000","King","WA","Passenger","23987","8014","32001","1419856","1451857","2.204142694494016972745938477"
"2020-02-29T00:00:00.000","Skagit","WA","Passenger","415","237","652","94236","94888","0.6871258747154540089368518675"
"2020-01-31T00:00:00.000","Asotin","WA","Passenger","18","12","30","13052","13082","0.2293227335269836416450084085"
"2020-02-29T00:00:00.000","Klickitat","WA","Passenger","54","42","96","16042","16138","0.5948692526955013012764902714"
"2020-02-29T00:00:00.000","Snohomish","WA","Passenger","4490","1847","6337","547147","553484","1.144929212045876664908109358"
"2020-02-29T00:00:00.000","Klickitat","WA","Truck","0","0","0","8543","8543","0"
"2019-06-30T00:00:00.000","Thurston","WA","Truck","0","0","0","56454","56454","0"
"2020-02-29T00:00:00.000","Spokane","WA","Truck","1","0","1","100027","100028","0.0009997200783780541448394449554"
"2019-01-31T00:00:00.000","Montgomery","PA","Passenger","2","0","2","24","26","7.692307692307692307692307692"
"2020-01-31T00:00:00.000","Vigo","IN","Passenger","1","0","1","4","5","20.0"
"2019-09-30T00:00:00.000","Bexar","TX","Passenger","1","6","7","601","608","1.151315789473684210526315789"
"2020-02-29T00:00:00.000","Stevens","WA","Passenger","36","36","72","32262","32334","0.2226758211170903692707366858"
"2020-01-31T00:00:00.000","Walla Walla","WA","Truck","0","0","0","14124","14124","0"
"2019-01-31T00:00:00.000","Montgomery","TX","Passenger","1","0","1","50","51","1.960784313725490196078431373"
"2019-06-30T00:00:00.000","Valencia","NM","Passenger","1","0","1","5","6","16.66666666666666666666666667"
"2019-09-30T00:00:00.000","Broward","FL","Passenger","1","1","2","121","123","1.626016260162601626016260163"
"2020-02-29T00:00:00.000","Thurston","WA","Passenger","1200","779","1979","202033","204012","0.9700409779816873517244083681"
"2019-09-30T00:00:00.000","Bucks","PA","Passenger","1","0","1","22","23","4.347826086956521739130434783"
"2020-02-29T00:00:00.000","Washtenaw","MI","Passenger","1","0","1","28","29","3.448275862068965517241379310"
"2020-02-29T00:00:00.000","Benton","WA","Truck","0","0","0","43708","43708","0"
"2020-02-29T00:00:00.000","Montgomery","OH","Passenger","0","1","1","58","59","1.694915254237288135593220339"
"2019-06-30T00:00:00.000","Yakima","WA","Passenger","116","113","229","169673","169902","0.1347835811232357476663017504"
"2019-01-31T00:00:00.000","Calvert","MD","Passenger","0","1","1","94","95","1.052631578947368421052631579"
"2020-01-31T00:00:00.000","Contra Costa","CA","Passenger","2","0","2","193","195","1.025641025641025641025641026"
"2020-02-29T00:00:00.000","Brevard","FL","Passenger","0","1","1","73","74","1.351351351351351351351351351"
"2019-07-31T00:00:00.000","NULL","WA","Truck","0","0","0","2","2","0"
"2019-09-30T00:00:00.000","Clark","NV","Passenger","2","1","3","629","632","0.4746835443037974683544303797"
"2020-02-29T00:00:00.000","Pacific","WA","Truck","0","0","0","7954","7954","0"
"2019-09-30T00:00:00.000","Cook","IL","Passenger","2","0","2","221","223","0.8968609865470852017937219731"
"2020-03-31T00:00:00.000","NULL","WA","Passenger","0","0","0","4","4","0"
"2019-09-30T00:00:00.000","Cowlitz","WA","Truck","0","0","0","29756","29756","0"
"2020-02-29T00:00:00.000","Charles","MD","Passenger","0","1","1","70","71","1.408450704225352112676056338"
"2019-07-31T00:00:00.000","Benton","WA","Truck","0","0","0","43240","43240","0"
"2020-02-29T00:00:00.000","Pima","AZ","Passenger","2","1","3","319","322","0.9316770186335403726708074534"
"2020-02-29T00:00:00.000","Chelan","WA","Truck","0","0","0","23160","23160","0"
"2019-01-31T00:00:00.000","Chelan","WA","Passenger","141","65","206","55469","55675","0.3700044903457566232599910193"
"2020-02-29T00:00:00.000","Polk","FL","Passenger","1","0","1","68","69","1.449275362318840579710144928"
"2020-03-31T00:00:00.000","Benton","WA","Passenger","356","329","685","137838","138523","0.4945027179601943359586494662"
"2020-02-29T00:00:00.000","Chesapeake City","VA","Passenger","0","2","2","420","422","0.4739336492890995260663507109"
"2019-07-31T00:00:00.000","Brevard","FL","Passenger","0","1","1","70","71","1.408450704225352112676056338"
"2020-02-29T00:00:00.000","Clallam","WA","Truck","1","0","1","22352","22353","0.004473672437704111304970250078"
"2019-09-30T00:00:00.000","District Of Columbia","DC","Passenger","1","2","3","212","215","1.395348837209302325581395349"
"2019-07-31T00:00:00.000","Bucks","PA","Passenger","1","0","1","21","22","4.545454545454545454545454545"
"2020-02-29T00:00:00.000","Powhatan","VA","Passenger","1","0","1","0","1","100"
"2020-01-31T00:00:00.000","Franklin","WA","Passenger","65","81","146","62357","62503","0.2335887877381885669487864583"
"2020-02-29T00:00:00.000","Clark","WA","Passenger","2086","1106","3192","325990","329182","0.9696763492536043890613703058"
"2020-02-29T00:00:00.000","Prince William","VA","Passenger","2","3","5","227","232","2.155172413793103448275862069"
"2020-01-31T00:00:00.000","Frederick","MD","Passenger","2","1","3","84","87","3.448275862068965517241379310"
"2019-07-31T00:00:00.000","Calvert","MD","Passenger","0","2","2","92","94","2.127659574468085106382978723"
"2019-09-30T00:00:00.000","El Paso","TX","Passenger","2","0","2","478","480","0.4166666666666666666666666667"
"2019-01-31T00:00:00.000","Clark","WA","Truck","0","0","0","82295","82295","0"
"2019-01-31T00:00:00.000","Saint Clair","IL","Passenger","0","1","1","166","167","0.5988023952095808383233532934"
"2020-03-31T00:00:00.000","Clallam","WA","Passenger","229","168","397","51536","51933","0.7644464983729035488032657462"
"2019-01-31T00:00:00.000","Clay","FL","Passenger","0","1","1","85","86","1.162790697674418604651162791"
"2019-07-31T00:00:00.000","Charles","MD","Passenger","0","1","1","85","86","1.162790697674418604651162791"
"2020-02-29T00:00:00.000","Saint Clair","IL","Passenger","1","0","1","141","142","0.7042253521126760563380281690"
"2020-02-29T00:00:00.000","San Francisco","CA","Passenger","2","1","3","89","92","3.260869565217391304347826087"
"2020-03-31T00:00:00.000","Columbia","WA","Truck","0","0","0","1605","1605","0"
"2019-09-30T00:00:00.000","Fulton","GA","Passenger","0","2","2","99","101","1.980198019801980198019801980"
"2019-01-31T00:00:00.000","Sangamon","IL","Passenger","1","0","1","7","8","12.500"
"2019-09-30T00:00:00.000","Garfield","WA","Passenger","0","1","1","1338","1339","0.07468259895444361463778939507"
"2019-01-31T00:00:00.000","Santa Barbara","CA","Passenger","1","0","1","98","99","1.010101010101010101010101010"
"2020-02-29T00:00:00.000","Denver","CO","Passenger","1","0","1","116","117","0.8547008547008547008547008547"
"2019-07-31T00:00:00.000","Clallam","WA","Truck","1","0","1","22315","22316","0.004481089801039612833841190177"
"2020-02-29T00:00:00.000","Skamania","WA","Truck","0","0","0","4267","4267","0"
"2020-01-31T00:00:00.000","Harris","TX","Passenger","1","0","1","216","217","0.4608294930875576036866359447"
"2019-01-31T00:00:00.000","Cowlitz","WA","Passenger","91","111","202","73897","74099","0.2726082673180474770239814302"
"2019-09-30T00:00:00.000","Grant","WA","Truck","0","0","0","27712","27712","0"
"2019-07-31T00:00:00.000","Clark","WA","Passenger","1700","987","2687","320579","323266","0.8312040239307567142848304492"
"2020-02-29T00:00:00.000","Spokane","WA","Passenger","738","505","1243","324213","325456","0.3819256673713190108647559117"
"2020-01-31T00:00:00.000","Hidalgo","TX","Passenger","0","1","1","80","81","1.234567901234567901234567901"
"2020-01-31T00:00:00.000","Honolulu","HI","Passenger","3","0","3","432","435","0.6896551724137931034482758621"
"2019-01-31T00:00:00.000","Shasta","CA","Passenger","1","0","1","44","45","2.222222222222222222222222222"
"2020-03-31T00:00:00.000","Duval","FL","Passenger","0","1","1","341","342","0.2923976608187134502923976608"
"2020-02-29T00:00:00.000","Tarrant","TX","Passenger","2","0","2","164","166","1.204819277108433734939759036"
"2019-01-31T00:00:00.000","Snohomish","WA","Passenger","3232","1589","4821","537520","542341","0.8889241270713444124637451345"
"2019-01-31T00:00:00.000","Dekalb","GA","Passenger","1","0","1","75","76","1.315789473684210526315789474"
"2020-03-31T00:00:00.000","Ferry","WA","Truck","0","0","0","3719","3719","0"
"2019-01-31T00:00:00.000","Spokane","WA","Truck","1","0","1","97292","97293","0.001027823173301265250326333858"
"2020-03-31T00:00:00.000","Flathead","MT","Passenger","1","0","1","54","55","1.818181818181818181818181818"
"2020-02-29T00:00:00.000","Fresno","CA","Passenger","1","0","1","175","176","0.5681818181818181818181818182"
"2020-01-31T00:00:00.000","King","WA","Truck","7","1","8","187138","187146","0.004274737370822780075449114595"
"2020-02-29T00:00:00.000","Ventura","CA","Passenger","0","2","2","298","300","0.6666666666666666666666666667"
"2020-02-29T00:00:00.000","Vigo","IN","Passenger","1","0","1","3","4","25.00"
"2019-07-31T00:00:00.000","Douglas","WA","Passenger","61","37","98","28647","28745","0.3409288571925552269959993042"
"2019-01-31T00:00:00.000","Douglas","WA","Passenger","52","34","86","28614","28700","0.2996515679442508710801393728"
"2019-09-30T00:00:00.000","Jones","GA","Passenger","1","0","1","1","2","50.0"
"2020-02-29T00:00:00.000","Wahkiakum","WA","Truck","0","0","0","1802","1802","0"
"2019-01-31T00:00:00.000","Stevens","WA","Passenger","20","31","51","32726","32777","0.1555969124691094364951032736"
"2020-02-29T00:00:00.000","Glacier","MT","Passenger","0","1","1","5","6","16.66666666666666666666666667"
"2019-01-31T00:00:00.000","Douglas","WA","Truck","0","0","0","12519","12519","0"
"2020-02-29T00:00:00.000","Walla Walla","WA","Truck","0","0","0","14115","14115","0"
"2020-03-31T00:00:00.000","Greene","MO","Passenger","0","1","1","20","21","4.761904761904761904761904762"
"2020-01-31T00:00:00.000","Larimer","CO","Passenger","0","1","1","41","42","2.380952380952380952380952381"
"2019-01-31T00:00:00.000","Dupage","IL","Passenger","1","0","1","55","56","1.785714285714285714285714286"
"2020-02-29T00:00:00.000","Whatcom","WA","Truck","3","0","3","44211","44214","0.006785181164337087800244266522"
"2019-01-31T00:00:00.000","Thurston","WA","Passenger","861","627","1488","199347","200835","0.7409067144670998580924639630"
"2020-01-31T00:00:00.000","Lewis","WA","Truck","0","0","0","26869","26869","0"
"2019-07-31T00:00:00.000","Glacier","MT","Passenger","0","1","1","5","6","16.66666666666666666666666667"
"2020-01-31T00:00:00.000","Liberty","GA","Passenger","1","0","1","124","125","0.800"
"2020-03-31T00:00:00.000","NULL","NULL","Passenger","8","6","14","1916","1930","0.7253886010362694300518134715"
"2019-01-31T00:00:00.000","Fairfax","VA","Passenger","3","3","6","787","793","0.7566204287515762925598991173"
"2020-03-31T00:00:00.000","Adams","WA","Passenger","7","9","16","13228","13244","0.1208094231350045303533675627"
"2020-03-31T00:00:00.000","Adams","WA","Truck","0","0","0","5436","5436","0"
"2019-01-31T00:00:00.000","Tuolumne","CA","Passenger","0","1","1","11","12","8.333333333333333333333333333"
"2019-07-31T00:00:00.000","Howard","MD","Passenger","0","1","1","89","90","1.111111111111111111111111111"
"2019-07-31T00:00:00.000","Island","WA","Passenger","347","257","604","64616","65220","0.9260962894817540631708065011"
"2020-03-31T00:00:00.000","Alexandria City","VA","Passenger","4","0","4","137","141","2.836879432624113475177304965"
"2020-03-31T00:00:00.000","Arlington","VA","Passenger","0","2","2","139","141","1.418439716312056737588652482"
"2019-07-31T00:00:00.000","Jefferson","NY","Passenger","0","1","1","230","231","0.4329004329004329004329004329"
"2020-02-29T00:00:00.000","Kern","CA","Passenger","1","1","2","227","229","0.8733624454148471615720524017"
"2020-03-31T00:00:00.000","Kent","MI","Passenger","0","1","1","20","21","4.761904761904761904761904762"
"2020-03-31T00:00:00.000","King","WA","Truck","6","1","7","186875","186882","0.003745679091619310581008336811"
"2019-07-31T00:00:00.000","Kittitas","WA","Passenger","83","43","126","30376","30502","0.4130876663825322929643957773"
"2019-01-31T00:00:00.000","Grant","WA","Passenger","36","58","94","66144","66238","0.1419124973580120172710528700"
"2020-02-29T00:00:00.000","Larimer","CO","Passenger","0","1","1","39","40","2.500"
"2019-01-31T00:00:00.000","Gwinnett","GA","Passenger","0","1","1","76","77","1.298701298701298701298701299"
"2019-07-31T00:00:00.000","Lincoln","WA","Passenger","4","11","15","8016","8031","0.1867762420620097123645872245"
"2020-01-31T00:00:00.000","Montgomery","PA","Passenger","1","0","1","23","24","4.166666666666666666666666667"
"2019-07-31T00:00:00.000","Lincoln","WA","Truck","0","0","0","4814","4814","0"
"2020-02-29T00:00:00.000","Lewis","WA","Passenger","117","115","232","60751","60983","0.3804338914123608218683895512"
"2020-03-31T00:00:00.000","Leon","FL","Passenger","1","0","1","8","9","11.11111111111111111111111111"
"2019-01-31T00:00:00.000","Hennepin","MN","Passenger","2","0","2","100","102","1.960784313725490196078431373"
"2020-01-31T00:00:00.000","Multnomah","OR","Passenger","4","7","11","688","699","1.573676680972818311874105866"
"2020-02-29T00:00:00.000","Lincoln","WA","Passenger","3","12","15","7989","8004","0.1874062968515742128935532234"
"2019-07-31T00:00:00.000","Marion","OR","Passenger","1","0","1","100","101","0.9900990099009900990099009901"
"2020-01-31T00:00:00.000","Okanogan","WA","Truck","0","0","0","4112","4112","0"
"2020-01-31T00:00:00.000","Oklahoma","OK","Passenger","0","2","2","115","117","1.709401709401709401709401709"
"2020-03-31T00:00:00.000","Mason","OR","Passenger","1","0","1","18","19","5.263157894736842105263157895"
"2020-01-31T00:00:00.000","Ozaukee","WI","Passenger","0","1","1","3","4","25.00"
"2019-01-31T00:00:00.000","Island","WA","Passenger","302","241","543","64432","64975","0.8357060407849172758753366679"
"2020-03-31T00:00:00.000","Cochise","AZ","Passenger","0","1","1","107","108","0.9259259259259259259259259259"
"2019-09-30T00:00:00.000","San Juan","WA","Truck","0","0","0","6082","6082","0"
"2019-01-31T00:00:00.000","Island","WA","Truck","0","0","0","21785","21785","0"
"2020-03-31T00:00:00.000","Monroe","IL","Passenger","1","0","1","3","4","25.00"
"2020-01-31T00:00:00.000","Pierce","WA","Truck","0","0","0","145216","145216","0"
"2020-03-31T00:00:00.000","Columbia","GA","Passenger","1","1","2","150","152","1.315789473684210526315789474"
"2019-09-30T00:00:00.000","Sangamon","IL","Passenger","1","0","1","6","7","14.28571428571428571428571429"
"2020-01-31T00:00:00.000","Pinal","AZ","Passenger","1","0","1","155","156","0.6410256410256410256410256410"
"2019-07-31T00:00:00.000","Nassau","NY","Passenger","2","0","2","31","33","6.060606060606060606060606061"
"2019-01-31T00:00:00.000","Jackson","OK","Passenger","1","0","1","42","43","2.325581395348837209302325581"
"2020-03-31T00:00:00.000","Contra Costa","CA","Passenger","2","0","2","189","191","1.047120418848167539267015707"
"2019-02-28T00:00:00.000","Benton","WA","Truck","0","0","0","42848","42848","0"
"2020-03-31T00:00:00.000","Multnomah","OR","Passenger","4","7","11","687","698","1.575931232091690544412607450"
"2019-09-30T00:00:00.000","Snohomish","WA","Passenger","3915","1772","5687","542828","548515","1.036799358267321768775694375"
"2019-01-31T00:00:00.000","Jefferson","WA","Truck","0","0","0","9856","9856","0"
"2019-07-31T00:00:00.000","Otero","NM","Passenger","0","1","1","41","42","2.380952380952380952380952381"
"2019-09-30T00:00:00.000","Spokane","WA","Truck","1","0","1","98789","98790","0.001012248203259439214495394271"
"2019-07-31T00:00:00.000","Pacific","WA","Truck","0","0","0","7868","7868","0"
"2020-03-31T00:00:00.000","Nueces","TX","Passenger","1","0","1","82","83","1.204819277108433734939759036"
"2019-09-30T00:00:00.000","Stafford","VA","Passenger","1","0","1","89","90","1.111111111111111111111111111"
"2020-01-31T00:00:00.000","Riverside","CA","Passenger","2","1","3","598","601","0.4991680532445923460898502496"
"2020-03-31T00:00:00.000","Okanogan","NULL","Passenger","31","23","54","20752","20806","0.2595405171585119677016245314"
"2019-07-31T00:00:00.000","Pend Oreille","WA","Passenger","5","6","11","9878","9889","0.1112347052280311457174638487"
"2020-03-31T00:00:00.000","Dekalb","IN","Passenger","1","0","1","1","2","50.0"
"2019-01-31T00:00:00.000","Juneau","AK","Passenger","0","1","1","34","35","2.857142857142857142857142857"
"2019-09-30T00:00:00.000","Stevens","WA","Passenger","30","31","61","32517","32578","0.1872429246730922708576339861"
"2019-07-31T00:00:00.000","Pend Oreille","WA","Truck","0","0","0","5983","5983","0"
"2020-03-31T00:00:00.000","Osceola","FL","Passenger","1","0","1","36","37","2.702702702702702702702702703"
"2020-02-29T00:00:00.000","Oklahoma","OK","Passenger","0","2","2","113","115","1.739130434782608695652173913"
"2020-02-29T00:00:00.000","Otero","NM","Passenger","0","1","1","35","36","2.777777777777777777777777778"
"2019-02-28T00:00:00.000","Caddo","LA","Passenger","1","1","2","21","23","8.695652173913043478260869565"
"2019-01-31T00:00:00.000","Kent","DE","Passenger","0","1","1","74","75","1.333333333333333333333333333"
"2020-03-31T00:00:00.000","El Paso","CO","Passenger","1","0","1","685","686","0.1457725947521865889212827988"
"2019-09-30T00:00:00.000","Thurston","WA","Passenger","1045","718","1763","201572","203335","0.8670420734256276587896820518"
"2020-02-29T00:00:00.000","Pend Oreille","WA","Passenger","9","7","16","9777","9793","0.1633820075564178494843255387"
"2020-01-31T00:00:00.000","Saint Marys","MD","Passenger","1","0","1","190","191","0.5235602094240837696335078534"
"2019-09-30T00:00:00.000","Tuolumne","CA","Passenger","0","1","1","10","11","9.090909090909090909090909091"
"2019-01-31T00:00:00.000","Kitsap","WA","Truck","1","0","1","55122","55123","0.001814124775502059031620194837"
"2020-01-31T00:00:00.000","Santa Clara","CA","Passenger","4","2","6","293","299","2.006688963210702341137123746"
"2020-03-31T00:00:00.000","Frederick","MD","Passenger","2","1","3","82","85","3.529411764705882352941176471"
"2020-03-31T00:00:00.000","Prince William","VA","Passenger","2","3","5","222","227","2.202643171806167400881057269"
"2019-07-31T00:00:00.000","Riley","KS","Passenger","1","0","1","64","65","1.538461538461538461538461538"
"2020-03-31T00:00:00.000","Ramsey","MN","Passenger","1","0","1","35","36","2.777777777777777777777777778"
"2019-01-31T00:00:00.000","Kootenai","ID","Passenger","1","1","2","196","198","1.010101010101010101010101010"
"2020-03-31T00:00:00.000","Riverside","CA","Passenger","2","1","3","592","595","0.5042016806722689075630252101"
"2019-02-28T00:00:00.000","Cascade","MT","Passenger","0","1","1","56","57","1.754385964912280701754385965"
"2020-03-31T00:00:00.000","Guilford","NC","Passenger","1","0","1","26","27","3.703703703703703703703703704"
"2020-02-29T00:00:00.000","Riley","KS","Passenger","1","0","1","63","64","1.562500"
"2020-03-31T00:00:00.000","Saint Clair","IL","Passenger","1","0","1","140","141","0.7092198581560283687943262411"
"2019-02-28T00:00:00.000","Charles","MD","Passenger","0","1","1","75","76","1.315789473684210526315789474"
"2020-03-31T00:00:00.000","Harris","TX","Passenger","1","0","1","209","210","0.4761904761904761904761904762"
"2019-10-31T00:00:00.000","NULL","WA","Passenger","0","0","0","4","4","0"
"2020-03-31T00:00:00.000","Santa Barbara","CA","Passenger","1","0","1","90","91","1.098901098901098901098901099"
"2019-02-28T00:00:00.000","Chaves","NM","Passenger","1","0","1","7","8","12.500"
"2019-07-31T00:00:00.000","Shelby","OH","Passenger","0","1","1","1","2","50.0"
"2020-03-31T00:00:00.000","Hidalgo","TX","Passenger","0","1","1","73","74","1.351351351351351351351351351"
"2020-01-31T00:00:00.000","Tulsa","OK","Passenger","0","1","1","41","42","2.380952380952380952380952381"
"2020-03-31T00:00:00.000","Honolulu","HI","Passenger","3","0","3","421","424","0.7075471698113207547169811321"
"2020-02-29T00:00:00.000","San Juan","WA","Passenger","283","87","370","14648","15018","2.463710214409375416167265948"
"2019-07-31T00:00:00.000","Skamania","WA","Passenger","27","17","44","8978","9022","0.4876967412990467745510973177"
"2020-03-31T00:00:00.000","Skagit","WA","Truck","1","0","1","33463","33464","0.002988285919196748744919913937"
"2020-02-29T00:00:00.000","Santa Rosa","FL","Passenger","1","0","1","82","83","1.204819277108433734939759036"
"2019-01-31T00:00:00.000","Lincoln","WA","Truck","0","0","0","4808","4808","0"
"2020-02-29T00:00:00.000","Shelby","OH","Passenger","0","1","1","1","2","50.0"
"2019-01-31T00:00:00.000","Los Angeles","CA","Passenger","9","4","13","1076","1089","1.193755739210284664830119376"
"2020-02-29T00:00:00.000","Skamania","WA","Passenger","31","19","50","8983","9033","0.5535259603675412376840473818"
"2019-10-31T00:00:00.000","Benton","WA","Passenger","319","312","631","137472","138103","0.4569053532508345220596221661"
"2019-02-28T00:00:00.000","Clallam","WA","Truck","0","0","0","22153","22153","0"
"2020-03-31T00:00:00.000","Tarrant","TX","Passenger","1","0","1","158","159","0.6289308176100628930817610063"
"2019-02-28T00:00:00.000","Clark","WA","Passenger","1447","906","2353","317803","320156","0.7349542098227114281787628531"
"2019-10-31T00:00:00.000","Cascade","MT","Passenger","0","1","1","59","60","1.666666666666666666666666667"
"2020-02-29T00:00:00.000","Adams","WA","Truck","0","0","0","5442","5442","0"
"2020-02-29T00:00:00.000","Thurston","WA","Truck","0","0","0","56918","56918","0"
"2019-07-31T00:00:00.000","Wahkiakum","WA","Passenger","2","3","5","3075","3080","0.1623376623376623376623376623"
"2019-10-31T00:00:00.000","Chaves","NM","Passenger","1","0","1","9","10","10.0"
"2020-02-29T00:00:00.000","Albemarle","VA","Passenger","1","0","1","32","33","3.030303030303030303030303030"
"2020-02-29T00:00:00.000","Alexandria City","VA","Passenger","4","0","4","139","143","2.797202797202797202797202797"
"2019-07-31T00:00:00.000","Walla Walla","WA","Passenger","52","62","114","36950","37064","0.3075760846104036261601554069"
"2019-10-31T00:00:00.000","Clallam","WA","Passenger","208","153","361","51763","52124","0.6925792341339881820274729491"
"2019-07-31T00:00:00.000","Washtenaw","MI","Passenger","1","0","1","33","34","2.941176470588235294117647059"
"2020-02-29T00:00:00.000","Wahkiakum","WA","Passenger","5","6","11","3086","3097","0.3551824346141427187600904101"
"2020-03-31T00:00:00.000","Williams","ND","Passenger","0","1","1","14","15","6.666666666666666666666666667"
"2020-03-31T00:00:00.000","Liberty","GA","Passenger","1","0","1","119","120","0.8333333333333333333333333333"
"2020-02-29T00:00:00.000","Asotin","WA","Truck","0","0","0","6898","6898","0"
"2019-07-31T00:00:00.000","Whatcom","WA","Passenger","940","458","1398","153506","154904","0.9024944481743531477560295409"
"2019-07-31T00:00:00.000","Whitman","WA","Truck","0","0","0","8871","8871","0"
"2019-01-31T00:00:00.000","Montgomery","MD","Passenger","1","3","4","280","284","1.408450704225352112676056338"
"2019-10-31T00:00:00.000","Columbia","WA","Truck","0","0","0","1599","1599","0"
"2019-07-31T00:00:00.000","Williamson","TX","Passenger","1","0","1","118","119","0.8403361344537815126050420168"
"2020-02-29T00:00:00.000","Whatcom","WA","Passenger","1100","511","1611","154260","155871","1.033546971534153242104047578"
"2020-02-29T00:00:00.000","Whitman","WA","Truck","0","0","0","8819","8819","0"
"2020-02-29T00:00:00.000","Broward","FL","Passenger","0","1","1","110","111","0.9009009009009009009009009009"
"2019-02-28T00:00:00.000","Douglas","WA","Truck","0","0","0","12510","12510","0"
"2020-03-31T00:00:00.000","Mason","WA","Passenger","183","145","328","48556","48884","0.6709761885279437034612552164"
"2020-02-29T00:00:00.000","Caddo","LA","Passenger","1","0","1","12","13","7.692307692307692307692307692"
"2019-10-31T00:00:00.000","Duval","FL","Passenger","1","1","2","353","355","0.5633802816901408450704225352"
"2019-01-31T00:00:00.000","Pacific","WA","Truck","0","0","0","7819","7819","0"
"2019-01-31T00:00:00.000","Palm Beach","FL","Passenger","0","1","1","78","79","1.265822784810126582278481013"
"2019-10-31T00:00:00.000","Ferry","WA","Truck","0","0","0","3736","3736","0"
"2020-03-31T00:00:00.000","Norfolk City","VA","Passenger","2","1","3","364","367","0.8174386920980926430517711172"
"2019-01-31T00:00:00.000","Pima","AZ","Passenger","0","1","1","375","376","0.2659574468085106382978723404"
"2019-02-28T00:00:00.000","Franklin","WA","Truck","0","0","0","19791","19791","0"
"2020-04-30T00:00:00.000","Cascade","MT","Passenger","0","1","1","56","57","1.754385964912280701754385965"
"2020-03-31T00:00:00.000","Boulder","CO","Passenger","1","1","2","35","37","5.405405405405405405405405405"
"2019-08-31T00:00:00.000","Boulder","CO","Passenger","1","0","1","41","42","2.380952380952380952380952381"
"2019-10-31T00:00:00.000","Greene","MO","Passenger","0","1","1","19","20","5.00"
"2020-03-31T00:00:00.000","Okanogan","WA","Truck","0","0","0","4092","4092","0"
"2020-03-31T00:00:00.000","Brevard","FL","Passenger","0","1","1","71","72","1.388888888888888888888888889"
"2020-02-29T00:00:00.000","Cook","IL","Passenger","1","0","1","210","211","0.4739336492890995260663507109"
"2019-01-31T00:00:00.000","Polk","FL","Passenger","1","0","1","67","68","1.470588235294117647058823529"
"2020-04-30T00:00:00.000","Chaves","NM","Passenger","1","0","1","9","10","10.0"
"2019-02-28T00:00:00.000","Fresno","CA","Passenger","1","0","1","181","182","0.5494505494505494505494505495"
"2020-04-30T00:00:00.000","Chesapeake City","VA","Passenger","0","2","2","408","410","0.4878048780487804878048780488"
"2019-02-28T00:00:00.000","Gallatin","MT","Passenger","0","1","1","54","55","1.818181818181818181818181818"
"2020-03-31T00:00:00.000","Ozaukee","WI","Passenger","0","1","1","3","4","25.00"
"2020-04-30T00:00:00.000","Clark","WA","Passenger","2114","1106","3220","324582","327802","0.9823002910293408826059633559"
"2019-08-31T00:00:00.000","Clark","NV","Passenger","2","1","3","635","638","0.4702194357366771159874608150"
"2020-03-31T00:00:00.000","Pierce","WA","Truck","0","0","0","145401","145401","0"
"2020-03-31T00:00:00.000","Pinal","AZ","Passenger","1","0","1","154","155","0.6451612903225806451612903226"
"2019-08-31T00:00:00.000","Columbia","WA","Truck","0","0","0","1602","1602","0"
"2020-02-29T00:00:00.000","Ferry","WA","Passenger","5","2","7","4532","4539","0.1542189909671733862084159506"
"2020-03-31T00:00:00.000","Deschutes","OR","Passenger","2","0","2","118","120","1.666666666666666666666666667"
"2020-02-29T00:00:00.000","Franklin","WA","Truck","0","0","0","20494","20494","0"
"2019-10-31T00:00:00.000","Jefferson","CO","Passenger","0","1","1","59","60","1.666666666666666666666666667"
"2020-04-30T00:00:00.000","Denton","TX","Passenger","1","0","1","62","63","1.587301587301587301587301587"
"2019-08-31T00:00:00.000","Dale","AL","Passenger","0","1","1","63","64","1.562500"
"2020-02-29T00:00:00.000","Garfield","WA","Passenger","0","1","1","1365","1366","0.07320644216691068814055636896"
"2020-03-31T00:00:00.000","Douglas","OR","Passenger","1","0","1","41","42","2.380952380952380952380952381"
"2019-10-31T00:00:00.000","Kent","MI","Passenger","0","1","1","20","21","4.761904761904761904761904762"
"2020-04-30T00:00:00.000","El Paso","CO","Passenger","1","0","1","677","678","0.1474926253687315634218289086"
"2019-08-31T00:00:00.000","Deschutes","OR","Passenger","2","0","2","127","129","1.550387596899224806201550388"
"2020-03-31T00:00:00.000","Saint Marys","MD","Passenger","1","0","1","190","191","0.5235602094240837696335078534"
"2019-10-31T00:00:00.000","Klickitat","WA","Passenger","48","38","86","15981","16067","0.5352586045932656998817451920"
"2019-01-31T00:00:00.000","San Francisco","CA","Passenger","2","1","3","108","111","2.702702702702702702702702703"
"2019-08-31T00:00:00.000","Douglas","OR","Passenger","1","0","1","47","48","2.083333333333333333333333333"
"2019-02-28T00:00:00.000","Jefferson","NY","Passenger","0","1","1","243","244","0.4098360655737704918032786885"
"2019-01-31T00:00:00.000","Santa Cruz","CA","Passenger","1","0","1","38","39","2.564102564102564102564102564"
"2020-02-29T00:00:00.000","Harrison","MS","Passenger","1","0","1","64","65","1.538461538461538461538461538"
"2020-03-31T00:00:00.000","San Diego","CA","Passenger","11","9","20","2805","2825","0.7079646017699115044247787611"
"2020-03-31T00:00:00.000","San Juan","WA","Truck","0","0","0","6095","6095","0"
"2020-04-30T00:00:00.000","Fresno","CA","Passenger","1","0","1","172","173","0.5780346820809248554913294798"
"2020-03-31T00:00:00.000","Glacier","MT","Passenger","0","1","1","5","6","16.66666666666666666666666667"
"2020-03-31T00:00:00.000","Santa Clara","CA","Passenger","3","2","5","279","284","1.760563380281690140845070423"
"2019-10-31T00:00:00.000","Mason","OR","Passenger","2","0","2","15","17","11.76470588235294117647058824"
"2020-03-31T00:00:00.000","Shelby","TN","Passenger","0","1","1","85","86","1.162790697674418604651162791"
"2020-04-30T00:00:00.000","Greene","MO","Passenger","0","1","1","20","21","4.761904761904761904761904762"
"2019-02-28T00:00:00.000","Klickitat","WA","Passenger","34","33","67","15818","15885","0.4217815549260308467107333963"
"2020-03-31T00:00:00.000","Hennepin","MN","Passenger","2","0","2","84","86","2.325581395348837209302325581"
"2019-01-31T00:00:00.000","Skamania","WA","Passenger","20","15","35","9004","9039","0.3872109746653390861820997898"
"2019-01-31T00:00:00.000","Spokane","WA","Passenger","509","411","920","314845","315765","0.2913559134166231216252592909"
"2019-10-31T00:00:00.000","Monroe","IL","Passenger","1","0","1","4","5","20.0"
"2019-08-31T00:00:00.000","Hennepin","MN","Passenger","2","0","2","101","103","1.941747572815533980582524272"
"2020-03-31T00:00:00.000","Tipton","TN","Passenger","1","0","1","12","13","7.692307692307692307692307692"
"2020-03-31T00:00:00.000","Jefferson","WA","Truck","0","0","0","9810","9810","0"
"2020-03-31T00:00:00.000","Tulsa","OK","Passenger","0","1","1","38","39","2.564102564102564102564102564"
"2020-04-30T00:00:00.000","Jefferson","WA","Passenger","245","157","402","25386","25788","1.558864588180549092601209865"
"2019-08-31T00:00:00.000","Jefferson","WA","Truck","0","0","0","9889","9889","0"
"2019-10-31T00:00:00.000","Nueces","TX","Passenger","1","1","2","92","94","2.127659574468085106382978723"
"2019-10-31T00:00:00.000","Okanogan","NULL","Passenger","23","20","43","20841","20884","0.2058992530166634744301857882"
"2020-04-30T00:00:00.000","Klickitat","WA","Passenger","57","42","99","15800","15899","0.6226806717403610289955343103"
"2020-04-30T00:00:00.000","Ada","ID","Passenger","0","1","1","248","249","0.4016064257028112449799196787"
"2019-08-31T00:00:00.000","Jones","GA","Passenger","1","0","1","1","2","50.0"
"2019-10-31T00:00:00.000","Osceola","FL","Passenger","1","0","1","35","36","2.777777777777777777777777778"
"2020-04-30T00:00:00.000","Alameda","CA","Passenger","2","0","2","252","254","0.7874015748031496062992125984"
"2019-01-31T00:00:00.000","Walla Walla","WA","Passenger","43","55","98","36867","36965","0.2651156499391316109833626403"
"2020-03-31T00:00:00.000","Lincoln","WA","Passenger","4","12","16","7952","7968","0.2008032128514056224899598394"
"2019-01-31T00:00:00.000","Walla Walla","WA","Truck","0","0","0","14009","14009","0"
"2020-02-29T00:00:00.000","Maricopa","AZ","Passenger","7","5","12","1194","1206","0.9950248756218905472636815920"
"2020-04-30T00:00:00.000","Mecklenburg","NC","Passenger","1","0","1","72","73","1.369863013698630136986301370"
"2020-02-29T00:00:00.000","Mason","WA","Passenger","178","143","321","48595","48916","0.6562270013901381960912584839"
"2020-04-30T00:00:00.000","Bexar","TX","Passenger","2","6","8","551","559","1.431127012522361359570661896"
"2019-10-31T00:00:00.000","Prince William","VA","Passenger","1","3","4","229","233","1.716738197424892703862660944"
"2020-02-29T00:00:00.000","Mason","WA","Truck","0","0","0","21197","21197","0"
"2020-03-31T00:00:00.000","Manassas City","VA","Passenger","0","1","1","5","6","16.66666666666666666666666667"
"2020-04-30T00:00:00.000","Montgomery","OH","Passenger","0","1","1","57","58","1.724137931034482758620689655"
"2019-10-31T00:00:00.000","Ramsey","MN","Passenger","1","0","1","35","36","2.777777777777777777777777778"
"2020-03-31T00:00:00.000","Mason","WA","Truck","0","0","0","21182","21182","0"
"2019-02-28T00:00:00.000","Monterey","CA","Passenger","0","1","1","204","205","0.4878048780487804878048780488"
"2020-04-30T00:00:00.000","Nueces","TX","Passenger","1","0","1","80","81","1.234567901234567901234567901"
"2020-04-30T00:00:00.000","Okanogan","NULL","Passenger","31","23","54","20612","20666","0.2612987515726313752056517952"
"2019-10-31T00:00:00.000","Saginaw","MI","Passenger","1","0","1","10","11","9.090909090909090909090909091"
"2019-01-31T00:00:00.000","Whatcom","WA","Passenger","833","393","1226","152280","153506","0.7986658501947806600393469962"
"2019-02-28T00:00:00.000","Moore","NC","Passenger","0","1","1","189","190","0.5263157894736842105263157895"
"2019-10-31T00:00:00.000","San Mateo","CA","Passenger","1","1","2","118","120","1.666666666666666666666666667"
"2019-01-31T00:00:00.000","Whitman","WA","Passenger","25","42","67","23340","23407","0.2862391592258726022130132012"
"2020-04-30T00:00:00.000","Chelan","WA","Truck","0","0","0","23068","23068","0"
"2019-10-31T00:00:00.000","Santa Barbara","CA","Passenger","1","0","1","94","95","1.052631578947368421052631579"
"2020-02-29T00:00:00.000","Montgomery","AL","Passenger","0","2","2","37","39","5.128205128205128205128205128"
"2019-08-31T00:00:00.000","Manassas City","VA","Passenger","0","1","1","7","8","12.500"
"2019-10-31T00:00:00.000","Skagit","WA","Truck","1","0","1","33465","33466","0.002988107332815394728978664914"
"2020-03-31T00:00:00.000","Montgomery","MD","Passenger","0","4","4","253","257","1.556420233463035019455252918"
"2020-02-29T00:00:00.000","Moore","NC","Passenger","0","1","1","167","168","0.5952380952380952380952380952"
"2020-04-30T00:00:00.000","Clark","WA","Truck","0","0","0","83891","83891","0"
"2020-02-29T00:00:00.000","Norfolk City","VA","Passenger","2","1","3","368","371","0.8086253369272237196765498652"
"2020-04-30T00:00:00.000","Ramsey","MN","Passenger","1","0","1","34","35","2.857142857142857142857142857"
"2019-10-31T00:00:00.000","Tarrant","TX","Passenger","2","0","2","174","176","1.136363636363636363636363636"
"2020-02-29T00:00:00.000","Orange","CA","Passenger","5","1","6","493","499","1.202404809619238476953907816"
"2019-02-28T00:00:00.000","Pacific","WA","Truck","0","0","0","7843","7843","0"
"2019-02-28T00:00:00.000","NULL","CA","Passenger","1","2","3","254","257","1.167315175097276264591439689"
"2020-03-31T00:00:00.000","Okanogan","WA","Passenger","4","8","12","6040","6052","0.1982815598149372108393919365"
"2020-03-31T00:00:00.000","Oldham","KY","Passenger","0","1","1","3","4","25.00"
"2020-03-31T00:00:00.000","Orange","CA","Passenger","5","1","6","493","499","1.202404809619238476953907816"
"2019-08-31T00:00:00.000","Montgomery","MD","Passenger","0","4","4","277","281","1.423487544483985765124555160"
"2020-04-30T00:00:00.000","Cowlitz","WA","Passenger","146","130","276","74091","74367","0.3711323570938722820605913913"
"2020-04-30T00:00:00.000","Saginaw","MI","Passenger","1","0","1","9","10","10.0"
"2019-02-28T00:00:00.000","NULL","WA","Passenger","0","0","0","2","2","0"
"2019-02-28T00:00:00.000","NULL","WA","Truck","0","0","0","2","2","0"
"2019-08-31T00:00:00.000","Multnomah","OR","Passenger","5","6","11","704","715","1.538461538461538461538461538"
"2020-04-30T00:00:00.000","Cowlitz","WA","Truck","0","0","0","29605","29605","0"
"2019-02-28T00:00:00.000","Pima","AZ","Passenger","0","1","1","373","374","0.2673796791443850267379679144"
"2020-04-30T00:00:00.000","San Juan","WA","Passenger","299","93","392","14518","14910","2.629107981220657276995305164"
"2019-02-28T00:00:00.000","Polk","FL","Passenger","1","0","1","66","67","1.492537313432835820895522388"
"2020-03-31T00:00:00.000","Pend Oreille","WA","Passenger","8","7","15","9695","9710","0.1544799176107106076210092688"
"2020-02-29T00:00:00.000","Placer","CA","Passenger","1","0","1","85","86","1.162790697674418604651162791"
"2020-04-30T00:00:00.000","San Mateo","CA","Passenger","0","1","1","112","113","0.8849557522123893805309734513"
"2019-08-31T00:00:00.000","Okanogan","NULL","Passenger","23","19","42","20772","20814","0.2017872585759584894782358028"
"2019-10-31T00:00:00.000","Washoe","NV","Passenger","2","0","2","84","86","2.325581395348837209302325581"
"2020-04-30T00:00:00.000","Denver","CO","Passenger","1","0","1","111","112","0.8928571428571428571428571429"
"2020-03-31T00:00:00.000","Pierce","WA","Passenger","2548","1812","4360","561286","565646","0.7708001117306583976550704858"
"2020-04-30T00:00:00.000","Shelby","OH","Passenger","0","1","1","1","2","50.0"
"2019-08-31T00:00:00.000","Okanogan","WA","Passenger","3","7","10","6169","6179","0.1618384851917786049522576469"
"2020-03-31T00:00:00.000","Pinellas","FL","Passenger","1","1","2","83","85","2.352941176470588235294117647"
"2019-08-31T00:00:00.000","Oldham","KY","Passenger","0","1","1","4","5","20.0"
"2020-04-30T00:00:00.000","Skagit","WA","Truck","1","0","1","33321","33322","0.003001020346917952103715263189"
"2019-02-28T00:00:00.000","Benton","WA","Passenger","248","254","502","135595","136097","0.3688545669632688450149525706"
"2020-04-30T00:00:00.000","El Paso","TX","Passenger","2","0","2","435","437","0.4576659038901601830663615561"
"2019-10-31T00:00:00.000","Yakima","WA","Passenger","128","123","251","170299","170550","0.1471709176194664321313397831"
"2020-04-30T00:00:00.000","Snohomish","WA","Truck","0","0","0","126858","126858","0"
"2020-03-31T00:00:00.000","Putnam","TN","Passenger","0","1","1","2","3","33.33333333333333333333333333"
"2020-04-30T00:00:00.000","Stevens","WA","Truck","0","0","0","19258","19258","0"
"2020-04-30T00:00:00.000","Franklin","WA","Passenger","65","82","147","62023","62170","0.2364484478044072703876467750"
"2020-04-30T00:00:00.000","Tarrant","TX","Passenger","1","0","1","155","156","0.6410256410256410256410256410"
"2019-02-28T00:00:00.000","Russell","AL","Passenger","1","0","1","42","43","2.325581395348837209302325581"
"2019-08-31T00:00:00.000","Pierce","WA","Passenger","2163","1690","3853","555002","558855","0.6894453838652244320977713360"
"2020-03-31T00:00:00.000","Riley","KS","Passenger","1","0","1","63","64","1.562500"
"2020-02-29T00:00:00.000","San Diego","CA","Passenger","10","9","19","2803","2822","0.6732813607370659107016300496"
"2020-04-30T00:00:00.000","Fulton","GA","Passenger","1","2","3","97","100","3.00"
"2019-08-31T00:00:00.000","Pinellas","FL","Passenger","1","1","2","96","98","2.040816326530612244897959184"
"2020-04-30T00:00:00.000","Thurston","WA","Truck","0","0","0","56708","56708","0"
"2020-04-30T00:00:00.000","Tipton","TN","Passenger","1","0","1","12","13","7.692307692307692307692307692"
"2019-02-28T00:00:00.000","Carson City","NV","Passenger","1","0","1","10","11","9.090909090909090909090909091"
"2020-02-29T00:00:00.000","Sarasota","FL","Passenger","1","0","1","22","23","4.347826086956521739130434783"
"2020-04-30T00:00:00.000","Grant","WA","Passenger","62","76","138","66942","67080","0.2057245080500894454382826476"
"2019-08-31T00:00:00.000","Putnam","TN","Passenger","0","1","1","2","3","33.33333333333333333333333333"
"2020-04-30T00:00:00.000","Grant","WA","Truck","0","0","0","27910","27910","0"
"2019-11-30T00:00:00.000","Bryan","GA","Passenger","1","0","1","59","60","1.666666666666666666666666667"
"2019-08-31T00:00:00.000","Ramsey","MN","Passenger","1","0","1","34","35","2.857142857142857142857142857"
"2020-04-30T00:00:00.000","Grays Harbor","WA","Passenger","120","113","233","48921","49154","0.4740204256011718273182243561"
"2019-02-28T00:00:00.000","San Juan","WA","Passenger","197","71","268","14626","14894","1.799382301597958909628038136"
"2019-02-28T00:00:00.000","Clallam","WA","Passenger","163","134","297","51285","51582","0.5757822496219611492381063162"
"2019-02-28T00:00:00.000","San Mateo","CA","Passenger","2","1","3","128","131","2.290076335877862595419847328"
"2019-08-31T00:00:00.000","Riverside","CA","Passenger","0","1","1","630","631","0.1584786053882725832012678288"
"2020-02-29T00:00:00.000","Stafford","VA","Passenger","1","0","1","85","86","1.162790697674418604651162791"
"2020-04-30T00:00:00.000","Washoe","NV","Passenger","1","0","1","81","82","1.219512195121951219512195122"
"2020-02-29T00:00:00.000","Suffolk City","VA","Passenger","1","0","1","119","120","0.8333333333333333333333333333"
"2020-03-31T00:00:00.000","Spartanburg","SC","Passenger","0","1","1","38","39","2.564102564102564102564102564"
"2019-11-30T00:00:00.000","Cascade","MT","Passenger","0","1","1","58","59","1.694915254237288135593220339"
"2020-04-30T00:00:00.000","Whitman","WA","Truck","0","0","0","8786","8786","0"
"2020-02-29T00:00:00.000","Tuolumne","CA","Passenger","0","1","1","8","9","11.11111111111111111111111111"
"2019-02-28T00:00:00.000","Skamania","WA","Passenger","22","15","37","8984","9021","0.4101540849129808225252189336"
"2020-04-30T00:00:00.000","Yakima","WA","Passenger","147","124","271","169705","169976","0.1594342730738457193956793900"
"2020-03-31T00:00:00.000","Twin Falls","ID","Passenger","0","1","1","22","23","4.347826086956521739130434783"
"2019-11-30T00:00:00.000","Chesapeake City","VA","Passenger","0","2","2","427","429","0.4662004662004662004662004662"
"2019-08-31T00:00:00.000","Santa Cruz","CA","Passenger","1","0","1","35","36","2.777777777777777777777777778"
"2020-02-29T00:00:00.000","Valencia","NM","Passenger","1","0","1","3","4","25.00"
"2020-05-31T00:00:00.000","NULL","CA","Passenger","1","2","3","225","228","1.315789473684210526315789474"
"2019-02-28T00:00:00.000","Cumberland","NC","Passenger","0","2","2","534","536","0.3731343283582089552238805970"
"2020-04-30T00:00:00.000","Kent","MI","Passenger","0","1","1","20","21","4.761904761904761904761904762"
"2020-04-30T00:00:00.000","Kern","CA","Passenger","1","1","2","225","227","0.8810572687224669603524229075"
"2020-05-31T00:00:00.000","Allegheny","PA","Passenger","1","0","1","59","60","1.666666666666666666666666667"
"2019-08-31T00:00:00.000","Skagit","WA","Truck","1","0","1","33457","33458","0.002988821806443899814693048000"
"2019-11-30T00:00:00.000","Clark","WA","Passenger","1922","1071","2993","323214","326207","0.9175155652699053055268587124"
"2020-04-30T00:00:00.000","King","WA","Passenger","24678","8021","32699","1407174","1439873","2.270964175312683826976406947"
"2019-02-28T00:00:00.000","Dakota","MN","Passenger","0","1","1","30","31","3.225806451612903225806451613"
"2020-04-30T00:00:00.000","King","WA","Truck","6","1","7","186051","186058","0.003762267679970761805458512937"
"2020-05-31T00:00:00.000","Arlington","VA","Passenger","0","2","2","129","131","1.526717557251908396946564885"
"2020-04-30T00:00:00.000","Klickitat","WA","Truck","0","0","0","8464","8464","0"
"2019-11-30T00:00:00.000","Cochise","AZ","Passenger","0","1","1","111","112","0.8928571428571428571428571429"
"2020-05-31T00:00:00.000","Bell","TX","Passenger","0","1","1","395","396","0.2525252525252525252525252525"
"2020-04-30T00:00:00.000","Larimer","CO","Passenger","0","1","1","37","38","2.631578947368421052631578947"
"2019-08-31T00:00:00.000","Twin Falls","ID","Passenger","0","1","1","24","25","4.00"
"2020-05-31T00:00:00.000","Benton","WA","Truck","0","0","0","43575","43575","0"
"2020-04-30T00:00:00.000","Lewis","WA","Passenger","109","115","224","59889","60113","0.3726315439256067739091377905"
"2019-02-28T00:00:00.000","Thurston","WA","Truck","0","0","0","56354","56354","0"
"2019-08-31T00:00:00.000","Volusia","FL","Passenger","0","1","1","35","36","2.777777777777777777777777778"
"2020-04-30T00:00:00.000","Anne Arundel","MD","Passenger","0","3","3","411","414","0.7246376811594202898550724638"
"2020-04-30T00:00:00.000","Asotin","WA","Passenger","17","13","30","12788","12818","0.2340458729911062568263379622"
"2019-08-31T00:00:00.000","Wayne","MI","Passenger","0","1","1","63","64","1.562500"
"2019-11-30T00:00:00.000","El Paso","CO","Passenger","1","1","2","703","705","0.2836879432624113475177304965"
"2019-02-28T00:00:00.000","Valencia","NM","Passenger","1","0","1","7","8","12.500"
"2019-02-28T00:00:00.000","Duval","FL","Passenger","1","1","2","373","375","0.5333333333333333333333333333"
"2020-03-31T00:00:00.000","Calvert","MD","Passenger","0","2","2","90","92","2.173913043478260869565217391"
"2020-05-31T00:00:00.000","Carson City","NV","Passenger","1","0","1","9","10","10.0"
"2019-08-31T00:00:00.000","Westchester","NY","Passenger","0","1","1","31","32","3.12500"
"2020-05-31T00:00:00.000","Charles","MD","Passenger","1","1","2","66","68","2.941176470588235294117647059"
"2019-02-28T00:00:00.000","Wahkiakum","WA","Passenger","2","2","4","3071","3075","0.1300813008130081300813008130"
"2019-11-30T00:00:00.000","Fresno","CA","Passenger","1","0","1","180","181","0.5524861878453038674033149171"
"2020-05-31T00:00:00.000","Clallam","WA","Truck","1","0","1","22196","22197","0.004505113303599585529576068838"
"2020-04-30T00:00:00.000","Montgomery","PA","Passenger","1","0","1","21","22","4.545454545454545454545454545"
"2019-11-30T00:00:00.000","Garfield","WA","Truck","0","0","0","989","989","0"
"2020-03-31T00:00:00.000","Chesapeake City","VA","Passenger","0","2","2","413","415","0.4819277108433734939759036145"
"2020-04-30T00:00:00.000","Calvert","MD","Passenger","0","2","2","89","91","2.197802197802197802197802198"
"2019-02-28T00:00:00.000","Ferry","WA","Truck","0","0","0","3776","3776","0"
"2020-03-31T00:00:00.000","Clark","WA","Passenger","2103","1107","3210","325911","329121","0.9753251843546902203141094005"
"2020-04-30T00:00:00.000","Oklahoma","OK","Passenger","0","2","2","111","113","1.769911504424778761061946903"
"2019-02-28T00:00:00.000","Flathead","MT","Passenger","1","0","1","51","52","1.923076923076923076923076923"
"2019-02-28T00:00:00.000","Whatcom","WA","Passenger","840","399","1239","152246","153485","0.8072450076554712186858650682"
"2019-02-28T00:00:00.000","Whitman","WA","Truck","0","0","0","8765","8765","0"
"2020-05-31T00:00:00.000","Davidson","TN","Passenger","1","0","1","59","60","1.666666666666666666666666667"
"2019-09-30T00:00:00.000","Calvert","MD","Passenger","0","2","2","93","95","2.105263157894736842105263158"
"2019-11-30T00:00:00.000","Jefferson","WA","Passenger","225","143","368","25605","25973","1.416855965810649520656065915"
"2019-02-28T00:00:00.000","Glacier","MT","Passenger","0","1","1","3","4","25.00"
"2019-02-28T00:00:00.000","Yakima","WA","Passenger","96","110","206","169054","169260","0.1217062507385088030249320572"
"2020-03-31T00:00:00.000","Douglas","WA","Passenger","72","41","113","28743","28856","0.3915996673135569725533684502"
"2020-04-30T00:00:00.000","Prince William","VA","Passenger","2","3","5","217","222","2.252252252252252252252252252"
"2019-09-30T00:00:00.000","Charles","MD","Passenger","0","1","1","80","81","1.234567901234567901234567901"
"2020-03-31T00:00:00.000","Dupage","IL","Passenger","2","0","2","49","51","3.921568627450980392156862745"
"2019-03-31T00:00:00.000","NULL","WA","Truck","0","0","0","2","2","0"
"2020-04-30T00:00:00.000","Douglas","WA","Passenger","70","41","111","28606","28717","0.3865306264581954939582825504"
"2020-04-30T00:00:00.000","Saint Clair","IL","Passenger","1","0","1","139","140","0.7142857142857142857142857143"
"2020-03-31T00:00:00.000","Fairfax","VA","Passenger","5","4","9","719","728","1.236263736263736263736263736"
"2019-09-30T00:00:00.000","Chelan","WA","Passenger","175","75","250","55672","55922","0.4470512499552948750044705125"
"2020-05-31T00:00:00.000","Frederick","MD","Passenger","2","1","3","77","80","3.7500"
"2019-11-30T00:00:00.000","Lincoln","WA","Passenger","3","11","14","8006","8020","0.1745635910224438902743142145"
"2020-04-30T00:00:00.000","Fairbanks North Star","AK","Passenger","0","1","1","95","96","1.041666666666666666666666667"
"2019-09-30T00:00:00.000","Chesapeake City","VA","Passenger","0","1","1","435","436","0.2293577981651376146788990826"
"2020-04-30T00:00:00.000","Fairfax","VA","Passenger","5","4","9","712","721","1.248266296809986130374479889"
"2019-03-31T00:00:00.000","Arlington","VA","Passenger","1","2","3","154","157","1.910828025477707006369426752"
"2020-05-31T00:00:00.000","Glacier","MT","Passenger","0","1","1","5","6","16.66666666666666666666666667"
"2019-09-30T00:00:00.000","Clallam","WA","Truck","1","0","1","22340","22341","0.004476075377109350521462781433"
"2020-04-30T00:00:00.000","Ferry","WA","Passenger","5","3","8","4498","4506","0.1775410563692853972481136263"
"2019-09-30T00:00:00.000","Clark","WA","Passenger","1817","1028","2845","321776","324621","0.8764066403590648787355100255"
"2020-04-30T00:00:00.000","Spokane","WA","Truck","1","0","1","100181","100182","0.0009981833063823840610089636861"
"2019-11-30T00:00:00.000","Mecklenburg","NC","Passenger","1","0","1","79","80","1.2500"
"2019-09-30T00:00:00.000","Clark","WA","Truck","0","0","0","83104","83104","0"
"2019-09-30T00:00:00.000","Clay","FL","Passenger","0","1","1","82","83","1.204819277108433734939759036"
"2019-03-31T00:00:00.000","Benton","WA","Truck","0","0","0","42811","42811","0"
"2020-03-31T00:00:00.000","Howard","MD","Passenger","0","1","1","85","86","1.162790697674418604651162791"
"2020-03-31T00:00:00.000","Island","WA","Passenger","427","289","716","64458","65174","1.098597600270046337496547703"
"2020-04-30T00:00:00.000","Thurston","WA","Passenger","1232","783","2015","200857","202872","0.9932371150281951181040261840"
"2020-05-31T00:00:00.000","Hidalgo","TX","Passenger","0","1","1","69","70","1.428571428571428571428571429"
"2020-04-30T00:00:00.000","Grays Harbor","WA","Truck","0","0","0","21230","21230","0"
"2019-11-30T00:00:00.000","Okanogan","WA","Passenger","2","8","10","6117","6127","0.1632120124041129427125836462"
"2020-03-31T00:00:00.000","Jefferson","WA","Passenger","245","155","400","25523","25923","1.543031284959302549859198395"
"2020-04-30T00:00:00.000","Ventura","CA","Passenger","0","2","2","289","291","0.6872852233676975945017182131"
"2019-03-31T00:00:00.000","Brevard","FL","Passenger","0","1","1","75","76","1.315789473684210526315789474"
"2020-04-30T00:00:00.000","Harrison","MS","Passenger","1","0","1","62","63","1.587301587301587301587301587"
"2020-03-31T00:00:00.000","Juneau","AK","Passenger","0","1","1","23","24","4.166666666666666666666666667"
"2019-02-28T00:00:00.000","Jefferson","CO","Passenger","0","2","2","62","64","3.12500"
"2019-09-30T00:00:00.000","Douglas","WA","Passenger","63","37","100","28765","28865","0.3464403256539061146717477914"
"2019-09-30T00:00:00.000","Douglas","WA","Truck","0","0","0","12585","12585","0"
"2020-05-31T00:00:00.000","Kent","DE","Passenger","0","1","1","66","67","1.492537313432835820895522388"
"2020-04-30T00:00:00.000","Island","WA","Passenger","427","290","717","64118","64835","1.105884167502120768103647721"
"2020-03-31T00:00:00.000","Kitsap","WA","Truck","1","0","1","55438","55439","0.001803784339544364075831093634"
"2020-03-31T00:00:00.000","Klickitat","WA","Passenger","56","42","98","15957","16055","0.6104017440049828713796325132"
"2020-05-31T00:00:00.000","Kittitas","WA","Truck","0","0","0","14954","14954","0"
"2019-09-30T00:00:00.000","Fairfax","VA","Passenger","3","3","6","735","741","0.8097165991902834008097165992"
"2020-05-31T00:00:00.000","Kootenai","ID","Passenger","1","0","1","191","192","0.5208333333333333333333333333"
"2020-05-31T00:00:00.000","NULL","WA","Passenger","0","0","0","4","4","0"
"2019-03-31T00:00:00.000","Charles","MD","Passenger","0","1","1","76","77","1.298701298701298701298701299"
"2020-05-31T00:00:00.000","Adams","WA","Truck","0","0","0","5418","5418","0"
"2019-11-30T00:00:00.000","Riley","KS","Passenger","1","0","1","63","64","1.562500"
"2020-05-31T00:00:00.000","Larimer","CO","Passenger","0","1","1","36","37","2.702702702702702702702702703"
"2020-05-31T00:00:00.000","Albemarle","VA","Passenger","1","0","1","27","28","3.571428571428571428571428571"
"2020-03-31T00:00:00.000","Lincoln","WA","Truck","0","0","0","4780","4780","0"
"2020-05-31T00:00:00.000","Alexandria City","VA","Passenger","4","0","4","135","139","2.877697841726618705035971223"
"2020-05-31T00:00:00.000","Liberty","GA","Passenger","1","0","1","123","124","0.8064516129032258064516129032"
"2020-04-30T00:00:00.000","Kittitas","WA","Passenger","108","51","159","30584","30743","0.5171909052467228312136096022"
"2020-05-31T00:00:00.000","Bartow","GA","Passenger","0","1","1","3","4","25.00"
"2019-03-31T00:00:00.000","Clallam","WA","Truck","0","0","0","22176","22176","0"
"2019-11-30T00:00:00.000","San Juan","WA","Passenger","248","82","330","14712","15042","2.193857199840446749102512964"
"2020-05-31T00:00:00.000","Benton","WA","Passenger","366","331","697","136975","137672","0.5062757859259689697251438201"
"2020-03-31T00:00:00.000","Mecklenburg","NC","Passenger","1","0","1","71","72","1.388888888888888888888888889"
"2019-11-30T00:00:00.000","San Mateo","CA","Passenger","1","1","2","118","120","1.666666666666666666666666667"
"2020-03-31T00:00:00.000","Montgomery","OH","Passenger","0","1","1","57","58","1.724137931034482758620689655"
"2020-04-30T00:00:00.000","Lewis","WA","Truck","0","0","0","26764","26764","0"
"2019-03-31T00:00:00.000","Cochise","AZ","Passenger","0","1","1","119","120","0.8333333333333333333333333333"
"2019-09-30T00:00:00.000","Island","WA","Passenger","365","265","630","64589","65219","0.9659761725877428356767199742"
"2019-09-30T00:00:00.000","Island","WA","Truck","0","0","0","21815","21815","0"
"2019-11-30T00:00:00.000","Shelby","OH","Passenger","0","1","1","1","2","50.0"
"2020-04-30T00:00:00.000","Lincoln","WA","Truck","0","0","0","4757","4757","0"
"2020-03-31T00:00:00.000","Nassau","NY","Passenger","2","0","2","29","31","6.451612903225806451612903226"
"2019-11-30T00:00:00.000","Snohomish","WA","Truck","0","0","0","126793","126793","0"
"2019-09-30T00:00:00.000","Jefferson","NY","Passenger","0","1","1","227","228","0.4385964912280701754385964912"
"2020-04-30T00:00:00.000","Maricopa","AZ","Passenger","6","5","11","1166","1177","0.9345794392523364485981308411"
"2020-05-31T00:00:00.000","Monterey","CA","Passenger","1","0","1","187","188","0.5319148936170212765957446809"
"2019-11-30T00:00:00.000","Stevens","WA","Truck","0","0","0","19448","19448","0"
"2019-09-30T00:00:00.000","Kittitas","WA","Passenger","87","45","132","30519","30651","0.4306547910345502593716355094"
"2020-05-31T00:00:00.000","Clallam","WA","Passenger","236","168","404","51063","51467","0.7849690092680746886354362990"
"2019-09-30T00:00:00.000","Klickitat","WA","Passenger","43","37","80","15945","16025","0.4992199687987519500780031201"
"2019-11-30T00:00:00.000","Thurston","WA","Truck","0","0","0","56863","56863","0"
"2019-02-28T00:00:00.000","Monroe","IL","Passenger","1","0","1","3","4","25.00"
"2019-03-31T00:00:00.000","Deschutes","OR","Passenger","2","0","2","136","138","1.449275362318840579710144928"
"2020-04-30T00:00:00.000","Nassau","NY","Passenger","2","0","2","27","29","6.896551724137931034482758621"
"2020-04-30T00:00:00.000","New Castle","DE","Passenger","1","0","1","22","23","4.347826086956521739130434783"
"2020-05-31T00:00:00.000","Oklahoma","OK","Passenger","0","1","1","109","110","0.9090909090909090909090909091"
"2019-09-30T00:00:00.000","Lincoln","WA","Truck","0","0","0","4821","4821","0"
"2020-05-31T00:00:00.000","Otero","NM","Passenger","0","1","1","35","36","2.777777777777777777777777778"
"2020-05-31T00:00:00.000","Ozaukee","WI","Passenger","0","1","1","3","4","25.00"
"2020-05-31T00:00:00.000","Pacific","WA","Truck","0","0","0","7829","7829","0"
"2020-05-31T00:00:00.000","Palm Beach","FL","Passenger","0","1","1","64","65","1.538461538461538461538461538"
"2020-04-30T00:00:00.000","Pend Oreille","WA","Truck","0","0","0","5972","5972","0"
"2020-03-31T00:00:00.000","Shasta","CA","Passenger","1","0","1","38","39","2.564102564102564102564102564"
"2019-11-30T00:00:00.000","Whitman","WA","Truck","0","0","0","8829","8829","0"
"2020-03-31T00:00:00.000","Shelby","OH","Passenger","0","1","1","1","2","50.0"
"2020-05-31T00:00:00.000","Pend Oreille","WA","Passenger","7","6","13","9537","9550","0.1361256544502617801047120419"
"2020-03-31T00:00:00.000","Snohomish","WA","Truck","0","0","0","127233","127233","0"
"2020-04-30T00:00:00.000","Placer","CA","Passenger","1","0","1","81","82","1.219512195121951219512195122"
"2020-05-31T00:00:00.000","Pinal","AZ","Passenger","1","0","1","148","149","0.6711409395973154362416107383"
"2020-04-30T00:00:00.000","Powhatan","VA","Passenger","1","0","1","0","1","100"
"2020-03-31T00:00:00.000","Stevens","WA","Truck","0","0","0","19346","19346","0"
"2019-09-30T00:00:00.000","Nassau","NY","Passenger","2","0","2","30","32","6.2500"
"2019-02-28T00:00:00.000","Nueces","TX","Passenger","1","1","2","93","95","2.105263157894736842105263158"
"2019-12-31T00:00:00.000","NULL","CA","Passenger","1","2","3","236","239","1.255230125523012552301255230"
"2020-05-31T00:00:00.000","Greene","MO","Passenger","0","1","1","19","20","5.00"
"2019-12-31T00:00:00.000","Arlington","VA","Passenger","0","2","2","141","143","1.398601398601398601398601399"
"2020-05-31T00:00:00.000","Guilford","NC","Passenger","1","0","1","25","26","3.846153846153846153846153846"
"2019-09-30T00:00:00.000","Otero","NM","Passenger","0","1","1","41","42","2.380952380952380952380952381"
"2019-03-31T00:00:00.000","Glacier","MT","Passenger","0","1","1","4","5","20.0"
"2019-12-31T00:00:00.000","Bell","TX","Passenger","0","1","1","415","416","0.2403846153846153846153846154"
"2019-09-30T00:00:00.000","Pacific","WA","Truck","0","0","0","7869","7869","0"
"2019-12-31T00:00:00.000","Benton","WA","Truck","0","0","0","43634","43634","0"
"2019-09-30T00:00:00.000","Pend Oreille","WA","Truck","0","0","0","5954","5954","0"
"2020-05-31T00:00:00.000","Saint Louis","MO","Passenger","1","0","1","61","62","1.612903225806451612903225806"
"2020-03-31T00:00:00.000","Walla Walla","WA","Passenger","69","64","133","37029","37162","0.3578924708035089607663742533"
"2019-09-30T00:00:00.000","Pima","AZ","Passenger","1","1","2","335","337","0.5934718100890207715133531157"
"2020-05-31T00:00:00.000","Saint Louis City","MO","Passenger","1","0","1","25","26","3.846153846153846153846153846"
"2020-04-30T00:00:00.000","San Francisco","CA","Passenger","2","1","3","89","92","3.260869565217391304347826087"
"2019-09-30T00:00:00.000","Polk","FL","Passenger","1","0","1","68","69","1.449275362318840579710144928"
"2020-05-31T00:00:00.000","Honolulu","HI","Passenger","3","0","3","401","404","0.7425742574257425742574257426"
"2019-09-30T00:00:00.000","Powhatan","VA","Passenger","1","0","1","0","1","100"
"2020-04-30T00:00:00.000","Sarasota","FL","Passenger","1","0","1","19","20","5.00"
"2019-03-31T00:00:00.000","Hidalgo","TX","Passenger","0","1","1","91","92","1.086956521739130434782608696"
"2020-03-31T00:00:00.000","Washoe","NV","Passenger","1","0","1","84","85","1.176470588235294117647058824"
"2019-02-28T00:00:00.000","Pend Oreille","WA","Passenger","6","5","11","9841","9852","0.1116524563540397888753552578"
"2020-03-31T00:00:00.000","Whitman","WA","Passenger","44","49","93","22918","23011","0.4041545347877102255443048977"
"2020-04-30T00:00:00.000","Skamania","WA","Truck","0","0","0","4213","4213","0"
"2020-03-31T00:00:00.000","Whitman","WA","Truck","0","0","0","8816","8816","0"
"2020-05-31T00:00:00.000","Skamania","WA","Passenger","34","17","51","8748","8799","0.5796113194681213774292533242"
"2020-04-30T00:00:00.000","Spokane","WA","Passenger","754","509","1263","323074","324337","0.3894097805677428107184810860"
"2020-03-31T00:00:00.000","Williamson","TX","Passenger","1","0","1","108","109","0.9174311926605504587155963303"
"2019-12-31T00:00:00.000","Carson City","NV","Passenger","1","0","1","9","10","10.0"
"2020-05-31T00:00:00.000","Sumter","FL","Passenger","0","1","1","8","9","11.11111111111111111111111111"
"2020-04-30T00:00:00.000","NULL","WA","Passenger","0","0","0","4","4","0"
"2019-12-31T00:00:00.000","Clallam","WA","Truck","1","0","1","22373","22374","0.004469473496022168588540269956"
"2019-03-31T00:00:00.000","Jefferson","NY","Passenger","0","1","1","244","245","0.4081632653061224489795918367"
"2019-09-30T00:00:00.000","San Francisco","CA","Passenger","2","1","3","100","103","2.912621359223300970873786408"
"2020-05-31T00:00:00.000","Travis","TX","Passenger","1","2","3","152","155","1.935483870967741935483870968"
"2019-09-30T00:00:00.000","Shelby","OH","Passenger","0","1","1","1","2","50.0"
"2020-05-31T00:00:00.000","Wahkiakum","WA","Passenger","6","7","13","3034","3047","0.4266491631112569740728585494"
"2020-04-30T00:00:00.000","Wahkiakum","WA","Truck","0","0","0","1801","1801","0"
"2020-04-30T00:00:00.000","Benton","WA","Passenger","360","331","691","137312","138003","0.5007137525995811685253219133"
"2020-04-30T00:00:00.000","Walla Walla","WA","Passenger","71","64","135","36816","36951","0.3653487050418121295770073882"
"2019-12-31T00:00:00.000","Cowlitz","WA","Passenger","128","124","252","74938","75190","0.3351509509243250432238329565"
"2019-09-30T00:00:00.000","Skamania","WA","Passenger","29","17","46","9021","9067","0.5073342891805448329105547590"
"2019-09-30T00:00:00.000","Skamania","WA","Truck","0","0","0","4251","4251","0"
"2019-12-31T00:00:00.000","Cumberland","NC","Passenger","0","2","2","498","500","0.400"
"2020-04-30T00:00:00.000","Brevard","FL","Passenger","0","1","1","71","72","1.388888888888888888888888889"
"2020-05-31T00:00:00.000","Mason","WA","Passenger","189","146","335","48268","48603","0.6892578647408596177190708392"
"2019-02-28T00:00:00.000","Saint Louis","MO","Passenger","1","0","1","78","79","1.265822784810126582278481013"
"2019-09-30T00:00:00.000","Spokane","WA","Passenger","634","477","1111","320591","321702","0.3453506661444442372133216455"
"2020-05-31T00:00:00.000","Mason","WA","Truck","0","0","0","21128","21128","0"
"2020-04-30T00:00:00.000","Washtenaw","MI","Passenger","1","0","1","25","26","3.846153846153846153846153846"
"2020-04-30T00:00:00.000","Bryan","GA","Passenger","1","0","1","59","60","1.666666666666666666666666667"
"2020-04-30T00:00:00.000","Whatcom","WA","Truck","3","0","3","43943","43946","0.006826559868930050516543030082"
"2020-05-31T00:00:00.000","Whatcom","WA","Passenger","1127","521","1648","152254","153902","1.070811295499733596704396304"
"2019-09-30T00:00:00.000","Tarrant","TX","Passenger","2","0","2","172","174","1.149425287356321839080459770"
"2020-04-30T00:00:00.000","Williamson","TX","Passenger","1","0","1","105","106","0.9433962264150943396226415094"
"2019-02-28T00:00:00.000","Santa Barbara","CA","Passenger","1","0","1","97","98","1.020408163265306122448979592"
"2020-05-31T00:00:00.000","Montgomery","AL","Passenger","0","2","2","37","39","5.128205128205128205128205128"
"2020-05-31T00:00:00.000","Yakima","WA","Truck","0","0","0","61724","61724","0"
"2019-02-28T00:00:00.000","Santa Fe","NM","Passenger","0","1","1","37","38","2.631578947368421052631578947"
"2019-09-30T00:00:00.000","Vigo","IN","Passenger","1","0","1","4","5","20.0"
"2020-05-31T00:00:00.000","NULL","NULL","Passenger","7","5","12","1876","1888","0.6355932203389830508474576271"
"2019-09-30T00:00:00.000","Wahkiakum","WA","Truck","0","0","0","1803","1803","0"
"2020-04-30T00:00:00.000","Clackamas","OR","Passenger","1","0","1","170","171","0.5847953216374269005847953216"
"2020-04-30T00:00:00.000","Clallam","WA","Passenger","234","168","402","51255","51657","0.7782101167315175097276264591"
"2020-05-31T00:00:00.000","Adams","WA","Passenger","8","9","17","13073","13090","0.1298701298701298701298701299"
"2019-09-30T00:00:00.000","Walla Walla","WA","Passenger","59","64","123","36998","37121","0.3313488321974084749872040085"
"2019-03-31T00:00:00.000","Liberty","GA","Passenger","1","0","1","146","147","0.6802721088435374149659863946"
"2019-09-30T00:00:00.000","Walla Walla","WA","Truck","0","0","0","14106","14106","0"
"2020-05-31T00:00:00.000","Norfolk City","VA","Passenger","2","1","3","356","359","0.8356545961002785515320334262"
"2019-03-31T00:00:00.000","Lincoln","WA","Passenger","5","7","12","7974","7986","0.1502629601803155522163786627"
"2019-12-31T00:00:00.000","Glacier","MT","Passenger","0","1","1","4","5","20.0"
"2019-09-30T00:00:00.000","Washtenaw","MI","Passenger","1","0","1","32","33","3.030303030303030303030303030"
"2020-05-31T00:00:00.000","Orange","CA","Passenger","5","1","6","482","488","1.229508196721311475409836066"
"2019-12-31T00:00:00.000","Grant","WA","Passenger","58","72","130","67307","67437","0.1927725136052908640657205985"
"2019-12-31T00:00:00.000","Grays Harbor","WA","Passenger","118","105","223","49173","49396","0.4514535589926309822657705077"
"2019-02-28T00:00:00.000","Spartanburg","SC","Passenger","0","1","1","27","28","3.571428571428571428571428571"
"2020-05-31T00:00:00.000","Osceola","FL","Passenger","1","0","1","34","35","2.857142857142857142857142857"
"2019-09-30T00:00:00.000","Whatcom","WA","Passenger","976","483","1459","153747","155206","0.9400409777972501063103230545"
"2019-09-30T00:00:00.000","Whatcom","WA","Truck","2","0","2","44050","44052","0.004540088985744120584763461364"
"2019-03-31T00:00:00.000","Manassas City","VA","Passenger","0","1","1","9","10","10.0"
"2019-09-30T00:00:00.000","Whitman","WA","Truck","0","0","0","8845","8845","0"
"2020-04-30T00:00:00.000","Duval","FL","Passenger","0","1","1","336","337","0.2967359050445103857566765579"
"2020-06-30T00:00:00.000","Carson City","NV","Passenger","1","0","1","9","10","10.0"
"2019-09-30T00:00:00.000","Williamson","TX","Passenger","1","0","1","118","119","0.8403361344537815126050420168"
"2019-12-31T00:00:00.000","Harnett","NC","Passenger","0","1","1","188","189","0.5291005291005291005291005291"
"2020-05-31T00:00:00.000","Bucks","PA","Passenger","1","0","1","19","20","5.00"
"2019-03-31T00:00:00.000","Mason","WA","Truck","0","0","0","20944","20944","0"
"2020-04-30T00:00:00.000","Ferry","WA","Truck","0","0","0","3693","3693","0"
"2020-04-30T00:00:00.000","Flathead","MT","Passenger","1","0","1","52","53","1.886792452830188679245283019"
"2020-05-31T00:00:00.000","Calvert","MD","Passenger","0","2","2","88","90","2.222222222222222222222222222"
"2019-12-31T00:00:00.000","Hennepin","MN","Passenger","2","0","2","95","97","2.061855670103092783505154639"
"2019-12-31T00:00:00.000","Hidalgo","TX","Passenger","0","1","1","81","82","1.219512195121951219512195122"
"2020-06-30T00:00:00.000","Clark","WA","Truck","0","0","0","84214","84214","0"
"2019-10-31T00:00:00.000","NULL","NULL","Passenger","8","6","14","1997","2011","0.6961710591745400298359025361"
"2019-10-31T00:00:00.000","Adams","WA","Passenger","6","6","12","13249","13261","0.09049091320413241836965538044"
"2020-04-30T00:00:00.000","Garfield","WA","Truck","0","0","0","993","993","0"
"2020-05-31T00:00:00.000","San Diego","CA","Passenger","13","9","22","2773","2795","0.7871198568872987477638640429"
"2020-04-30T00:00:00.000","Goochland","VA","Passenger","2","1","3","170","173","1.734104046242774566473988439"
"2020-06-30T00:00:00.000","Cowlitz","WA","Passenger","148","128","276","73727","74003","0.3729578530600110806318662757"
"2019-10-31T00:00:00.000","Arlington","VA","Passenger","0","2","2","141","143","1.398601398601398601398601399"
"2020-05-31T00:00:00.000","Clark","NV","Passenger","3","1","4","610","614","0.6514657980456026058631921824"
"2020-06-30T00:00:00.000","Cumberland","NC","Passenger","0","3","3","469","472","0.6355932203389830508474576271"
"2020-05-31T00:00:00.000","Columbia","GA","Passenger","1","1","2","141","143","1.398601398601398601398601399"
"2019-12-31T00:00:00.000","Kittitas","WA","Truck","0","0","0","15029","15029","0"
"2020-05-31T00:00:00.000","Contra Costa","CA","Passenger","2","0","2","179","181","1.104972375690607734806629834"
"2019-12-31T00:00:00.000","Klickitat","WA","Truck","0","0","0","8552","8552","0"
"2020-05-31T00:00:00.000","Spartanburg","SC","Passenger","0","1","1","36","37","2.702702702702702702702702703"
"2019-12-31T00:00:00.000","Larimer","CO","Passenger","0","1","1","43","44","2.272727272727272727272727273"
"2020-04-30T00:00:00.000","Howard","MD","Passenger","0","1","1","83","84","1.190476190476190476190476190"
"2020-05-31T00:00:00.000","Stafford","VA","Passenger","1","0","1","84","85","1.176470588235294117647058824"
"2020-06-30T00:00:00.000","Dupage","IL","Passenger","2","0","2","45","47","4.255319148936170212765957447"
"2019-02-28T00:00:00.000","Yakima","WA","Truck","0","0","0","61245","61245","0"
"2020-05-31T00:00:00.000","Dekalb","IN","Passenger","1","0","1","1","2","50.0"
"2019-03-31T00:00:00.000","Okanogan","WA","Passenger","3","7","10","6229","6239","0.1602820964898220868728962975"
"2019-03-31T00:00:00.000","Oldham","KY","Passenger","0","1","1","4","5","20.0"
"2020-06-30T00:00:00.000","Glacier","MT","Passenger","0","1","1","4","5","20.0"
"2020-05-31T00:00:00.000","Douglas","WA","Passenger","70","41","111","28561","28672","0.3871372767857142857142857143"
"2019-03-31T00:00:00.000","Orange","CA","Passenger","4","1","5","540","545","0.9174311926605504587155963303"
"2020-05-31T00:00:00.000","Williams","ND","Passenger","0","1","1","12","13","7.692307692307692307692307692"
"2019-10-31T00:00:00.000","Clark","NV","Passenger","2","1","3","631","634","0.4731861198738170347003154574"
"2020-06-30T00:00:00.000","Grant","WA","Passenger","62","76","138","66850","66988","0.2060070460380963754702334747"
"2020-04-30T00:00:00.000","Kitsap","WA","Passenger","1400","709","2109","183912","186021","1.133742964504007612043801506"
"2020-06-30T00:00:00.000","Grays Harbor","WA","Passenger","121","114","235","48961","49196","0.4776811122855516708675502073"
"2019-10-31T00:00:00.000","Cochise","AZ","Passenger","0","1","1","113","114","0.8771929824561403508771929825"
"2019-03-31T00:00:00.000","Ozaukee","WI","Passenger","0","1","1","3","4","25.00"
"2020-06-30T00:00:00.000","Ada","ID","Passenger","0","1","1","241","242","0.4132231404958677685950413223"
"2019-10-31T00:00:00.000","Columbia","GA","Passenger","1","1","2","148","150","1.333333333333333333333333333"
"2020-06-30T00:00:00.000","Guilford","NC","Passenger","1","0","1","24","25","4.00"
"2019-10-31T00:00:00.000","Contra Costa","CA","Passenger","1","0","1","193","194","0.5154639175257731958762886598"
"2019-03-31T00:00:00.000","Pend Oreille","WA","Passenger","6","5","11","9830","9841","0.1117772584086983030179859770"
"2020-06-30T00:00:00.000","Alameda","CA","Passenger","1","0","1","245","246","0.4065040650406504065040650407"
"2020-04-30T00:00:00.000","Leon","FL","Passenger","1","0","1","8","9","11.11111111111111111111111111"
"2020-04-30T00:00:00.000","Lincoln","WA","Passenger","6","12","18","7874","7892","0.2280790674100354789660415611"
"2020-05-31T00:00:00.000","Harris","TX","Passenger","1","0","1","201","202","0.4950495049504950495049504950"
"2020-06-30T00:00:00.000","Anne Arundel","MD","Passenger","0","3","3","411","414","0.7246376811594202898550724638"
"2019-03-31T00:00:00.000","Pierce","WA","Passenger","1859","1559","3418","550219","553637","0.6173720325773024563025953829"
"2020-06-30T00:00:00.000","Asotin","WA","Passenger","17","13","30","12661","12691","0.2363879914900323063588369711"
"2020-05-31T00:00:00.000","Howard","MD","Passenger","0","1","1","83","84","1.190476190476190476190476190"
"2019-12-31T00:00:00.000","Oklahoma","OK","Passenger","0","2","2","116","118","1.694915254237288135593220339"
"2020-06-30T00:00:00.000","Hennepin","MN","Passenger","2","0","2","75","77","2.597402597402597402597402597"
"2020-05-31T00:00:00.000","Island","WA","Passenger","431","290","721","64067","64788","1.112860406248070630363647589"
"2019-12-31T00:00:00.000","Ozaukee","WI","Passenger","0","1","1","3","4","25.00"
"2019-10-31T00:00:00.000","Dekalb","IN","Passenger","1","0","1","1","2","50.0"
"2019-12-31T00:00:00.000","Pend Oreille","WA","Passenger","8","7","15","9844","9859","0.1521452479967542347094025763"
"2019-10-31T00:00:00.000","Deschutes","OR","Passenger","2","0","2","122","124","1.612903225806451612903225806"
"2020-04-30T00:00:00.000","Mason","OR","Passenger","1","0","1","19","20","5.00"
"2019-12-31T00:00:00.000","Pinellas","FL","Passenger","1","1","2","86","88","2.272727272727272727272727273"
"2020-06-30T00:00:00.000","Jefferson","WA","Truck","0","0","0","9757","9757","0"
"2020-05-31T00:00:00.000","Jones","GA","Passenger","1","0","1","1","2","50.0"
"2020-06-30T00:00:00.000","Juneau","AK","Passenger","0","1","1","21","22","4.545454545454545454545454545"
"2020-04-30T00:00:00.000","Mason","WA","Truck","0","0","0","21144","21144","0"
"2020-06-30T00:00:00.000","Klickitat","WA","Truck","0","0","0","8372","8372","0"
"2020-05-31T00:00:00.000","Kittitas","WA","Passenger","108","50","158","30504","30662","0.5152958058835040114800078273"
"2019-10-31T00:00:00.000","El Paso","CO","Passenger","1","1","2","697","699","0.2861230329041487839771101574"
"2020-06-30T00:00:00.000","Larimer","CO","Passenger","0","1","1","35","36","2.777777777777777777777777778"
"2020-04-30T00:00:00.000","Monroe","IL","Passenger","1","0","1","3","4","25.00"
"2019-10-31T00:00:00.000","Frederick","MD","Passenger","2","1","3","87","90","3.333333333333333333333333333"
"2020-05-31T00:00:00.000","Lincoln","WA","Truck","0","0","0","4748","4748","0"
"2020-06-30T00:00:00.000","Cascade","MT","Passenger","0","1","1","53","54","1.851851851851851851851851852"
"2019-12-31T00:00:00.000","Saint Louis","MO","Passenger","1","0","1","65","66","1.515151515151515151515151515"
"2019-03-31T00:00:00.000","Camden","GA","Passenger","0","1","1","163","164","0.6097560975609756097560975610"
"2019-03-31T00:00:00.000","Riley","KS","Passenger","1","0","1","72","73","1.369863013698630136986301370"
"2020-06-30T00:00:00.000","Cowlitz","WA","Truck","0","0","0","29655","29655","0"
"2020-04-30T00:00:00.000","Orange","CA","Passenger","5","1","6","486","492","1.219512195121951219512195122"
"2019-10-31T00:00:00.000","Harris","TX","Passenger","1","1","2","217","219","0.9132420091324200913242009132"
"2019-03-31T00:00:00.000","Chelan","WA","Passenger","145","69","214","55432","55646","0.3845739136685476044998742048"
"2020-04-30T00:00:00.000","Osceola","FL","Passenger","1","0","1","35","36","2.777777777777777777777777778"
"2020-06-30T00:00:00.000","Montgomery","MD","Passenger","0","4","4","233","237","1.687763713080168776371308017"
"2019-12-31T00:00:00.000","Spartanburg","SC","Passenger","0","1","1","35","36","2.777777777777777777777777778"
"2019-10-31T00:00:00.000","Hidalgo","TX","Passenger","0","1","1","83","84","1.190476190476190476190476190"
"2019-10-31T00:00:00.000","Honolulu","HI","Passenger","3","0","3","453","456","0.6578947368421052631578947368"
"2020-06-30T00:00:00.000","El Paso","TX","Passenger","2","0","2","417","419","0.4773269689737470167064439141"
"2019-12-31T00:00:00.000","Sumter","FL","Passenger","0","1","1","8","9","11.11111111111111111111111111"
"2020-05-31T00:00:00.000","Multnomah","OR","Passenger","4","7","11","670","681","1.615271659324522760646108664"
"2019-03-31T00:00:00.000","Clay","FL","Passenger","0","1","1","83","84","1.190476190476190476190476190"
"2019-03-31T00:00:00.000","Santa Rosa","FL","Passenger","1","0","1","81","82","1.219512195121951219512195122"
"2020-06-30T00:00:00.000","Fairbanks North Star","AK","Passenger","0","1","1","94","95","1.052631578947368421052631579"
"2020-05-31T00:00:00.000","Nassau","NY","Passenger","2","0","2","27","29","6.896551724137931034482758621"
"2019-12-31T00:00:00.000","Travis","TX","Passenger","1","1","2","168","170","1.176470588235294117647058824"
"2020-05-31T00:00:00.000","Okanogan","WA","Truck","0","0","0","4041","4041","0"
"2020-06-30T00:00:00.000","Oklahoma","OK","Passenger","0","1","1","107","108","0.9259259259259259259259259259"
"2019-10-31T00:00:00.000","Jones","GA","Passenger","1","0","1","1","2","50.0"
"2019-03-31T00:00:00.000","Skamania","WA","Passenger","23","15","38","8980","9018","0.4213794632956309603016189843"
"2020-06-30T00:00:00.000","Ferry","WA","Passenger","5","3","8","4492","4500","0.1777777777777777777777777778"
"2019-12-31T00:00:00.000","Ventura","CA","Passenger","0","2","2","303","305","0.6557377049180327868852459016"
"2019-12-31T00:00:00.000","Wahkiakum","WA","Passenger","4","4","8","3109","3117","0.2566570420275906320179659929"
"2019-03-31T00:00:00.000","Columbia","WA","Passenger","2","2","4","2488","2492","0.1605136436597110754414125201"
"2020-06-30T00:00:00.000","Franklin","WA","Passenger","67","82","149","61940","62089","0.2399780959590265586496802976"
"2020-06-30T00:00:00.000","Pend Oreille","WA","Passenger","7","6","13","9541","9554","0.1360686623403809922545530668"
"2020-05-31T00:00:00.000","Pend Oreille","WA","Truck","0","0","0","5967","5967","0"
"2020-04-30T00:00:00.000","Riley","KS","Passenger","1","0","1","62","63","1.587301587301587301587301587"
"2020-06-30T00:00:00.000","Fresno","CA","Passenger","1","0","1","168","169","0.5917159763313609467455621302"
"2020-05-31T00:00:00.000","Pierce","WA","Truck","0","0","0","145088","145088","0"
"2020-06-30T00:00:00.000","Pinellas","FL","Passenger","1","1","2","82","84","2.380952380952380952380952381"
"2020-04-30T00:00:00.000","Santa Barbara","CA","Passenger","1","0","1","91","92","1.086956521739130434782608696"
"2020-06-30T00:00:00.000","Powhatan","VA","Passenger","1","0","1","0","1","100"
"2019-10-31T00:00:00.000","Liberty","GA","Passenger","1","0","1","129","130","0.7692307692307692307692307692"
"2019-03-31T00:00:00.000","Dekalb","GA","Passenger","1","0","1","76","77","1.298701298701298701298701299"
"2020-06-30T00:00:00.000","Grant","WA","Truck","0","0","0","27949","27949","0"
"2019-12-31T00:00:00.000","Yakima","WA","Truck","0","0","0","61899","61899","0"
"2020-06-30T00:00:00.000","Grays Harbor","WA","Truck","0","0","0","21368","21368","0"
"2020-04-30T00:00:00.000","Shasta","CA","Passenger","1","0","1","36","37","2.702702702702702702702702703"
"2020-01-31T00:00:00.000","Alexandria City","VA","Passenger","4","0","4","142","146","2.739726027397260273972602740"
"2019-03-31T00:00:00.000","Douglas","NE","Passenger","0","1","1","62","63","1.587301587301587301587301587"
"2020-05-31T00:00:00.000","Riverside","CA","Passenger","2","1","3","577","580","0.5172413793103448275862068966"
"2019-03-31T00:00:00.000","Douglas","OR","Passenger","1","0","1","49","50","2.00"
"2020-06-30T00:00:00.000","Harrison","MS","Passenger","1","0","1","58","59","1.694915254237288135593220339"
"2019-10-31T00:00:00.000","Manassas City","VA","Passenger","0","1","1","6","7","14.28571428571428571428571429"
"2020-06-30T00:00:00.000","Saint Louis","MO","Passenger","1","0","1","60","61","1.639344262295081967213114754"
"2019-03-31T00:00:00.000","Douglas","WA","Truck","0","0","0","12503","12503","0"
"2020-05-31T00:00:00.000","Sacramento","CA","Passenger","1","0","1","246","247","0.4048582995951417004048582996"
"2020-04-30T00:00:00.000","Suffolk City","VA","Passenger","1","0","1","122","123","0.8130081300813008130081300813"
"2020-06-30T00:00:00.000","San Francisco","CA","Passenger","1","1","2","86","88","2.272727272727272727272727273"
"2019-03-31T00:00:00.000","Wahkiakum","WA","Passenger","2","2","4","3063","3067","0.1304206064558200195630909684"
"2020-05-31T00:00:00.000","Saint Marys","MD","Passenger","1","0","1","188","189","0.5291005291005291005291005291"
"2020-05-31T00:00:00.000","San Juan","WA","Truck","0","0","0","6037","6037","0"
"2020-05-31T00:00:00.000","Santa Clara","CA","Passenger","3","2","5","262","267","1.872659176029962546816479401"
"2019-10-31T00:00:00.000","Multnomah","OR","Passenger","4","6","10","689","699","1.430615164520743919885550787"
"2020-01-31T00:00:00.000","Boulder","CO","Passenger","1","1","2","39","41","4.878048780487804878048780488"
"2020-06-30T00:00:00.000","Kern","CA","Passenger","1","1","2","222","224","0.8928571428571428571428571429"
"2020-05-31T00:00:00.000","Shelby","TN","Passenger","0","1","1","82","83","1.204819277108433734939759036"
"2020-01-31T00:00:00.000","Brevard","FL","Passenger","0","1","1","72","73","1.369863013698630136986301370"
"2020-06-30T00:00:00.000","Spartanburg","SC","Passenger","0","1","1","35","36","2.777777777777777777777777778"
"2020-06-30T00:00:00.000","Spokane","WA","Passenger","774","524","1298","322069","323367","0.4014015035547845018199135966"
"2020-06-30T00:00:00.000","King","WA","Truck","6","1","7","186494","186501","0.003753331081334684532522613820"
"2019-10-31T00:00:00.000","Okanogan","WA","Passenger","2","8","10","6146","6156","0.1624431448992852501624431449"
"2019-10-31T00:00:00.000","Okanogan","WA","Truck","0","0","0","4136","4136","0"
"2019-03-31T00:00:00.000","Fulton","GA","Passenger","1","2","3","102","105","2.857142857142857142857142857"
"2019-10-31T00:00:00.000","Ozaukee","WI","Passenger","0","1","1","3","4","25.00"
"2020-04-30T00:00:00.000","Williams","ND","Passenger","0","1","1","14","15","6.666666666666666666666666667"
"2020-06-30T00:00:00.000","Lewis","WA","Truck","0","0","0","26944","26944","0"
"2020-05-31T00:00:00.000","Tulsa","OK","Passenger","0","1","1","37","38","2.631578947368421052631578947"
"2020-06-30T00:00:00.000","Utah","UT","Passenger","0","1","1","105","106","0.9433962264150943396226415094"
"2020-01-31T00:00:00.000","Columbia","WA","Passenger","3","3","6","2507","2513","0.2387584560286510147234381218"
"2020-05-31T00:00:00.000","Walla Walla","WA","Passenger","72","63","135","36662","36797","0.3668777345979291790091583553"
"2020-06-30T00:00:00.000","Ventura","CA","Passenger","1","2","3","280","283","1.060070671378091872791519435"
"2019-10-31T00:00:00.000","Pierce","WA","Truck","0","0","0","144664","144664","0"
"2019-10-31T00:00:00.000","Pinal","AZ","Passenger","1","0","1","158","159","0.6289308176100628930817610063"
"2019-03-31T00:00:00.000","Guadalupe","TX","Passenger","2","0","2","66","68","2.941176470588235294117647059"
"2020-05-31T00:00:00.000","Washtenaw","MI","Passenger","1","0","1","24","25","4.00"
"2020-01-31T00:00:00.000","Denver","CO","Passenger","1","0","1","113","114","0.8771929824561403508771929825"
"2020-05-31T00:00:00.000","Arapahoe","CO","Passenger","1","0","1","120","121","0.8264462809917355371900826446"
"2020-01-31T00:00:00.000","Douglas","NE","Passenger","0","1","1","50","51","1.960784313725490196078431373"
"2019-10-31T00:00:00.000","Putnam","TN","Passenger","0","1","1","2","3","33.33333333333333333333333333"
"2020-05-31T00:00:00.000","Williamson","TX","Passenger","1","0","1","102","103","0.9708737864077669902912621359"
"2020-01-31T00:00:00.000","Douglas","OR","Passenger","1","0","1","44","45","2.222222222222222222222222222"
"2020-05-31T00:00:00.000","Bay","FL","Passenger","1","0","1","32","33","3.030303030303030303030303030"
"2020-06-30T00:00:00.000","Whitman","WA","Passenger","46","51","97","22609","22706","0.4271998590680877301153880032"
"2020-05-31T00:00:00.000","Bexar","TX","Passenger","2","5","7","543","550","1.272727272727272727272727273"
"2020-06-30T00:00:00.000","Monterey","CA","Passenger","1","0","1","179","180","0.5555555555555555555555555556"
"2020-05-31T00:00:00.000","Boone","MO","Passenger","0","1","1","7","8","12.500"
"2020-06-30T00:00:00.000","Montgomery","PA","Passenger","1","0","1","20","21","4.761904761904761904761904762"
"2019-10-31T00:00:00.000","Riverside","CA","Passenger","2","1","3","616","619","0.4846526655896607431340872375"
"2020-06-30T00:00:00.000","Yakima","WA","Truck","0","0","0","61977","61977","0"
"2020-06-30T00:00:00.000","Asotin","WA","Truck","0","0","0","6835","6835","0"
"2019-03-31T00:00:00.000","Island","WA","Truck","0","0","0","21754","21754","0"
"2020-06-30T00:00:00.000","New Castle","DE","Passenger","1","0","1","22","23","4.347826086956521739130434783"
"2019-03-31T00:00:00.000","Jackson","OK","Passenger","1","0","1","40","41","2.439024390243902439024390244"
"2019-10-31T00:00:00.000","Saint Marys","MD","Passenger","1","0","1","199","200","0.500"
"2020-06-30T00:00:00.000","Bay","FL","Passenger","1","0","1","32","33","3.030303030303030303030303030"
"2020-07-31T00:00:00.000","Alexandria City","VA","Passenger","4","0","4","133","137","2.919708029197080291970802920"
"2020-06-30T00:00:00.000","Bexar","TX","Passenger","3","5","8","532","540","1.481481481481481481481481481"
"2020-01-31T00:00:00.000","Guadalupe","TX","Passenger","2","0","2","56","58","3.448275862068965517241379310"
"2019-10-31T00:00:00.000","San Diego","CA","Passenger","8","7","15","2821","2836","0.5289139633286318758815232722"
"2019-10-31T00:00:00.000","San Juan","WA","Truck","0","0","0","6090","6090","0"
"2020-07-31T00:00:00.000","Bartow","GA","Passenger","0","1","1","3","4","25.00"
"2020-06-30T00:00:00.000","Broward","FL","Passenger","1","1","2","101","103","1.941747572815533980582524272"
"2020-05-31T00:00:00.000","Chelan","WA","Passenger","231","82","313","55260","55573","0.5632231479315494934590538571"
"2019-10-31T00:00:00.000","Santa Clara","CA","Passenger","4","2","6","326","332","1.807228915662650602409638554"
"2020-06-30T00:00:00.000","Caddo","LA","Passenger","1","0","1","11","12","8.333333333333333333333333333"
"2019-10-31T00:00:00.000","Shelby","TN","Passenger","0","1","1","93","94","1.063829787234042553191489362"
"2020-05-31T00:00:00.000","Clark","WA","Truck","0","0","0","83942","83942","0"
"2020-05-31T00:00:00.000","Clay","FL","Passenger","0","1","1","78","79","1.265822784810126582278481013"
"2019-03-31T00:00:00.000","King","WA","Passenger","18159","7069","25228","1401936","1427164","1.767701539556771331115414907"
"2020-06-30T00:00:00.000","Chaves","NM","Passenger","1","0","1","9","10","10.0"
"2019-03-31T00:00:00.000","Klamath","OR","Passenger","1","0","1","26","27","3.703703703703703703703703704"
"2020-06-30T00:00:00.000","San Juan","WA","Passenger","306","97","403","14346","14749","2.732388636517730015594277578"
"2020-06-30T00:00:00.000","Chelan","WA","Passenger","235","82","317","55321","55638","0.5697544843452316761925302851"
"2020-06-30T00:00:00.000","San Mateo","CA","Passenger","0","1","1","106","107","0.9345794392523364485981308411"
"2020-07-31T00:00:00.000","Camden","GA","Passenger","1","1","2","142","144","1.388888888888888888888888889"
"2019-03-31T00:00:00.000","Kootenai","ID","Passenger","1","1","2","193","195","1.025641025641025641025641026"
"2020-05-31T00:00:00.000","Cowlitz","WA","Passenger","146","129","275","73758","74033","0.3714559723366606783461429363"
"2019-10-31T00:00:00.000","Tulsa","OK","Passenger","0","1","1","41","42","2.380952380952380952380952381"
"2020-06-30T00:00:00.000","Clay","FL","Passenger","0","1","1","79","80","1.2500"
"2020-05-31T00:00:00.000","Dekalb","GA","Passenger","1","0","1","71","72","1.388888888888888888888888889"
"2019-10-31T00:00:00.000","Volusia","FL","Passenger","0","1","1","36","37","2.702702702702702702702702703"
"2020-01-31T00:00:00.000","King","WA","Passenger","23728","7955","31683","1418799","1450482","2.184308388521884449445081014"
"2019-04-30T00:00:00.000","Clark","WA","Truck","0","0","0","82427","82427","0"
"2020-06-30T00:00:00.000","Cook","IL","Passenger","1","0","1","195","196","0.5102040816326530612244897959"
"2020-05-31T00:00:00.000","Douglas","WA","Truck","0","0","0","12598","12598","0"
"2020-06-30T00:00:00.000","Thurston","WA","Truck","0","0","0","56898","56898","0"
"2020-05-31T00:00:00.000","Dupage","IL","Passenger","2","0","2","46","48","4.166666666666666666666666667"
"2020-07-31T00:00:00.000","Columbia","GA","Passenger","1","1","2","139","141","1.418439716312056737588652482"
"2020-06-30T00:00:00.000","Denton","TX","Passenger","1","0","1","59","60","1.666666666666666666666666667"
"2019-04-30T00:00:00.000","Cowlitz","WA","Passenger","101","117","218","74118","74336","0.2932630219543693499784761085"
"2020-06-30T00:00:00.000","Valencia","NM","Passenger","1","0","1","3","4","25.00"
"2020-05-31T00:00:00.000","Erie","NY","Passenger","1","0","1","37","38","2.631578947368421052631578947"
"2020-07-31T00:00:00.000","Columbia","WA","Passenger","4","3","7","2489","2496","0.2804487179487179487179487179"
"2020-01-31T00:00:00.000","Lewis","WA","Passenger","118","112","230","60762","60992","0.3770986358866736621196222455"
"2020-05-31T00:00:00.000","Fairfax","VA","Passenger","5","4","9","709","718","1.253481894150417827298050139"
"2020-06-30T00:00:00.000","Douglas","WA","Truck","0","0","0","12611","12611","0"
"2020-06-30T00:00:00.000","Duval","FL","Passenger","0","1","1","332","333","0.3003003003003003003003003003"
"2019-03-31T00:00:00.000","Los Angeles","CA","Passenger","8","4","12","1059","1071","1.120448179271708683473389356"
"2020-05-31T00:00:00.000","Fulton","GA","Passenger","1","2","3","96","99","3.030303030303030303030303030"
"2020-07-31T00:00:00.000","Dekalb","IN","Passenger","1","0","1","1","2","50.0"
"2020-06-30T00:00:00.000","Ferry","WA","Truck","0","0","0","3690","3690","0"
"2020-07-31T00:00:00.000","Douglas","NE","Passenger","0","1","1","45","46","2.173913043478260869565217391"
"2020-05-31T00:00:00.000","Grant","WA","Passenger","62","75","137","66844","66981","0.2045356145772681805288066765"
"2019-11-30T00:00:00.000","Bay","FL","Passenger","1","0","1","36","37","2.702702702702702702702702703"
"2020-01-31T00:00:00.000","Maricopa","AZ","Passenger","6","5","11","1206","1217","0.9038619556285949055053410025"
"2020-07-31T00:00:00.000","Douglas","OR","Passenger","1","0","1","39","40","2.500"
"2020-05-31T00:00:00.000","Grays Harbor","WA","Passenger","120","114","234","48865","49099","0.4765881178842746288111774171"
"2020-06-30T00:00:00.000","Franklin","WA","Truck","0","0","0","20555","20555","0"
"2019-11-30T00:00:00.000","Bexar","TX","Passenger","1","6","7","595","602","1.162790697674418604651162791"
"2020-01-31T00:00:00.000","Mason","WA","Truck","0","0","0","21154","21154","0"
"2020-07-31T00:00:00.000","Albemarle","VA","Passenger","1","0","1","26","27","3.703703703703703703703703704"
"2019-04-30T00:00:00.000","Fairfax","VA","Passenger","3","3","6","768","774","0.7751937984496124031007751938"
"2020-06-30T00:00:00.000","Fulton","GA","Passenger","1","2","3","93","96","3.12500"
"2020-07-31T00:00:00.000","Fairbanks North Star","AK","Passenger","0","1","1","93","94","1.063829787234042553191489362"
"2020-06-30T00:00:00.000","Garfield","WA","Passenger","0","1","1","1369","1370","0.07299270072992700729927007299"
"2019-04-30T00:00:00.000","Ferry","WA","Passenger","4","2","6","4564","4570","0.1312910284463894967177242888"
"2020-05-31T00:00:00.000","Hennepin","MN","Passenger","2","0","2","78","80","2.500"
"2020-07-31T00:00:00.000","Ferry","WA","Passenger","7","3","10","4490","4500","0.2222222222222222222222222222"
"2020-07-31T00:00:00.000","Benton","WA","Passenger","387","330","717","137093","137810","0.5202815470575429939772150062"
"2020-07-31T00:00:00.000","Benton","WA","Truck","0","0","0","43923","43923","0"
"2020-05-31T00:00:00.000","Island","WA","Truck","1","0","1","21648","21649","0.004619151000046191510000461915"
"2020-07-31T00:00:00.000","Brevard","FL","Passenger","0","1","1","70","71","1.408450704225352112676056338"
"2020-07-31T00:00:00.000","Grays Harbor","WA","Truck","0","0","0","21417","21417","0"
"2019-03-31T00:00:00.000","Muscogee","GA","Passenger","0","1","1","190","191","0.5235602094240837696335078534"
"2020-01-31T00:00:00.000","Muscogee","GA","Passenger","0","1","1","180","181","0.5524861878453038674033149171"
"2019-11-30T00:00:00.000","Chelan","WA","Passenger","198","79","277","55749","56026","0.4944133081069503444829186449"
"2020-07-31T00:00:00.000","Bucks","PA","Passenger","1","0","1","20","21","4.761904761904761904761904762"
"2020-07-31T00:00:00.000","Guadalupe","TX","Passenger","2","0","2","48","50","4.00"
"2019-04-30T00:00:00.000","Grant","WA","Passenger","38","64","102","66157","66259","0.1539413513635883427157065455"
"2020-05-31T00:00:00.000","Jefferson","WA","Truck","0","0","0","9739","9739","0"
"2019-11-30T00:00:00.000","Chelan","WA","Truck","0","0","0","23094","23094","0"
"2020-06-30T00:00:00.000","Island","WA","Truck","1","0","1","21734","21735","0.004600874166091557395905221992"
"2019-04-30T00:00:00.000","Grays Harbor","WA","Passenger","82","88","170","48594","48764","0.3486178328274956935444180133"
"2020-05-31T00:00:00.000","Juneau","AK","Passenger","0","1","1","22","23","4.347826086956521739130434783"
"2020-01-31T00:00:00.000","Norfolk City","VA","Passenger","2","1","3","368","371","0.8086253369272237196765498652"
"2020-07-31T00:00:00.000","Harrison","MS","Passenger","1","0","1","56","57","1.754385964912280701754385965"
"2020-01-31T00:00:00.000","Oldham","KY","Passenger","0","1","1","3","4","25.00"
"2019-11-30T00:00:00.000","Clark","WA","Truck","0","0","0","83393","83393","0"
"2020-01-31T00:00:00.000","Orange","CA","Passenger","6","1","7","498","505","1.386138613861386138613861386"
"2020-05-31T00:00:00.000","Klickitat","WA","Truck","0","0","0","8394","8394","0"
"2019-11-30T00:00:00.000","Clay","FL","Passenger","0","1","1","85","86","1.162790697674418604651162791"
"2020-06-30T00:00:00.000","Kent","MI","Passenger","0","1","1","20","21","4.761904761904761904761904762"
"2019-03-31T00:00:00.000","Pacific","WA","Passenger","36","28","64","16134","16198","0.3951105074700580318557846648"
"2020-01-31T00:00:00.000","Pacific","WA","Passenger","40","34","74","16342","16416","0.4507797270955165692007797271"
"2020-06-30T00:00:00.000","Klickitat","WA","Passenger","56","42","98","15577","15675","0.6251993620414673046251993620"
"2019-03-31T00:00:00.000","Pacific","WA","Truck","0","0","0","7864","7864","0"
"2020-07-31T00:00:00.000","Clallam","WA","Passenger","252","173","425","51006","51431","0.8263498668118449962085123758"
"2019-03-31T00:00:00.000","Palm Beach","FL","Passenger","0","1","1","79","80","1.2500"
"2020-01-31T00:00:00.000","Pierce","WA","Passenger","2467","1798","4265","560720","564985","0.7548872978928644123295308725"
"2019-03-31T00:00:00.000","Pend Oreille","WA","Truck","0","0","0","5981","5981","0"
"2019-11-30T00:00:00.000","Cowlitz","WA","Passenger","123","122","245","74876","75121","0.3261404933374156361070805767"
"2020-05-31T00:00:00.000","Los Angeles","CA","Passenger","7","9","16","951","967","1.654601861427094105480868666"
"2020-07-31T00:00:00.000","Kittitas","WA","Passenger","110","49","159","30476","30635","0.5190141994450791578260159948"
"2019-11-30T00:00:00.000","Denver","CO","Passenger","1","0","1","117","118","0.8474576271186440677966101695"
"2020-07-31T00:00:00.000","Klamath","OR","Passenger","1","0","1","23","24","4.166666666666666666666666667"
"2019-11-30T00:00:00.000","Douglas","WA","Truck","0","0","0","12610","12610","0"
"2019-03-31T00:00:00.000","Pima","AZ","Passenger","0","1","1","371","372","0.2688172043010752688172043011"
"2020-06-30T00:00:00.000","Monroe","IL","Passenger","1","0","1","3","4","25.00"
"2019-03-31T00:00:00.000","Polk","FL","Passenger","1","0","1","66","67","1.492537313432835820895522388"
"2020-05-31T00:00:00.000","Montgomery","MD","Passenger","0","4","4","242","246","1.626016260162601626016260163"
"2020-07-31T00:00:00.000","Glacier","MT","Passenger","0","1","1","3","4","25.00"
"2020-06-30T00:00:00.000","Montgomery","OH","Passenger","0","1","1","58","59","1.694915254237288135593220339"
"2020-01-31T00:00:00.000","Santa Rosa","FL","Passenger","1","0","1","83","84","1.190476190476190476190476190"
"2020-01-31T00:00:00.000","Sarasota","FL","Passenger","1","0","1","22","23","4.347826086956521739130434783"
"2019-04-30T00:00:00.000","King","WA","Passenger","18768","7162","25930","1404370","1430300","1.812906383276235754736768510"
"2020-06-30T00:00:00.000","Moore","NC","Passenger","0","2","2","162","164","1.219512195121951219512195122"
"2019-11-30T00:00:00.000","Fulton","GA","Passenger","0","2","2","100","102","1.960784313725490196078431373"
"2019-04-30T00:00:00.000","Klickitat","WA","Truck","0","0","0","8487","8487","0"
"2020-06-30T00:00:00.000","Nueces","TX","Passenger","1","0","1","79","80","1.2500"
"2020-01-31T00:00:00.000","Skamania","WA","Truck","0","0","0","4275","4275","0"
"2019-11-30T00:00:00.000","Grant","WA","Passenger","56","69","125","67185","67310","0.1857079185856484920517010845"
"2020-07-31T00:00:00.000","Maricopa","AZ","Passenger","4","5","9","1107","1116","0.8064516129032258064516129032"
"2019-11-30T00:00:00.000","Grays Harbor","WA","Passenger","112","104","216","49137","49353","0.4376633639292444228314388183"
"2020-05-31T00:00:00.000","Pima","AZ","Passenger","2","1","3","298","301","0.9966777408637873754152823920"
"2020-01-31T00:00:00.000","Suffolk City","VA","Passenger","1","0","1","121","122","0.8196721311475409836065573770"
"2020-07-31T00:00:00.000","Howard","MD","Passenger","0","1","1","81","82","1.219512195121951219512195122"
"2020-05-31T00:00:00.000","Pinellas","FL","Passenger","1","1","2","82","84","2.380952380952380952380952381"
"2020-07-31T00:00:00.000","Maui","HI","Passenger","1","0","1","32","33","3.030303030303030303030303030"
"2020-05-31T00:00:00.000","Polk","FL","Passenger","1","0","1","65","66","1.515151515151515151515151515"
"2020-05-31T00:00:00.000","Powhatan","VA","Passenger","1","0","1","0","1","100"
"2020-06-30T00:00:00.000","Pima","AZ","Passenger","2","1","3","290","293","1.023890784982935153583617747"
"2020-01-31T00:00:00.000","Twin Falls","ID","Passenger","0","1","1","23","24","4.166666666666666666666666667"
"2019-03-31T00:00:00.000","Santa Cruz","CA","Passenger","1","0","1","37","38","2.631578947368421052631578947"
"2020-06-30T00:00:00.000","Polk","FL","Passenger","1","0","1","64","65","1.538461538461538461538461538"
"2019-04-30T00:00:00.000","Lumpkin","GA","Passenger","1","0","1","8","9","11.11111111111111111111111111"
"2020-01-31T00:00:00.000","Wahkiakum","WA","Truck","0","0","0","1799","1799","0"
"2020-06-30T00:00:00.000","Prince William","VA","Passenger","2","3","5","215","220","2.272727272727272727272727273"
"2020-07-31T00:00:00.000","Lincoln","WA","Passenger","6","11","17","7834","7851","0.2165329257419437014393070946"
"2020-07-31T00:00:00.000","Muscogee","GA","Passenger","0","1","1","166","167","0.5988023952095808383233532934"
"2019-11-30T00:00:00.000","Island","WA","Truck","1","0","1","21819","21820","0.004582951420714940421631530706"
"2020-07-31T00:00:00.000","New Castle","DE","Passenger","1","0","1","22","23","4.347826086956521739130434783"
"2020-05-31T00:00:00.000","San Bernardino","CA","Passenger","0","1","1","438","439","0.2277904328018223234624145786"
"2020-06-30T00:00:00.000","Saginaw","MI","Passenger","1","0","1","9","10","10.0"
"2019-04-30T00:00:00.000","Maricopa","AZ","Passenger","5","2","7","1328","1335","0.5243445692883895131086142322"
"2020-05-31T00:00:00.000","San Francisco","CA","Passenger","1","1","2","89","91","2.197802197802197802197802198"
"2020-06-30T00:00:00.000","Saint Clair","IL","Passenger","1","0","1","138","139","0.7194244604316546762589928058"
"2019-03-31T00:00:00.000","Skagit","WA","Passenger","316","205","521","93214","93735","0.5558222648957166479970128554"
"2020-01-31T00:00:00.000","Whatcom","WA","Truck","3","0","3","44280","44283","0.006774608766343743648804281553"
"2019-03-31T00:00:00.000","Skamania","WA","Truck","0","0","0","4197","4197","0"
"2020-07-31T00:00:00.000","Mason","WA","Truck","0","0","0","21277","21277","0"
"2019-11-30T00:00:00.000","Kent","MI","Passenger","0","1","1","21","22","4.545454545454545454545454545"
"2020-05-31T00:00:00.000","Santa Cruz","CA","Passenger","1","0","1","34","35","2.857142857142857142857142857"
"2019-11-30T00:00:00.000","Kern","CA","Passenger","2","1","3","225","228","1.315789473684210526315789474"
"2020-06-30T00:00:00.000","Santa Barbara","CA","Passenger","1","0","1","88","89","1.123595505617977528089887640"
"2020-07-31T00:00:00.000","Norfolk City","VA","Passenger","2","1","3","354","357","0.8403361344537815126050420168"
"2019-11-30T00:00:00.000","King","WA","Passenger","22107","7789","29896","1415104","1445000","2.068927335640138408304498270"
"2020-02-29T00:00:00.000","NULL","NULL","Passenger","7","5","12","1941","1953","0.6144393241167434715821812596"
"2019-11-30T00:00:00.000","Klickitat","WA","Passenger","50","39","89","16011","16100","0.5527950310559006211180124224"
"2019-11-30T00:00:00.000","Klickitat","WA","Truck","0","0","0","8542","8542","0"
"2020-02-29T00:00:00.000","Adams","WA","Passenger","7","8","15","13250","13265","0.1130795326045985676592536751"
"2020-06-30T00:00:00.000","Spokane","WA","Truck","1","0","1","100916","100917","0.0009909133248114787399546161697"
"2020-05-31T00:00:00.000","Spokane","WA","Passenger","765","517","1282","321781","323063","0.3968266251474170672593271281"
"2019-11-30T00:00:00.000","Larimer","CO","Passenger","0","1","1","45","46","2.173913043478260869565217391"
"2020-02-29T00:00:00.000","Anne Arundel","MD","Passenger","1","3","4","421","425","0.9411764705882352941176470588"
"2020-06-30T00:00:00.000","Stevens","WA","Passenger","39","35","74","31481","31555","0.2345111709713199176041831722"
"2020-07-31T00:00:00.000","Nassau","FL","Passenger","1","0","1","24","25","4.00"
"2019-03-31T00:00:00.000","Twin Falls","ID","Passenger","0","1","1","18","19","5.263157894736842105263157895"
"2020-02-29T00:00:00.000","Asotin","WA","Passenger","17","12","29","13002","13031","0.2225462358990100529506561277"
"2020-07-31T00:00:00.000","Pacific","WA","Passenger","42","38","80","16037","16117","0.4963702922380095551281255817"
"2019-03-31T00:00:00.000","Vigo","IN","Passenger","1","0","1","4","5","20.0"
"2019-11-30T00:00:00.000","Lewis","WA","Passenger","119","110","229","60704","60933","0.3758226248502453514515943741"
"2020-07-31T00:00:00.000","Pend Oreille","WA","Truck","0","0","0","5961","5961","0"
"2019-03-31T00:00:00.000","Virginia Beach City","VA","Passenger","0","1","1","681","682","0.1466275659824046920821114370"
"2020-05-31T00:00:00.000","Thurston","WA","Passenger","1229","786","2015","200287","202302","0.9960356298998526954750818084"
"2019-03-31T00:00:00.000","Wahkiakum","WA","Truck","0","0","0","1779","1779","0"
"2020-06-30T00:00:00.000","Thurston","WA","Passenger","1235","790","2025","200378","202403","1.000479241908469736120512048"
"2020-07-31T00:00:00.000","Orange","CA","Passenger","5","1","6","469","475","1.263157894736842105263157895"
"2020-07-31T00:00:00.000","Placer","CA","Passenger","1","0","1","77","78","1.282051282051282051282051282"
"2020-05-31T00:00:00.000","Ventura","CA","Passenger","1","2","3","285","288","1.041666666666666666666666667"
"2019-03-31T00:00:00.000","Walla Walla","WA","Truck","0","0","0","14018","14018","0"
"2020-05-31T00:00:00.000","Vigo","IN","Passenger","1","0","1","3","4","25.00"
"2020-07-31T00:00:00.000","Pend Oreille","WA","Passenger","7","5","12","9537","9549","0.1256676091737354696826892868"
"2020-05-31T00:00:00.000","Walla Walla","WA","Truck","0","0","0","14078","14078","0"
"2020-06-30T00:00:00.000","Walla Walla","WA","Truck","0","0","0","14149","14149","0"
"2020-02-29T00:00:00.000","Calvert","MD","Passenger","0","2","2","90","92","2.173913043478260869565217391"
"2019-11-30T00:00:00.000","Montgomery","OH","Passenger","0","1","1","59","60","1.666666666666666666666666667"
"2019-03-31T00:00:00.000","Washtenaw","MI","Passenger","1","0","1","31","32","3.12500"
"2020-05-31T00:00:00.000","Westchester","NY","Passenger","0","1","1","23","24","4.166666666666666666666666667"
"2020-07-31T00:00:00.000","San Diego","CA","Passenger","13","8","21","2783","2804","0.7489300998573466476462196862"
"2020-06-30T00:00:00.000","Yakima","WA","Passenger","150","128","278","169654","169932","0.1635948497045877174399171433"
"2020-05-31T00:00:00.000","Whitman","WA","Passenger","47","51","98","22632","22730","0.4311482622085349758029036516"
"2020-07-31T00:00:00.000","Sarasota","FL","Passenger","1","0","1","19","20","5.00"
"2020-02-29T00:00:00.000","Columbia","WA","Truck","0","0","0","1605","1605","0"
"2020-07-31T00:00:00.000","NULL","WA","Passenger","0","0","0","4","4","0"
"2019-11-30T00:00:00.000","Oklahoma","OK","Passenger","0","2","2","115","117","1.709401709401709401709401709"
"2019-03-31T00:00:00.000","Whatcom","WA","Passenger","847","405","1252","152350","153602","0.8150935534693558677621385138"
"2020-02-29T00:00:00.000","Contra Costa","CA","Passenger","2","0","2","190","192","1.041666666666666666666666667"
"2020-07-31T00:00:00.000","Riley","KS","Passenger","1","0","1","60","61","1.639344262295081967213114754"
"2020-07-31T00:00:00.000","Shelby","TN","Passenger","0","1","1","81","82","1.219512195121951219512195122"
"2020-07-31T00:00:00.000","Adams","WA","Truck","0","0","0","5469","5469","0"
"2019-03-31T00:00:00.000","Whatcom","WA","Truck","2","0","2","43885","43887","0.004557158156173810012076469114"
"2020-06-30T00:00:00.000","NULL","CA","Passenger","1","2","3","220","223","1.345291479820627802690582960"
"2020-07-31T00:00:00.000","Sacramento","CA","Passenger","1","0","1","244","245","0.4081632653061224489795918367"
"2020-07-31T00:00:00.000","Skagit","WA","Passenger","457","246","703","93193","93896","0.7487006901252449518616341484"
"2020-06-30T00:00:00.000","Allegheny","PA","Passenger","1","0","1","58","59","1.694915254237288135593220339"
"2020-07-31T00:00:00.000","Skamania","WA","Truck","0","0","0","4177","4177","0"
"2020-07-31T00:00:00.000","Arapahoe","CO","Passenger","1","0","1","119","120","0.8333333333333333333333333333"
"2020-06-30T00:00:00.000","Arapahoe","CO","Passenger","1","0","1","119","120","0.8333333333333333333333333333"
"2019-11-30T00:00:00.000","Pima","AZ","Passenger","1","1","2","326","328","0.6097560975609756097560975610"
"2020-07-31T00:00:00.000","Bay","FL","Passenger","1","0","1","32","33","3.030303030303030303030303030"
"2019-11-30T00:00:00.000","Polk","FL","Passenger","1","0","1","68","69","1.449275362318840579710144928"
"2019-04-30T00:00:00.000","NULL","CA","Passenger","1","2","3","254","257","1.167315175097276264591439689"
"2020-07-31T00:00:00.000","Twin Falls","ID","Passenger","0","1","1","18","19","5.263157894736842105263157895"
"2020-02-29T00:00:00.000","Douglas","WA","Passenger","70","41","111","28819","28930","0.3836847563083304528171448324"
"2019-11-30T00:00:00.000","Powhatan","VA","Passenger","1","0","1","0","1","100"
"2019-04-30T00:00:00.000","NULL","WA","Truck","0","0","0","2","2","0"
"2019-11-30T00:00:00.000","Prince William","VA","Passenger","1","3","4","228","232","1.724137931034482758620689655"
"2020-06-30T00:00:00.000","Bell","TX","Passenger","0","1","1","392","393","0.2544529262086513994910941476"
"2020-07-31T00:00:00.000","Wahkiakum","WA","Truck","0","0","0","1783","1783","0"
"2020-07-31T00:00:00.000","Spartanburg","SC","Passenger","0","1","1","35","36","2.777777777777777777777777778"
"2020-06-30T00:00:00.000","Benton","WA","Truck","0","0","0","43777","43777","0"
"2019-04-30T00:00:00.000","Allegheny","PA","Passenger","1","0","1","76","77","1.298701298701298701298701299"
"2020-07-31T00:00:00.000","Stafford","VA","Passenger","1","0","1","82","83","1.204819277108433734939759036"
"2020-02-29T00:00:00.000","Flathead","MT","Passenger","1","0","1","53","54","1.851851851851851851851851852"
"2020-07-31T00:00:00.000","Washtenaw","MI","Passenger","1","0","1","26","27","3.703703703703703703703703704"
"2020-07-31T00:00:00.000","Charles","MD","Passenger","1","1","2","67","69","2.898550724637681159420289855"
"2020-06-30T00:00:00.000","Boone","MO","Passenger","0","1","1","7","8","12.500"
"2020-02-29T00:00:00.000","Franklin","WA","Passenger","66","81","147","62372","62519","0.2351285209296373902333690558"
"2020-06-30T00:00:00.000","Bradley","TN","Passenger","0","1","1","3","4","25.00"
"2019-11-30T00:00:00.000","San Francisco","CA","Passenger","2","1","3","94","97","3.092783505154639175257731959"
"2020-07-31T00:00:00.000","Chelan","WA","Passenger","246","85","331","55341","55672","0.5945538152033338123293576663"
"2020-07-31T00:00:00.000","Chesapeake City","VA","Passenger","0","2","2","397","399","0.5012531328320802005012531328"
"2020-07-31T00:00:00.000","Whatcom","WA","Truck","3","0","3","44226","44229","0.006782880010852608017364172828"
"2020-06-30T00:00:00.000","Calvert","MD","Passenger","0","2","2","88","90","2.222222222222222222222222222"
"2020-07-31T00:00:00.000","Clallam","WA","Truck","1","0","1","22219","22220","0.004500450045004500450045004500"
"2019-11-30T00:00:00.000","Skamania","WA","Truck","0","0","0","4258","4258","0"
"2020-08-31T00:00:00.000","NULL","NULL","Passenger","8","5","13","1801","1814","0.7166482910694597574421168688"
"2019-11-30T00:00:00.000","Spokane","WA","Passenger","672","504","1176","321694","322870","0.3642332827453773964753616006"
"2019-04-30T00:00:00.000","Benton","WA","Truck","0","0","0","42894","42894","0"
"2020-08-31T00:00:00.000","Adams","WA","Passenger","9","10","19","13205","13224","0.1436781609195402298850574713"
"2020-07-31T00:00:00.000","Clark","WA","Passenger","2224","1118","3342","323906","327248","1.021243827311396861096171711"
"2019-11-30T00:00:00.000","Spokane","WA","Truck","1","0","1","99268","99269","0.001007363829594334585822361462"
"2020-07-31T00:00:00.000","Wahkiakum","WA","Passenger","6","7","13","3066","3079","0.4222150048717115946735953232"
"2019-04-30T00:00:00.000","San Francisco","CA","Passenger","2","1","3","106","109","2.752293577981651376146788991"
"2020-08-31T00:00:00.000","Anne Arundel","MD","Passenger","0","3","3","392","395","0.7594936708860759493670886076"
"2020-07-31T00:00:00.000","Clay","FL","Passenger","0","1","1","79","80","1.2500"
"2020-06-30T00:00:00.000","Charles","MD","Passenger","1","1","2","67","69","2.898550724637681159420289855"
"2020-08-31T00:00:00.000","Asotin","WA","Passenger","18","15","33","12675","12708","0.2596789423984891406987724268"
"2020-02-29T00:00:00.000","Howard","MD","Passenger","0","1","1","85","86","1.162790697674418604651162791"
"2019-11-30T00:00:00.000","Tarrant","TX","Passenger","2","0","2","171","173","1.156069364161849710982658960"
"2020-02-29T00:00:00.000","Island","WA","Passenger","421","283","704","64637","65341","1.077424587931008095988736016"
"2019-04-30T00:00:00.000","Santa Fe","NM","Passenger","0","1","1","36","37","2.702702702702702702702702703"
"2020-06-30T00:00:00.000","Clallam","WA","Truck","1","0","1","22279","22280","0.004488330341113105924596050269"
"2019-11-30T00:00:00.000","Thurston","WA","Passenger","1127","752","1879","202089","203968","0.9212229369312833385629118293"
"2019-04-30T00:00:00.000","Bucks","PA","Passenger","1","0","1","19","20","5.00"
"2019-11-30T00:00:00.000","Ventura","CA","Passenger","0","2","2","308","310","0.6451612903225806451612903226"
"2019-04-30T00:00:00.000","Camden","GA","Passenger","0","1","1","164","165","0.6060606060606060606060606061"
"2020-02-29T00:00:00.000","King","WA","Truck","7","1","8","187004","187012","0.004277800355057429469766645991"
"2020-06-30T00:00:00.000","Davidson","TN","Passenger","1","0","1","59","60","1.666666666666666666666666667"
"2019-04-30T00:00:00.000","Skamania","WA","Truck","0","0","0","4216","4216","0"
"2019-11-30T00:00:00.000","Walla Walla","WA","Truck","0","0","0","14089","14089","0"
"2020-08-31T00:00:00.000","Calvert","MD","Passenger","0","2","2","85","87","2.298850574712643678160919540"
"2020-07-31T00:00:00.000","Douglas","WA","Truck","0","0","0","12646","12646","0"
"2020-02-29T00:00:00.000","Kitsap","WA","Truck","1","0","1","55599","55600","0.001798561151079136690647482014"
"2020-06-30T00:00:00.000","Dekalb","GA","Passenger","1","0","1","72","73","1.369863013698630136986301370"
"2019-04-30T00:00:00.000","Spokane","WA","Passenger","549","439","988","316848","317836","0.3108521375803873695868309443"
"2020-07-31T00:00:00.000","El Paso","CO","Passenger","1","0","1","657","658","0.1519756838905775075987841945"
"2019-11-30T00:00:00.000","Whatcom","WA","Truck","2","0","2","44196","44198","0.004525091633105570387800352957"
"2020-06-30T00:00:00.000","Douglas","WA","Passenger","72","41","113","28579","28692","0.3938380036247037501742646034"
"2020-07-31T00:00:00.000","Erie","NY","Passenger","1","0","1","37","38","2.631578947368421052631578947"
"2019-04-30T00:00:00.000","Carson City","NV","Passenger","1","0","1","10","11","9.090909090909090909090909091"
"2020-08-31T00:00:00.000","Boone","MO","Passenger","0","1","1","7","8","12.500"
"2020-06-30T00:00:00.000","Erie","NY","Passenger","1","0","1","36","37","2.702702702702702702702702703"
"2020-08-31T00:00:00.000","Boulder","CO","Passenger","1","1","2","28","30","6.666666666666666666666666667"
"2020-08-31T00:00:00.000","Contra Costa","CA","Passenger","2","0","2","171","173","1.156069364161849710982658960"
"2020-02-29T00:00:00.000","Leon","FL","Passenger","1","0","1","8","9","11.11111111111111111111111111"
"2019-12-31T00:00:00.000","NULL","NULL","Passenger","8","6","14","1987","2001","0.6996501749125437281359320340"
"2020-07-31T00:00:00.000","Frederick","MD","Passenger","2","1","3","76","79","3.797468354430379746835443038"
"2020-02-29T00:00:00.000","Lewis","WA","Truck","0","0","0","26863","26863","0"
"2019-12-31T00:00:00.000","NULL","WA","Passenger","0","0","0","4","4","0"
"2020-06-30T00:00:00.000","Fairfax","VA","Passenger","5","5","10","698","708","1.412429378531073446327683616"
"2019-04-30T00:00:00.000","Charles","MD","Passenger","0","1","1","79","80","1.2500"
"2019-12-31T00:00:00.000","Adams","WA","Truck","0","0","0","5423","5423","0"
"2020-06-30T00:00:00.000","Flathead","MT","Passenger","1","0","1","50","51","1.960784313725490196078431373"
"2020-02-29T00:00:00.000","Lincoln","WA","Truck","0","0","0","4788","4788","0"
"2019-12-31T00:00:00.000","Alexandria City","VA","Passenger","4","0","4","142","146","2.739726027397260273972602740"
"2020-07-31T00:00:00.000","Greene","MO","Passenger","0","1","1","21","22","4.545454545454545454545454545"
"2020-08-31T00:00:00.000","Douglas","WA","Passenger","78","42","120","28572","28692","0.4182350480970305311585110832"
"2020-08-31T00:00:00.000","Columbia","WA","Passenger","3","3","6","2493","2499","0.2400960384153661464585834334"
"2020-08-31T00:00:00.000","Columbia","WA","Truck","0","0","0","1570","1570","0"
"2019-04-30T00:00:00.000","Clallam","WA","Truck","0","0","0","22217","22217","0"
"2020-02-29T00:00:00.000","Mason","OR","Passenger","2","0","2","18","20","10.0"
"2020-08-31T00:00:00.000","Flathead","MT","Passenger","1","0","1","47","48","2.083333333333333333333333333"
"2020-08-31T00:00:00.000","Dekalb","GA","Passenger","1","0","1","70","71","1.408450704225352112676056338"
"2020-07-31T00:00:00.000","Island","WA","Truck","1","0","1","21745","21746","0.004598546859192495171525797848"
"2020-06-30T00:00:00.000","Howard","MD","Passenger","0","1","1","83","84","1.190476190476190476190476190"
"2019-04-30T00:00:00.000","Ventura","CA","Passenger","0","2","2","314","316","0.6329113924050632911392405063"
"2020-08-31T00:00:00.000","Franklin","WA","Passenger","73","83","156","62086","62242","0.2506346197101635551556826580"
"2020-06-30T00:00:00.000","Island","WA","Passenger","439","287","726","64057","64783","1.120664371825941990954417054"
"2020-08-31T00:00:00.000","Douglas","NE","Passenger","0","1","1","44","45","2.222222222222222222222222222"
"2019-04-30T00:00:00.000","Wahkiakum","WA","Truck","0","0","0","1786","1786","0"
"2020-02-29T00:00:00.000","Montgomery","PA","Passenger","1","0","1","23","24","4.166666666666666666666666667"
"2020-08-31T00:00:00.000","Douglas","OR","Passenger","1","0","1","40","41","2.439024390243902439024390244"
"2020-02-29T00:00:00.000","Multnomah","OR","Passenger","4","7","11","689","700","1.571428571428571428571428571"
"2020-08-31T00:00:00.000","Dupage","IL","Passenger","2","0","2","44","46","4.347826086956521739130434783"
"2020-02-29T00:00:00.000","Nassau","NY","Passenger","2","0","2","31","33","6.060606060606060606060606061"
"2020-08-31T00:00:00.000","Harris","TX","Passenger","1","0","1","185","186","0.5376344086021505376344086022"
"2020-06-30T00:00:00.000","Kent","DE","Passenger","0","1","1","64","65","1.538461538461538461538461538"
"2020-07-31T00:00:00.000","Klickitat","WA","Passenger","59","44","103","15515","15618","0.6594954539633755922653348700"
"2019-04-30T00:00:00.000","Cumberland","NC","Passenger","0","2","2","530","532","0.3759398496240601503759398496"
"2019-12-31T00:00:00.000","Columbia","GA","Passenger","1","1","2","147","149","1.342281879194630872483221477"
"2020-02-29T00:00:00.000","Okanogan","WA","Truck","0","0","0","4103","4103","0"
"2020-06-30T00:00:00.000","Kitsap","WA","Truck","0","0","0","55269","55269","0"
"2020-08-31T00:00:00.000","Honolulu","HI","Passenger","3","0","3","385","388","0.7731958762886597938144329897"
"2019-12-31T00:00:00.000","Contra Costa","CA","Passenger","2","0","2","190","192","1.041666666666666666666666667"
"2020-06-30T00:00:00.000","Kittitas","WA","Truck","0","0","0","14985","14985","0"
"2020-08-31T00:00:00.000","Howard","MD","Passenger","0","1","1","80","81","1.234567901234567901234567901"
"2019-04-30T00:00:00.000","Whatcom","WA","Truck","2","0","2","43899","43901","0.004555704881437780460581763513"
"2020-08-31T00:00:00.000","Guadalupe","TX","Passenger","2","0","2","47","49","4.081632653061224489795918367"
"2020-06-30T00:00:00.000","Kootenai","ID","Passenger","1","0","1","187","188","0.5319148936170212765957446809"
"2020-08-31T00:00:00.000","Island","WA","Passenger","453","291","744","64047","64791","1.148307635319720331527526971"
"2020-06-30T00:00:00.000","Leon","FL","Passenger","1","0","1","9","10","10.0"
"2020-07-31T00:00:00.000","Liberty","GA","Passenger","1","0","1","118","119","0.8403361344537815126050420168"
"2020-02-29T00:00:00.000","Pierce","WA","Truck","0","0","0","145295","145295","0"
"2020-08-31T00:00:00.000","Hennepin","MN","Passenger","2","0","2","76","78","2.564102564102564102564102564"
"2019-12-31T00:00:00.000","Dekalb","IN","Passenger","1","0","1","1","2","50.0"
"2019-04-30T00:00:00.000","District Of Columbia","DC","Passenger","1","2","3","212","215","1.395348837209302325581395349"
"2020-06-30T00:00:00.000","Lincoln","WA","Truck","0","0","0","4750","4750","0"
"2020-08-31T00:00:00.000","King","WA","Truck","6","1","7","187286","187293","0.003737459488608757401504594406"
"2020-07-31T00:00:00.000","Mason","WA","Passenger","195","143","338","48424","48762","0.6931627086665846355768836389"
"2019-05-31T00:00:00.000","NULL","NULL","Passenger","8","7","15","2072","2087","0.7187350263536176329659798754"
"2020-08-31T00:00:00.000","Kitsap","WA","Truck","0","0","0","55306","55306","0"
"2019-12-31T00:00:00.000","El Paso","CO","Passenger","1","1","2","702","704","0.2840909090909090909090909091"
"2019-05-31T00:00:00.000","Adams","WA","Passenger","5","6","11","13096","13107","0.08392462043183031967650873579"
"2020-08-31T00:00:00.000","Lake","IL","Passenger","1","0","1","165","166","0.6024096385542168674698795181"
"2020-07-31T00:00:00.000","Montgomery","AL","Passenger","0","2","2","36","38","5.263157894736842105263157895"
"2020-02-29T00:00:00.000","Riverside","CA","Passenger","2","1","3","596","599","0.5008347245409015025041736227"
"2020-08-31T00:00:00.000","Jefferson","WA","Truck","0","0","0","9749","9749","0"
"2020-07-31T00:00:00.000","Montgomery","OH","Passenger","0","1","1","60","61","1.639344262295081967213114754"
"2019-12-31T00:00:00.000","Frederick","MD","Passenger","2","1","3","84","87","3.448275862068965517241379310"
"2019-05-31T00:00:00.000","Alexandria City","VA","Passenger","4","0","4","147","151","2.649006622516556291390728477"
"2020-08-31T00:00:00.000","Leon","FL","Passenger","1","0","1","9","10","10.0"
"2020-02-29T00:00:00.000","Saint Marys","MD","Passenger","1","0","1","192","193","0.5181347150259067357512953368"
"2020-08-31T00:00:00.000","Lewis","WA","Truck","0","0","0","27011","27011","0"
"2020-02-29T00:00:00.000","Santa Clara","CA","Passenger","4","2","6","282","288","2.083333333333333333333333333"
"2020-06-30T00:00:00.000","Nassau","NY","Passenger","2","0","2","23","25","8.00"
"2020-08-31T00:00:00.000","Lincoln","WA","Truck","0","0","0","4766","4766","0"
"2019-12-31T00:00:00.000","Greene","MO","Passenger","0","1","1","19","20","5.00"
"2020-07-31T00:00:00.000","Otero","NM","Passenger","0","1","1","34","35","2.857142857142857142857142857"
"2019-12-31T00:00:00.000","Guilford","NC","Passenger","1","0","1","28","29","3.448275862068965517241379310"
"2020-02-29T00:00:00.000","Shasta","CA","Passenger","1","0","1","37","38","2.631578947368421052631578947"
"2020-07-31T00:00:00.000","Ozaukee","WI","Passenger","0","1","1","3","4","25.00"
"2020-07-31T00:00:00.000","Pacific","WA","Truck","0","0","0","7900","7900","0"
"2020-06-30T00:00:00.000","Otero","NM","Passenger","0","1","1","35","36","2.777777777777777777777777778"
"2019-12-31T00:00:00.000","Harris","TX","Passenger","1","0","1","218","219","0.4566210045662100456621004566"
"2020-06-30T00:00:00.000","Pacific","WA","Truck","0","0","0","7893","7893","0"
"2020-06-30T00:00:00.000","Palm Beach","FL","Passenger","0","1","1","64","65","1.538461538461538461538461538"
"2019-04-30T00:00:00.000","Glacier","MT","Passenger","0","1","1","4","5","20.0"
"2019-12-31T00:00:00.000","Honolulu","HI","Passenger","3","0","3","436","439","0.6833712984054669703872437358"
"2020-07-31T00:00:00.000","Pima","AZ","Passenger","2","1","3","285","288","1.041666666666666666666666667"
"2020-07-31T00:00:00.000","Pinal","AZ","Passenger","1","0","1","142","143","0.6993006993006993006993006993"
"2020-07-31T00:00:00.000","Polk","FL","Passenger","1","0","1","64","65","1.538461538461538461538461538"
"2020-02-29T00:00:00.000","Tulsa","OK","Passenger","0","1","1","41","42","2.380952380952380952380952381"
"2020-08-31T00:00:00.000","Los Angeles","CA","Passenger","8","9","17","917","934","1.820128479657387580299785867"
"2020-08-31T00:00:00.000","Montgomery","PA","Passenger","1","0","1","18","19","5.263157894736842105263157895"
"2019-05-31T00:00:00.000","Bucks","PA","Passenger","1","0","1","19","20","5.00"
"2020-08-31T00:00:00.000","Multnomah","OR","Passenger","4","6","10","645","655","1.526717557251908396946564885"
"2020-02-29T00:00:00.000","Walla Walla","WA","Passenger","69","63","132","37103","37235","0.3545051698670605612998522895"
"2019-04-30T00:00:00.000","Harnett","NC","Passenger","0","1","1","207","208","0.4807692307692307692307692308"
"2020-08-31T00:00:00.000","Nassau","NY","Passenger","2","0","2","23","25","8.00"
"2020-06-30T00:00:00.000","Saint Louis City","MO","Passenger","1","0","1","25","26","3.846153846153846153846153846"
"2020-08-31T00:00:00.000","Okanogan","WA","Truck","0","0","0","4026","4026","0"
"2019-05-31T00:00:00.000","Calvert","MD","Passenger","0","2","2","93","95","2.105263157894736842105263158"
"2020-02-29T00:00:00.000","Williamson","TX","Passenger","1","0","1","109","110","0.9090909090909090909090909091"
"2020-08-31T00:00:00.000","Montgomery","MD","Passenger","1","4","5","225","230","2.173913043478260869565217391"
"2019-12-31T00:00:00.000","Liberty","GA","Passenger","1","0","1","127","128","0.7812500"
"2020-06-30T00:00:00.000","Shasta","CA","Passenger","1","0","1","35","36","2.777777777777777777777777778"
"2020-08-31T00:00:00.000","Pierce","WA","Truck","0","0","0","146739","146739","0"
"2020-08-31T00:00:00.000","Muscogee","GA","Passenger","0","1","1","166","167","0.5988023952095808383233532934"
"2020-06-30T00:00:00.000","Skamania","WA","Passenger","35","18","53","8708","8761","0.6049537724004109119963474489"
"2020-07-31T00:00:00.000","Shelby","OH","Passenger","0","1","1","1","2","50.0"
"2020-03-31T00:00:00.000","Ada","ID","Passenger","0","1","1","252","253","0.3952569169960474308300395257"
"2019-04-30T00:00:00.000","Jefferson","NY","Passenger","0","1","1","241","242","0.4132231404958677685950413223"
"2020-03-31T00:00:00.000","Alameda","CA","Passenger","2","0","2","253","255","0.7843137254901960784313725490"
"2020-08-31T00:00:00.000","Okanogan","NULL","Passenger","36","28","64","20643","20707","0.3090742261071135364852465350"
"2020-08-31T00:00:00.000","Oldham","KY","Passenger","0","1","1","4","5","20.0"
"2020-07-31T00:00:00.000","Skamania","WA","Passenger","35","20","55","8650","8705","0.6318207926479035037334865020"
"2020-06-30T00:00:00.000","Sumter","FL","Passenger","0","1","1","8","9","11.11111111111111111111111111"
"2020-03-31T00:00:00.000","Albemarle","VA","Passenger","1","0","1","28","29","3.448275862068965517241379310"
"2020-08-31T00:00:00.000","Pacific","WA","Passenger","41","38","79","15968","16047","0.4923038574188321804698697576"
"2019-04-30T00:00:00.000","Kent","DE","Passenger","0","1","1","74","75","1.333333333333333333333333333"
"2019-12-31T00:00:00.000","Mason","WA","Passenger","168","143","311","48641","48952","0.6353162281418532439941166857"
"2020-03-31T00:00:00.000","Asotin","WA","Truck","0","0","0","6867","6867","0"
"2020-07-31T00:00:00.000","Tipton","TN","Passenger","1","0","1","12","13","7.692307692307692307692307692"
"2020-08-31T00:00:00.000","Riverside","CA","Passenger","2","0","2","558","560","0.3571428571428571428571428571"
"2020-08-31T00:00:00.000","Pierce","WA","Passenger","2762","1826","4588","562433","567021","0.8091411076485703351374993166"
"2020-06-30T00:00:00.000","Travis","TX","Passenger","1","2","3","148","151","1.986754966887417218543046358"
"2019-04-30T00:00:00.000","Kittitas","WA","Passenger","76","37","113","30225","30338","0.3724701694244841452963280374"
"2020-08-31T00:00:00.000","Pinellas","FL","Passenger","1","1","2","75","77","2.597402597402597402597402597"
"2020-07-31T00:00:00.000","Vigo","IN","Passenger","1","0","1","3","4","25.00"
"2019-04-30T00:00:00.000","Kittitas","WA","Truck","0","0","0","14804","14804","0"
"2020-06-30T00:00:00.000","Vigo","IN","Passenger","1","0","1","3","4","25.00"
"2019-12-31T00:00:00.000","Montgomery","AL","Passenger","0","2","2","37","39","5.128205128205128205128205128"
"2020-06-30T00:00:00.000","Wahkiakum","WA","Passenger","6","7","13","3055","3068","0.4237288135593220338983050847"
"2020-08-31T00:00:00.000","Saint Marys","MD","Passenger","1","0","1","184","185","0.5405405405405405405405405405"
"2019-04-30T00:00:00.000","Klamath","OR","Passenger","1","0","1","26","27","3.703703703703703703703703704"
"2020-07-31T00:00:00.000","Walla Walla","WA","Truck","0","0","0","14157","14157","0"
"2020-03-31T00:00:00.000","Bexar","TX","Passenger","2","6","8","565","573","1.396160558464223385689354276"
"2020-08-31T00:00:00.000","Ramsey","MN","Passenger","1","0","1","32","33","3.030303030303030303030303030"
"2020-06-30T00:00:00.000","Walla Walla","WA","Passenger","76","63","139","36675","36814","0.3775737491171836801216928342"
"2020-08-31T00:00:00.000","Santa Clara","CA","Passenger","4","2","6","236","242","2.479338842975206611570247934"
"2020-03-31T00:00:00.000","Broward","FL","Passenger","1","1","2","107","109","1.834862385321100917431192661"
"2019-04-30T00:00:00.000","Kootenai","ID","Passenger","1","1","2","195","197","1.015228426395939086294416244"
"2019-05-31T00:00:00.000","Columbia","GA","Passenger","1","1","2","152","154","1.298701298701298701298701299"
"2020-07-31T00:00:00.000","Whatcom","WA","Passenger","1166","527","1693","152263","153956","1.099664839304736418197407051"
"2020-08-31T00:00:00.000","Shasta","CA","Passenger","1","0","1","34","35","2.857142857142857142857142857"
"2019-12-31T00:00:00.000","Norfolk City","VA","Passenger","2","1","3","363","366","0.8196721311475409836065573770"
"2020-07-31T00:00:00.000","Whitman","WA","Truck","0","0","0","8727","8727","0"
"2020-06-30T00:00:00.000","Whatcom","WA","Passenger","1135","525","1660","152216","153876","1.078790714601367334737061010"
"2020-07-31T00:00:00.000","Williams","ND","Passenger","0","1","1","12","13","7.692307692307692307692307692"
"2019-05-31T00:00:00.000","Contra Costa","CA","Passenger","1","0","1","206","207","0.4830917874396135265700483092"
"2019-12-31T00:00:00.000","Okanogan","WA","Truck","0","0","0","4115","4115","0"
"2020-08-31T00:00:00.000","San Bernardino","CA","Passenger","0","1","1","428","429","0.2331002331002331002331002331"
"2020-06-30T00:00:00.000","Williamson","TX","Passenger","1","0","1","105","106","0.9433962264150943396226415094"
"2020-08-31T00:00:00.000","NULL","CA","Passenger","1","2","3","216","219","1.369863013698630136986301370"
"2020-03-31T00:00:00.000","Chelan","WA","Passenger","223","82","305","55623","55928","0.5453440137319410670862537548"
"2020-08-31T00:00:00.000","Santa Cruz","CA","Passenger","1","0","1","32","33","3.030303030303030303030303030"
"2020-07-31T00:00:00.000","Ada","ID","Passenger","0","1","1","234","235","0.4255319148936170212765957447"
"2020-08-31T00:00:00.000","Allegheny","PA","Passenger","1","0","1","58","59","1.694915254237288135593220339"
"2020-08-31T00:00:00.000","Tulsa","OK","Passenger","0","1","1","35","36","2.777777777777777777777777778"
"2020-07-31T00:00:00.000","Alameda","CA","Passenger","1","0","1","243","244","0.4098360655737704918032786885"
"2020-08-31T00:00:00.000","Arlington","VA","Passenger","0","2","2","128","130","1.538461538461538461538461538"
"2019-12-31T00:00:00.000","Pinal","AZ","Passenger","1","0","1","156","157","0.6369426751592356687898089172"
"2019-05-31T00:00:00.000","Dekalb","IN","Passenger","1","0","1","1","2","50.0"
"2020-03-31T00:00:00.000","Clark","NV","Passenger","2","1","3","618","621","0.4830917874396135265700483092"
"2019-04-30T00:00:00.000","Maui","HI","Passenger","1","0","1","46","47","2.127659574468085106382978723"
"2020-08-31T00:00:00.000","Skagit","WA","Truck","1","0","1","33484","33485","0.002986411826190831715693594147"
"2020-03-31T00:00:00.000","Clay","FL","Passenger","0","1","1","81","82","1.219512195121951219512195122"
"2020-08-31T00:00:00.000","Bell","TX","Passenger","0","1","1","377","378","0.2645502645502645502645502646"
"2020-08-31T00:00:00.000","Walla Walla","WA","Passenger","84","67","151","36712","36863","0.4096248270623660581070450045"
"2019-05-31T00:00:00.000","Douglas","WA","Passenger","57","36","93","28608","28701","0.3240305215846137765234660813"
"2020-03-31T00:00:00.000","Cook","IL","Passenger","1","0","1","208","209","0.4784688995215311004784688995"
"2020-07-31T00:00:00.000","Bexar","TX","Passenger","4","5","9","527","536","1.679104477611940298507462687"
"2020-03-31T00:00:00.000","Cowlitz","WA","Truck","0","0","0","29676","29676","0"
"2020-08-31T00:00:00.000","Twin Falls","ID","Passenger","0","1","1","18","19","5.263157894736842105263157895"
"2020-08-31T00:00:00.000","Bradley","TN","Passenger","1","1","2","1","3","66.66666666666666666666666667"
"2020-07-31T00:00:00.000","Boulder","CO","Passenger","1","1","2","29","31","6.451612903225806451612903226"
"2019-05-31T00:00:00.000","Fairfax","VA","Passenger","3","3","6","764","770","0.7792207792207792207792207792"
"2020-08-31T00:00:00.000","Williamson","TX","Passenger","1","0","1","97","98","1.020408163265306122448979592"
"2019-12-31T00:00:00.000","Saint Marys","MD","Passenger","1","0","1","197","198","0.5050505050505050505050505051"
"2020-08-31T00:00:00.000","Bryan","GA","Passenger","1","0","1","58","59","1.694915254237288135593220339"
"2019-12-31T00:00:00.000","San Diego","CA","Passenger","8","7","15","2806","2821","0.5317263381779510811768876285"
"2020-09-30T00:00:00.000","NULL","WA","Passenger","0","0","0","3","3","0"
"2020-08-31T00:00:00.000","Carson City","NV","Passenger","1","0","1","9","10","10.0"
"2020-03-31T00:00:00.000","El Paso","TX","Passenger","2","0","2","439","441","0.4535147392290249433106575964"
"2020-08-31T00:00:00.000","Washoe","NV","Passenger","1","0","1","73","74","1.351351351351351351351351351"
"2019-12-31T00:00:00.000","Shelby","TN","Passenger","0","1","1","91","92","1.086956521739130434782608696"
"2020-07-31T00:00:00.000","Chelan","WA","Truck","0","0","0","23201","23201","0"
"2020-08-31T00:00:00.000","Westchester","NY","Passenger","0","1","1","21","22","4.545454545454545454545454545"
"2020-03-31T00:00:00.000","Fulton","GA","Passenger","1","2","3","99","102","2.941176470588235294117647059"
"2020-08-31T00:00:00.000","Clackamas","OR","Passenger","1","0","1","152","153","0.6535947712418300653594771242"
"2020-07-31T00:00:00.000","Clark","NV","Passenger","2","1","3","599","602","0.4983388704318936877076411960"
"2019-05-31T00:00:00.000","Guilford","NC","Passenger","1","0","1","27","28","3.571428571428571428571428571"
"2020-08-31T00:00:00.000","Whitman","WA","Passenger","48","51","99","22502","22601","0.4380337153223308703154727667"
"2020-03-31T00:00:00.000","Garfield","WA","Passenger","0","1","1","1365","1366","0.07320644216691068814055636896"
"2020-09-30T00:00:00.000","Benton","WA","Passenger","409","338","747","137119","137866","0.5418304730680515863229512715"
"2020-03-31T00:00:00.000","Grant","WA","Truck","0","0","0","27977","27977","0"
"2019-12-31T00:00:00.000","Tulsa","OK","Passenger","0","1","1","41","42","2.380952380952380952380952381"
"2019-05-31T00:00:00.000","Harris","TX","Passenger","0","1","1","225","226","0.4424778761061946902654867257"
"2019-04-30T00:00:00.000","Palm Beach","FL","Passenger","0","1","1","77","78","1.282051282051282051282051282"
"2020-09-30T00:00:00.000","Arapahoe","CO","Passenger","1","0","1","120","121","0.8264462809917355371900826446"
"2020-09-30T00:00:00.000","Chaves","NM","Passenger","1","0","1","9","10","10.0"
"2020-07-31T00:00:00.000","Cowlitz","WA","Truck","0","0","0","29663","29663","0"
"2019-04-30T00:00:00.000","Pend Oreille","WA","Passenger","5","5","10","9856","9866","0.1013581998783701601459558078"
"2020-09-30T00:00:00.000","Clallam","WA","Passenger","260","178","438","50840","51278","0.8541674792308592378797925036"
"2019-05-31T00:00:00.000","Honolulu","HI","Passenger","2","1","3","472","475","0.6315789473684210526315789474"
"2019-04-30T00:00:00.000","Pend Oreille","WA","Truck","0","0","0","6011","6011","0"
"2020-09-30T00:00:00.000","Benton","WA","Truck","0","0","0","44063","44063","0"
"2020-08-31T00:00:00.000","Davidson","TN","Passenger","1","0","1","53","54","1.851851851851851851851851852"
"2020-07-31T00:00:00.000","Denver","CO","Passenger","1","0","1","103","104","0.9615384615384615384615384615"
"2019-05-31T00:00:00.000","Howard","MD","Passenger","0","1","1","91","92","1.086956521739130434782608696"
"2020-08-31T00:00:00.000","Deschutes","OR","Passenger","1","0","1","104","105","0.9523809523809523809523809524"
"2020-09-30T00:00:00.000","Bucks","PA","Passenger","1","0","1","20","21","4.761904761904761904761904762"
"2020-07-31T00:00:00.000","Deschutes","OR","Passenger","1","0","1","106","107","0.9345794392523364485981308411"
"2020-09-30T00:00:00.000","Columbia","WA","Truck","0","0","0","1568","1568","0"
"2020-03-31T00:00:00.000","Island","WA","Truck","1","0","1","21767","21768","0.004593899301727306137449467108"
"2020-09-30T00:00:00.000","Calvert","MD","Passenger","0","2","2","83","85","2.352941176470588235294117647"
"2020-01-31T00:00:00.000","NULL","CA","Passenger","1","2","3","226","229","1.310043668122270742358078603"
"2019-05-31T00:00:00.000","Island","WA","Passenger","332","248","580","64484","65064","0.8914299766383868191319316365"
"2020-01-31T00:00:00.000","Allegheny","PA","Passenger","1","0","1","63","64","1.562500"
"2020-03-31T00:00:00.000","Jones","GA","Passenger","1","0","1","1","2","50.0"
"2020-08-31T00:00:00.000","El Paso","CO","Passenger","1","0","1","643","644","0.1552795031055900621118012422"
"2020-07-31T00:00:00.000","El Paso","TX","Passenger","2","0","2","410","412","0.4854368932038834951456310680"
"2020-09-30T00:00:00.000","Charles","MD","Passenger","1","1","2","66","68","2.941176470588235294117647059"
"2020-09-30T00:00:00.000","Denton","TX","Passenger","1","0","1","57","58","1.724137931034482758620689655"
"2020-01-31T00:00:00.000","Bell","TX","Passenger","0","1","1","411","412","0.2427184466019417475728155340"
"2020-09-30T00:00:00.000","Duval","FL","Passenger","0","1","1","323","324","0.3086419753086419753086419753"
"2020-09-30T00:00:00.000","Chesapeake City","VA","Passenger","0","3","3","394","397","0.7556675062972292191435768262"
"2020-08-31T00:00:00.000","Frederick","MD","Passenger","2","1","3","76","79","3.797468354430379746835443038"
"2020-07-31T00:00:00.000","Fulton","GA","Passenger","1","2","3","93","96","3.12500"
"2019-04-30T00:00:00.000","Saint Louis","MO","Passenger","1","0","1","77","78","1.282051282051282051282051282"
"2020-09-30T00:00:00.000","Clallam","WA","Truck","1","0","1","22255","22256","0.004493170381020848310567936736"
"2020-08-31T00:00:00.000","Garfield","WA","Truck","0","0","0","1018","1018","0"
"2020-09-30T00:00:00.000","Clark","WA","Passenger","2299","1152","3451","324384","327835","1.052663687525737032348589992"
"2020-09-30T00:00:00.000","Ferry","WA","Truck","0","0","0","3689","3689","0"
"2020-07-31T00:00:00.000","Grant","WA","Truck","0","0","0","28025","28025","0"
"2019-05-31T00:00:00.000","Kittitas","WA","Passenger","76","37","113","30264","30377","0.3719919676070711393488494585"
"2020-08-31T00:00:00.000","Goochland","VA","Passenger","3","1","4","156","160","2.500"
"2020-01-31T00:00:00.000","Bryan","GA","Passenger","1","0","1","58","59","1.694915254237288135593220339"
"2020-09-30T00:00:00.000","Greene","MO","Passenger","0","1","1","20","21","4.761904761904761904761904762"
"2020-01-31T00:00:00.000","Camden","GA","Passenger","1","1","2","156","158","1.265822784810126582278481013"
"2020-01-31T00:00:00.000","Carson City","NV","Passenger","1","0","1","8","9","11.11111111111111111111111111"
"2020-08-31T00:00:00.000","Hidalgo","TX","Passenger","0","1","1","61","62","1.612903225806451612903225806"
"2020-09-30T00:00:00.000","Douglas","WA","Passenger","81","46","127","28597","28724","0.4421389778582370143434062108"
"2020-09-30T00:00:00.000","Erie","NY","Passenger","1","0","1","38","39","2.564102564102564102564102564"
"2019-04-30T00:00:00.000","Skagit","WA","Passenger","327","213","540","93408","93948","0.5747860518584749010090688466"
"2019-05-31T00:00:00.000","Lincoln","WA","Truck","0","0","0","4830","4830","0"
"2020-09-30T00:00:00.000","Fairfax","VA","Passenger","5","5","10","684","694","1.440922190201729106628242075"
"2019-04-30T00:00:00.000","Skamania","WA","Passenger","23","16","39","8968","9007","0.4329965582324858443432885533"
"2020-03-31T00:00:00.000","Montgomery","AL","Passenger","0","2","2","36","38","5.263157894736842105263157895"
"2020-08-31T00:00:00.000","Jefferson","WA","Passenger","262","158","420","25120","25540","1.644479248238057948316366484"
"2020-07-31T00:00:00.000","Jones","GA","Passenger","1","0","1","1","2","50.0"
"2019-04-30T00:00:00.000","Snohomish","WA","Passenger","3460","1643","5103","538310","543413","0.9390647628967286391749921331"
"2020-01-31T00:00:00.000","Clackamas","OR","Passenger","1","1","2","180","182","1.098901098901098901098901099"
"2020-08-31T00:00:00.000","Kent","DE","Passenger","0","1","1","62","63","1.587301587301587301587301587"
"2020-08-31T00:00:00.000","Kitsap","WA","Passenger","1485","723","2208","183063","185271","1.191767734831678999951422511"
"2020-07-31T00:00:00.000","Kern","CA","Passenger","1","1","2","219","221","0.9049773755656108597285067873"
"2020-08-31T00:00:00.000","Kittitas","WA","Truck","0","0","0","14927","14927","0"
"2019-04-30T00:00:00.000","Stevens","WA","Passenger","22","31","53","32559","32612","0.1625168649576842879921501288"
"2020-07-31T00:00:00.000","King","WA","Passenger","25548","8066","33614","1392815","1426429","2.356514064141993748023911460"
"2020-08-31T00:00:00.000","Kootenai","ID","Passenger","1","0","1","186","187","0.5347593582887700534759358289"
"2019-04-30T00:00:00.000","Sumter","FL","Passenger","0","1","1","9","10","10.0"
"2020-09-30T00:00:00.000","Howard","MD","Passenger","0","1","1","75","76","1.315789473684210526315789474"
"2020-09-30T00:00:00.000","Kent","MI","Passenger","0","1","1","18","19","5.263157894736842105263157895"
"2020-09-30T00:00:00.000","Island","WA","Passenger","463","300","763","64107","64870","1.176198550948049946045938030"
"2020-01-31T00:00:00.000","Davidson","TN","Passenger","1","0","1","63","64","1.562500"
"2020-08-31T00:00:00.000","Liberty","GA","Passenger","1","0","1","118","119","0.8403361344537815126050420168"
"2020-07-31T00:00:00.000","Lewis","WA","Passenger","119","124","243","59335","59578","0.4078686763570445466447346336"
"2019-04-30T00:00:00.000","Travis","TX","Passenger","1","1","2","171","173","1.156069364161849710982658960"
"2020-09-30T00:00:00.000","Klickitat","WA","Passenger","61","43","104","15415","15519","0.6701462723113602680585089245"
"2019-05-31T00:00:00.000","Marion","OR","Passenger","1","0","1","97","98","1.020408163265306122448979592"
"2020-01-31T00:00:00.000","District Of Columbia","DC","Passenger","1","2","3","213","216","1.388888888888888888888888889"
"2019-04-30T00:00:00.000","Wahkiakum","WA","Passenger","2","2","4","3070","3074","0.1301236174365647364996746910"
"2020-03-31T00:00:00.000","Sacramento","CA","Passenger","1","0","1","250","251","0.3984063745019920318725099602"
"2020-08-31T00:00:00.000","Manassas City","VA","Passenger","0","1","1","5","6","16.66666666666666666666666667"
"2020-09-30T00:00:00.000","Kittitas","WA","Passenger","120","51","171","30396","30567","0.5594268328589655510845028953"
"2020-07-31T00:00:00.000","Manassas City","VA","Passenger","0","1","1","5","6","16.66666666666666666666666667"
"2020-01-31T00:00:00.000","Flathead","MT","Passenger","1","0","1","52","53","1.886792452830188679245283019"
"2020-03-31T00:00:00.000","San Bernardino","CA","Passenger","0","1","1","457","458","0.2183406113537117903930131004"
"2020-09-30T00:00:00.000","Lincoln","WA","Passenger","6","10","16","7774","7790","0.2053915275994865211810012837"
"2020-09-30T00:00:00.000","Lincoln","WA","Truck","0","0","0","4751","4751","0"
"2020-08-31T00:00:00.000","Mecklenburg","NC","Passenger","1","0","1","67","68","1.470588235294117647058823529"
"2019-05-31T00:00:00.000","Nassau","NY","Passenger","2","0","2","32","34","5.882352941176470588235294118"
"2019-04-30T00:00:00.000","Washtenaw","MI","Passenger","1","0","1","30","31","3.225806451612903225806451613"
"2020-01-31T00:00:00.000","Garfield","WA","Truck","0","0","0","996","996","0"
"2020-03-31T00:00:00.000","Santa Cruz","CA","Passenger","1","0","1","36","37","2.702702702702702702702702703"
"2020-01-31T00:00:00.000","Goochland","VA","Passenger","2","1","3","177","180","1.666666666666666666666666667"
"2019-05-31T00:00:00.000","Norfolk City","VA","Passenger","3","1","4","359","363","1.101928374655647382920110193"
"2020-09-30T00:00:00.000","Monroe","IL","Passenger","1","0","1","2","3","33.33333333333333333333333333"
"2020-09-30T00:00:00.000","Montgomery","OH","Passenger","0","1","1","59","60","1.666666666666666666666666667"
"2020-07-31T00:00:00.000","Okanogan","WA","Passenger","4","7","11","5986","5997","0.1834250458562614640653660163"
"2020-07-31T00:00:00.000","Oldham","KY","Passenger","0","1","1","4","5","20.0"
"2020-03-31T00:00:00.000","Snohomish","WA","Passenger","4558","1873","6431","546696","553127","1.162662462689400445105735211"
"2019-04-30T00:00:00.000","Whatcom","WA","Passenger","879","414","1293","152631","153924","0.8400249473766274265221797770"
"2020-09-30T00:00:00.000","Multnomah","OR","Passenger","4","6","10","636","646","1.547987616099071207430340557"
"2020-03-31T00:00:00.000","Spokane","WA","Truck","1","0","1","100298","100299","0.0009970189134487881235107029980"
"2019-05-31T00:00:00.000","Okanogan","WA","Truck","0","0","0","4188","4188","0"
"2020-03-31T00:00:00.000","Stafford","VA","Passenger","1","0","1","85","86","1.162790697674418604651162791"
"2020-09-30T00:00:00.000","Nassau","FL","Passenger","1","0","1","23","24","4.166666666666666666666666667"
"2020-01-31T00:00:00.000","Harnett","NC","Passenger","0","1","1","187","188","0.5319148936170212765957446809"
"2020-08-31T00:00:00.000","Okanogan","WA","Passenger","5","7","12","5979","5991","0.2003004506760140210315473210"
"2020-09-30T00:00:00.000","Nassau","NY","Passenger","2","0","2","22","24","8.333333333333333333333333333"
"2020-03-31T00:00:00.000","Stevens","WA","Passenger","36","35","71","32081","32152","0.2208260761383428713610350834"
"2019-04-30T00:00:00.000","Yakima","WA","Truck","0","0","0","61378","61378","0"
"2020-07-31T00:00:00.000","Pierce","WA","Passenger","2708","1821","4529","561579","566108","0.8000240236845266274279819398"
"2020-08-31T00:00:00.000","Ozaukee","WI","Passenger","0","1","1","3","4","25.00"
"2020-08-31T00:00:00.000","Palm Beach","FL","Passenger","0","1","1","63","64","1.562500"
"2020-09-30T00:00:00.000","Nueces","TX","Passenger","1","0","1","81","82","1.219512195121951219512195122"
"2020-09-30T00:00:00.000","Okanogan","NULL","Passenger","40","31","71","20658","20729","0.3425153167060639683535144001"
"2020-03-31T00:00:00.000","Thurston","WA","Passenger","1221","782","2003","201806","203809","0.9827828996756767365523602981"
"2020-07-31T00:00:00.000","Putnam","TN","Passenger","0","1","1","2","3","33.33333333333333333333333333"
"2020-03-31T00:00:00.000","Tuolumne","CA","Passenger","0","1","1","8","9","11.11111111111111111111111111"
"2020-01-31T00:00:00.000","Jefferson","WA","Passenger","238","152","390","25634","26024","1.498616661543190900707039656"
"2019-05-31T00:00:00.000","Pend Oreille","WA","Truck","0","0","0","5997","5997","0"
"2020-09-30T00:00:00.000","Otero","NM","Passenger","0","1","1","32","33","3.030303030303030303030303030"
"2020-08-31T00:00:00.000","Pinal","AZ","Passenger","1","0","1","142","143","0.6993006993006993006993006993"
"2020-09-30T00:00:00.000","Pacific","WA","Truck","0","0","0","7917","7917","0"
"2020-01-31T00:00:00.000","Kent","DE","Passenger","0","1","1","68","69","1.449275362318840579710144928"
"2020-09-30T00:00:00.000","Pend Oreille","WA","Truck","0","0","0","5915","5915","0"
"2019-05-31T00:00:00.000","Pierce","WA","Truck","0","0","0","143835","143835","0"
"2020-01-31T00:00:00.000","Kitsap","WA","Passenger","1337","688","2025","185517","187542","1.079758134177944140512525194"
"2020-03-31T00:00:00.000","Walla Walla","WA","Truck","0","0","0","14064","14064","0"
"2020-01-31T00:00:00.000","Kitsap","WA","Truck","1","0","1","55701","55702","0.001795267674410254568956231374"
"2020-08-31T00:00:00.000","Putnam","TN","Passenger","0","1","1","2","3","33.33333333333333333333333333"
"2020-01-31T00:00:00.000","Kittitas","WA","Truck","0","0","0","15064","15064","0"
"2020-01-31T00:00:00.000","Klamath","OR","Passenger","1","0","1","24","25","4.00"
"2020-07-31T00:00:00.000","San Juan","WA","Truck","0","0","0","6015","6015","0"
"2020-09-30T00:00:00.000","Prince William","VA","Passenger","2","2","4","214","218","1.834862385321100917431192661"
"2020-03-31T00:00:00.000","Westchester","NY","Passenger","0","1","1","24","25","4.00"
"2020-01-31T00:00:00.000","Kootenai","ID","Passenger","1","1","2","199","201","0.9950248756218905472636815920"
"2020-09-30T00:00:00.000","Ramsey","MN","Passenger","1","0","1","30","31","3.225806451612903225806451613"
"2020-01-31T00:00:00.000","Leon","FL","Passenger","1","0","1","8","9","11.11111111111111111111111111"
"2020-09-30T00:00:00.000","Riverside","CA","Passenger","2","0","2","555","557","0.3590664272890484739676840215"
"2020-04-30T00:00:00.000","Adams","WA","Truck","0","0","0","5420","5420","0"
"2020-08-31T00:00:00.000","Saint Louis","MO","Passenger","1","0","1","59","60","1.666666666666666666666666667"
"2020-09-30T00:00:00.000","Riley","KS","Passenger","1","0","1","59","60","1.666666666666666666666666667"
"2020-07-31T00:00:00.000","Spokane","WA","Truck","1","0","1","101444","101445","0.0009857558282813347133914929272"
"2020-08-31T00:00:00.000","Saint Louis City","MO","Passenger","1","0","1","24","25","4.00"
"2020-09-30T00:00:00.000","Saginaw","MI","Passenger","1","0","1","8","9","11.11111111111111111111111111"
"2020-04-30T00:00:00.000","Allegheny","PA","Passenger","1","0","1","61","62","1.612903225806451612903225806"
"2020-09-30T00:00:00.000","Saint Clair","IL","Passenger","1","0","1","135","136","0.7352941176470588235294117647"
"2020-09-30T00:00:00.000","Sacramento","CA","Passenger","1","0","1","231","232","0.4310344827586206896551724138"
"2020-04-30T00:00:00.000","Arapahoe","CO","Passenger","1","0","1","124","125","0.800"
"2020-07-31T00:00:00.000","Thurston","WA","Passenger","1264","796","2060","200604","202664","1.016460742904511901472387795"
"2020-09-30T00:00:00.000","Santa Barbara","CA","Passenger","1","0","1","82","83","1.204819277108433734939759036"
"2020-04-30T00:00:00.000","Asotin","WA","Truck","0","0","0","6820","6820","0"
"2020-01-31T00:00:00.000","Maui","HI","Passenger","1","0","1","38","39","2.564102564102564102564102564"
"2019-05-31T00:00:00.000","Saint Marys","MD","Passenger","1","0","1","197","198","0.5050505050505050505050505051"
"2020-04-30T00:00:00.000","Bay","FL","Passenger","1","0","1","32","33","3.030303030303030303030303030"
"2019-05-31T00:00:00.000","Chelan","WA","Truck","0","0","0","22869","22869","0"
"2020-01-31T00:00:00.000","Mecklenburg","NC","Passenger","1","0","1","73","74","1.351351351351351351351351351"
"2020-08-31T00:00:00.000","Snohomish","WA","Truck","0","0","0","127712","127712","0"
"2020-09-30T00:00:00.000","Skagit","WA","Truck","1","0","1","33462","33463","0.002988375220392672503959597167"
"2020-09-30T00:00:00.000","Shelby","OH","Passenger","0","1","1","1","2","50.0"
"2019-05-31T00:00:00.000","San Diego","CA","Passenger","8","4","12","2726","2738","0.4382761139517896274653031410"
"2020-09-30T00:00:00.000","Skamania","WA","Passenger","36","22","58","8586","8644","0.6709856547894493290143452106"
"2020-04-30T00:00:00.000","Boone","MO","Passenger","0","1","1","9","10","10.0"
"2019-05-31T00:00:00.000","San Juan","WA","Truck","0","0","0","6034","6034","0"
"2020-08-31T00:00:00.000","Stevens","WA","Truck","0","0","0","19211","19211","0"
"2020-04-30T00:00:00.000","Caddo","LA","Passenger","1","0","1","12","13","7.692307692307692307692307692"
"2019-05-31T00:00:00.000","Santa Clara","CA","Passenger","5","1","6","343","349","1.719197707736389684813753582"
"2020-08-31T00:00:00.000","Sumter","FL","Passenger","0","1","1","9","10","10.0"
"2020-08-31T00:00:00.000","NULL","WA","Passenger","0","0","0","3","3","0"
"2020-08-31T00:00:00.000","Tipton","TN","Passenger","1","0","1","12","13","7.692307692307692307692307692"
"2019-05-31T00:00:00.000","Shelby","TN","Passenger","0","1","1","96","97","1.030927835051546391752577320"
"2020-08-31T00:00:00.000","Travis","TX","Passenger","1","2","3","142","145","2.068965517241379310344827586"
"2019-05-31T00:00:00.000","Columbia","WA","Truck","0","0","0","1600","1600","0"
"2020-01-31T00:00:00.000","Palm Beach","FL","Passenger","0","1","1","68","69","1.449275362318840579710144928"
"2020-09-30T00:00:00.000","Vigo","IN","Passenger","1","0","1","4","5","20.0"
"2020-08-31T00:00:00.000","Benton","WA","Passenger","394","331","725","137092","137817","0.5260599200388921540883925786"
"2020-09-30T00:00:00.000","Wahkiakum","WA","Passenger","6","7","13","3083","3096","0.4198966408268733850129198966"
"2020-04-30T00:00:00.000","Charles","MD","Passenger","0","1","1","68","69","1.449275362318840579710144928"
"2020-09-30T00:00:00.000","Wahkiakum","WA","Truck","0","0","0","1795","1795","0"
"2020-04-30T00:00:00.000","Chelan","WA","Passenger","227","83","310","55392","55702","0.5565329790671789163764317260"
"2020-09-30T00:00:00.000","Washoe","NV","Passenger","1","0","1","72","73","1.369863013698630136986301370"
"2020-09-30T00:00:00.000","Walla Walla","WA","Passenger","90","65","155","36750","36905","0.4199972903400623221785665899"
"2020-04-30T00:00:00.000","Clallam","WA","Truck","1","0","1","22226","22227","0.004499032707967786925810950646"
"2019-05-31T00:00:00.000","Denver","CO","Passenger","1","0","1","121","122","0.8196721311475409836065573770"
"2020-04-30T00:00:00.000","Clay","FL","Passenger","0","1","1","78","79","1.265822784810126582278481013"
"2020-09-30T00:00:00.000","Washtenaw","MI","Passenger","1","0","1","25","26","3.846153846153846153846153846"
"2019-05-31T00:00:00.000","Deschutes","OR","Passenger","2","0","2","132","134","1.492537313432835820895522388"
"2020-09-30T00:00:00.000","Williams","ND","Passenger","0","1","1","12","13","7.692307692307692307692307692"
"2020-08-31T00:00:00.000","Carroll","MD","Passenger","0","1","1","15","16","6.2500"
"2020-09-30T00:00:00.000","Whatcom","WA","Passenger","1214","550","1764","152355","154119","1.144570104918926284234909388"
"2019-05-31T00:00:00.000","Tulsa","OK","Passenger","0","1","1","38","39","2.564102564102564102564102564"
"2020-09-30T00:00:00.000","Yakima","WA","Passenger","171","133","304","170496","170800","0.1779859484777517564402810304"
"2020-09-30T00:00:00.000","Whitman","WA","Truck","0","0","0","8703","8703","0"
"2020-08-31T00:00:00.000","Yakima","WA","Truck","0","0","0","62360","62360","0"
"2020-01-31T00:00:00.000","Saint Louis","MO","Passenger","1","0","1","64","65","1.538461538461538461538461538"
"2019-05-31T00:00:00.000","Wahkiakum","WA","Truck","0","0","0","1795","1795","0"
"2020-08-31T00:00:00.000","Cascade","MT","Passenger","0","1","1","55","56","1.785714285714285714285714286"
"2020-09-30T00:00:00.000","Williamson","TX","Passenger","1","0","1","96","97","1.030927835051546391752577320"
"2020-10-31T00:00:00.000","Adams","WA","Truck","0","0","0","5500","5500","0"
"2020-08-31T00:00:00.000","Chaves","NM","Passenger","1","0","1","9","10","10.0"
"2019-05-31T00:00:00.000","Walla Walla","WA","Passenger","46","58","104","36910","37014","0.2809747663046414870049170584"
"2020-09-30T00:00:00.000","Alexandria City","VA","Passenger","4","0","4","131","135","2.962962962962962962962962963"
"2020-10-31T00:00:00.000","Allegheny","PA","Passenger","1","0","1","56","57","1.754385964912280701754385965"
"2019-05-31T00:00:00.000","Douglas","OR","Passenger","1","0","1","50","51","1.960784313725490196078431373"
"2020-04-30T00:00:00.000","Davidson","TN","Passenger","1","0","1","59","60","1.666666666666666666666666667"
"2020-08-31T00:00:00.000","Clallam","WA","Passenger","255","175","430","50913","51343","0.8375046257522933992949379662"
"2020-04-30T00:00:00.000","Dekalb","GA","Passenger","1","0","1","72","73","1.369863013698630136986301370"
"2020-10-31T00:00:00.000","Arapahoe","CO","Passenger","1","0","1","115","116","0.8620689655172413793103448276"
"2020-10-31T00:00:00.000","Adams","WA","Passenger","8","10","18","13254","13272","0.1356238698010849909584086799"
"2020-10-31T00:00:00.000","Asotin","WA","Truck","0","0","0","6856","6856","0"
"2019-05-31T00:00:00.000","Washtenaw","MI","Passenger","1","0","1","31","32","3.12500"
"2020-01-31T00:00:00.000","Shasta","CA","Passenger","1","0","1","37","38","2.631578947368421052631578947"
"2020-09-30T00:00:00.000","Brevard","FL","Passenger","0","1","1","65","66","1.515151515151515151515151515"
"2020-08-31T00:00:00.000","Cumberland","NC","Passenger","0","3","3","462","465","0.6451612903225806451612903226"
"2020-04-30T00:00:00.000","Douglas","WA","Truck","0","0","0","12596","12596","0"
"2020-01-31T00:00:00.000","Skagit","WA","Passenger","415","236","651","94414","95065","0.6847946142113290906222058591"
"2020-10-31T00:00:00.000","Arlington","VA","Passenger","0","2","2","125","127","1.574803149606299212598425197"
"2020-01-31T00:00:00.000","Snohomish","WA","Passenger","4436","1833","6269","546886","553155","1.133317063029349820574703293"
"2020-10-31T00:00:00.000","Bay","FL","Passenger","1","0","1","31","32","3.12500"
"2020-04-30T00:00:00.000","Erie","NY","Passenger","1","0","1","37","38","2.631578947368421052631578947"
"2020-01-31T00:00:00.000","Snohomish","WA","Truck","0","0","0","127165","127165","0"
"2020-08-31T00:00:00.000","Denton","TX","Passenger","1","0","1","59","60","1.666666666666666666666666667"
"2019-05-31T00:00:00.000","Williamson","TX","Passenger","1","0","1","118","119","0.8403361344537815126050420168"
"2020-09-30T00:00:00.000","Charleston","SC","Passenger","1","0","1","89","90","1.111111111111111111111111111"
"2020-01-31T00:00:00.000","Stevens","WA","Passenger","36","35","71","32341","32412","0.2190546711094656300135752191"
"2020-10-31T00:00:00.000","Boone","MO","Passenger","0","1","1","7","8","12.500"
"2020-09-30T00:00:00.000","Chelan","WA","Truck","0","0","0","23264","23264","0"
"2020-01-31T00:00:00.000","Stevens","WA","Truck","0","0","0","19430","19430","0"
"2020-10-31T00:00:00.000","Caddo","LA","Passenger","1","0","1","10","11","9.090909090909090909090909091"
"2020-04-30T00:00:00.000","Franklin","WA","Truck","0","0","0","20459","20459","0"
"2020-04-30T00:00:00.000","Frederick","MD","Passenger","2","1","3","78","81","3.703703703703703703703703704"
"2020-08-31T00:00:00.000","Duval","FL","Passenger","0","1","1","323","324","0.3086419753086419753086419753"
"2020-10-31T00:00:00.000","Boulder","CO","Passenger","1","1","2","29","31","6.451612903225806451612903226"
"2020-01-31T00:00:00.000","Sumter","FL","Passenger","0","1","1","8","9","11.11111111111111111111111111"
"2020-09-30T00:00:00.000","Clark","WA","Truck","0","0","0","84668","84668","0"
"2019-06-30T00:00:00.000","Ada","ID","Passenger","0","2","2","280","282","0.7092198581560283687943262411"
"2020-08-31T00:00:00.000","Ferry","WA","Truck","0","0","0","3694","3694","0"
"2020-01-31T00:00:00.000","Travis","TX","Passenger","1","2","3","160","163","1.840490797546012269938650307"
"2019-06-30T00:00:00.000","Alameda","CA","Passenger","4","2","6","300","306","1.960784313725490196078431373"
"2020-10-31T00:00:00.000","Charles","MD","Passenger","1","1","2","66","68","2.941176470588235294117647059"
"2020-10-31T00:00:00.000","Chelan","WA","Passenger","272","82","354","55424","55778","0.6346588260604539424145720535"
"2020-10-31T00:00:00.000","Clark","NV","Passenger","3","1","4","578","582","0.6872852233676975945017182131"
"2020-09-30T00:00:00.000","Cowlitz","WA","Passenger","167","134","301","73562","73863","0.4075112031734427250450157724"
"2020-08-31T00:00:00.000","Greene","MO","Passenger","0","1","1","21","22","4.545454545454545454545454545"
"2020-08-31T00:00:00.000","Guilford","NC","Passenger","1","0","1","24","25","4.00"
"2020-04-30T00:00:00.000","Island","WA","Truck","1","0","1","21665","21666","0.004615526631588664266592818241"
"2020-10-31T00:00:00.000","Columbia","WA","Truck","0","0","0","1566","1566","0"
"2020-09-30T00:00:00.000","Denver","CO","Passenger","1","0","1","98","99","1.010101010101010101010101010"
"2019-06-30T00:00:00.000","Bexar","TX","Passenger","3","6","9","619","628","1.433121019108280254777070064"
"2020-10-31T00:00:00.000","Cook","IL","Passenger","1","0","1","174","175","0.5714285714285714285714285714"
"2019-06-30T00:00:00.000","Broward","FL","Passenger","1","1","2","121","123","1.626016260162601626016260163"
"2020-10-31T00:00:00.000","Davidson","TN","Passenger","1","0","1","47","48","2.083333333333333333333333333"
"2020-10-31T00:00:00.000","Dekalb","GA","Passenger","1","0","1","67","68","1.470588235294117647058823529"
"2020-04-30T00:00:00.000","Kent","DE","Passenger","0","1","1","66","67","1.492537313432835820895522388"
"2020-10-31T00:00:00.000","Deschutes","OR","Passenger","1","0","1","100","101","0.9900990099009900990099009901"
"2020-10-31T00:00:00.000","Douglas","WA","Truck","0","0","0","12693","12693","0"
"2020-10-31T00:00:00.000","El Dorado","CA","Passenger","1","0","1","28","29","3.448275862068965517241379310"
"2020-09-30T00:00:00.000","Glacier","MT","Passenger","0","1","1","3","4","25.00"
"2020-04-30T00:00:00.000","Kootenai","ID","Passenger","1","0","1","192","193","0.5181347150259067357512953368"
"2020-10-31T00:00:00.000","Erie","NY","Passenger","1","0","1","37","38","2.631578947368421052631578947"
"2020-09-30T00:00:00.000","Grant","WA","Passenger","70","85","155","67115","67270","0.2304147465437788018433179724"
"2020-09-30T00:00:00.000","Grays Harbor","WA","Passenger","132","119","251","49253","49504","0.5070297349709114414996767938"
"2020-08-31T00:00:00.000","Kings","NY","Passenger","1","0","1","55","56","1.785714285714285714285714286"
"2020-02-29T00:00:00.000","Boone","MO","Passenger","0","1","1","8","9","11.11111111111111111111111111"
"2019-05-31T00:00:00.000","Kent","MI","Passenger","0","1","1","20","21","4.761904761904761904761904762"
"2020-02-29T00:00:00.000","Boulder","CO","Passenger","1","1","2","36","38","5.263157894736842105263157895"
"2020-10-31T00:00:00.000","Franklin","WA","Truck","0","0","0","20892","20892","0"
"2020-09-30T00:00:00.000","Guilford","NC","Passenger","1","0","1","25","26","3.846153846153846153846153846"
"2019-05-31T00:00:00.000","Kern","CA","Passenger","1","1","2","232","234","0.8547008547008547008547008547"
"2020-10-31T00:00:00.000","Frederick","MD","Passenger","2","1","3","74","77","3.896103896103896103896103896"
"2020-04-30T00:00:00.000","Liberty","GA","Passenger","1","0","1","122","123","0.8130081300813008130081300813"
"2019-05-31T00:00:00.000","King","WA","Passenger","19105","7250","26355","1407353","1433708","1.838240422736010401002156646"
"2019-05-31T00:00:00.000","King","WA","Truck","6","1","7","186755","186762","0.003748085799038348272132446643"
"2020-10-31T00:00:00.000","Hennepin","MN","Passenger","1","0","1","73","74","1.351351351351351351351351351"
"2020-09-30T00:00:00.000","Howard","IN","Passenger","0","1","1","2","3","33.33333333333333333333333333"
"2020-04-30T00:00:00.000","Los Angeles","CA","Passenger","7","9","16","962","978","1.635991820040899795501022495"
"2020-10-31T00:00:00.000","Hidalgo","TX","Passenger","0","1","1","62","63","1.587301587301587301587301587"
"2020-08-31T00:00:00.000","Monroe","IL","Passenger","1","0","1","3","4","25.00"
"2019-06-30T00:00:00.000","Cook","IL","Passenger","2","0","2","225","227","0.8810572687224669603524229075"
"2020-09-30T00:00:00.000","Kern","CA","Passenger","1","1","2","218","220","0.9090909090909090909090909091"
"2020-02-29T00:00:00.000","Columbia","WA","Passenger","3","3","6","2500","2506","0.2394253790901835594573024741"
"2020-09-30T00:00:00.000","King","WA","Passenger","26091","8190","34281","1393062","1427343","2.401735252143318039181892509"
"2020-09-30T00:00:00.000","Klickitat","WA","Truck","0","0","0","8355","8355","0"
"2019-06-30T00:00:00.000","Cowlitz","WA","Truck","0","0","0","29671","29671","0"
"2020-10-31T00:00:00.000","Island","WA","Truck","1","0","1","21780","21781","0.004591157430788301730866351407"
"2020-02-29T00:00:00.000","Dekalb","GA","Passenger","1","0","1","75","76","1.315789473684210526315789474"
"2020-04-30T00:00:00.000","Mason","WA","Passenger","186","145","331","48293","48624","0.6807337940111878907535373478"
"2020-10-31T00:00:00.000","Jones","GA","Passenger","1","0","1","1","2","50.0"
"2020-08-31T00:00:00.000","Nueces","TX","Passenger","1","0","1","80","81","1.234567901234567901234567901"
"2020-09-30T00:00:00.000","Larimer","CO","Passenger","0","1","1","34","35","2.857142857142857142857142857"
"2020-02-29T00:00:00.000","Douglas","NE","Passenger","0","1","1","50","51","1.960784313725490196078431373"
"2020-09-30T00:00:00.000","Leavenworth","KS","Passenger","0","1","1","120","121","0.8264462809917355371900826446"
"2020-02-29T00:00:00.000","Douglas","OR","Passenger","1","0","1","44","45","2.222222222222222222222222222"
"2020-09-30T00:00:00.000","Lewis","WA","Passenger","124","124","248","59430","59678","0.4155635242467911123026911090"
"2019-06-30T00:00:00.000","District Of Columbia","DC","Passenger","1","2","3","212","215","1.395348837209302325581395349"
"2019-05-31T00:00:00.000","Lewis","WA","Passenger","105","99","204","60285","60489","0.3372514010811883152308684224"
"2020-10-31T00:00:00.000","Kent","DE","Passenger","0","1","1","61","62","1.612903225806451612903225806"
"2020-02-29T00:00:00.000","Dupage","IL","Passenger","2","0","2","50","52","3.846153846153846153846153846"
"2020-10-31T00:00:00.000","Lake","IL","Passenger","2","0","2","163","165","1.212121212121212121212121212"
"2020-04-30T00:00:00.000","Monterey","CA","Passenger","1","0","1","193","194","0.5154639175257731958762886598"
"2020-04-30T00:00:00.000","Montgomery","AL","Passenger","0","2","2","36","38","5.263157894736842105263157895"
"2019-06-30T00:00:00.000","Duval","FL","Passenger","1","1","2","358","360","0.5555555555555555555555555556"
"2020-04-30T00:00:00.000","Moore","NC","Passenger","0","1","1","162","163","0.6134969325153374233128834356"
"2020-09-30T00:00:00.000","Mason","WA","Truck","0","0","0","21331","21331","0"
"2019-06-30T00:00:00.000","El Paso","TX","Passenger","2","0","2","495","497","0.4024144869215291750503018109"
"2020-02-29T00:00:00.000","Guadalupe","TX","Passenger","2","0","2","54","56","3.571428571428571428571428571"
"2020-10-31T00:00:00.000","Liberty","GA","Passenger","1","0","1","113","114","0.8771929824561403508771929825"
"2020-04-30T00:00:00.000","Otero","NM","Passenger","0","1","1","34","35","2.857142857142857142857142857"
"2020-04-30T00:00:00.000","Ozaukee","WI","Passenger","0","1","1","3","4","25.00"
"2020-08-31T00:00:00.000","Saginaw","MI","Passenger","1","0","1","8","9","11.11111111111111111111111111"
"2020-10-31T00:00:00.000","Manassas City","VA","Passenger","0","1","1","5","6","16.66666666666666666666666667"
"2020-04-30T00:00:00.000","Pacific","WA","Truck","0","0","0","7877","7877","0"
"2019-06-30T00:00:00.000","Ferry","WA","Truck","0","0","0","3752","3752","0"
"2020-04-30T00:00:00.000","Palm Beach","FL","Passenger","0","1","1","64","65","1.538461538461538461538461538"
"2020-10-31T00:00:00.000","Los Angeles","CA","Passenger","7","8","15","901","916","1.637554585152838427947598253"
"2020-02-29T00:00:00.000","Hennepin","MN","Passenger","2","0","2","87","89","2.247191011235955056179775281"
"2020-08-31T00:00:00.000","San Mateo","CA","Passenger","0","1","1","98","99","1.010101010101010101010101010"
"2019-05-31T00:00:00.000","Manassas City","VA","Passenger","0","1","1","8","9","11.11111111111111111111111111"
"2019-06-30T00:00:00.000","Flathead","MT","Passenger","1","0","1","54","55","1.818181818181818181818181818"
"2020-09-30T00:00:00.000","Norfolk City","VA","Passenger","2","1","3","349","352","0.8522727272727272727272727273"
"2020-04-30T00:00:00.000","Pima","AZ","Passenger","2","1","3","306","309","0.9708737864077669902912621359"
"2020-08-31T00:00:00.000","Santa Barbara","CA","Passenger","1","0","1","81","82","1.219512195121951219512195122"
"2020-04-30T00:00:00.000","Pinal","AZ","Passenger","1","0","1","151","152","0.6578947368421052631578947368"
"2020-09-30T00:00:00.000","Orange","CA","Passenger","3","2","5","449","454","1.101321585903083700440528634"
"2020-04-30T00:00:00.000","Polk","FL","Passenger","1","0","1","65","66","1.515151515151515151515151515"
"2019-06-30T00:00:00.000","Franklin","WA","Passenger","59","74","133","61176","61309","0.2169338922507299091487383582"
"2020-10-31T00:00:00.000","Multnomah","OR","Passenger","3","6","9","636","645","1.395348837209302325581395349"
"2020-10-31T00:00:00.000","Mason","WA","Passenger","198","142","340","48467","48807","0.6966213862765586903517938001"
"2019-06-30T00:00:00.000","Fulton","GA","Passenger","1","2","3","99","102","2.941176470588235294117647059"
"2020-08-31T00:00:00.000","Spartanburg","SC","Passenger","0","1","1","36","37","2.702702702702702702702702703"
"2020-09-30T00:00:00.000","Pend Oreille","WA","Passenger","8","4","12","9475","9487","0.1264888795193422578264994203"
"2020-02-29T00:00:00.000","Jefferson","WA","Truck","0","0","0","9845","9845","0"
"2019-06-30T00:00:00.000","Garfield","WA","Passenger","1","1","2","1324","1326","0.1508295625942684766214177979"
"2020-10-31T00:00:00.000","Okanogan","WA","Passenger","6","6","12","5916","5928","0.2024291497975708502024291498"
"2020-09-30T00:00:00.000","Plaquemines","LA","Passenger","0","1","1","16","17","5.882352941176470588235294118"
"2020-10-31T00:00:00.000","Oldham","KY","Passenger","0","1","1","4","5","20.0"
"2020-02-29T00:00:00.000","Juneau","AK","Passenger","0","1","1","24","25","4.00"
"2020-10-31T00:00:00.000","Ozaukee","WI","Passenger","0","1","1","3","4","25.00"
"2020-10-31T00:00:00.000","Monterey","CA","Passenger","1","0","1","167","168","0.5952380952380952380952380952"
"2020-04-30T00:00:00.000","Saint Louis City","MO","Passenger","1","0","1","25","26","3.846153846153846153846153846"
"2020-08-31T00:00:00.000","Utah","UT","Passenger","0","1","1","102","103","0.9708737864077669902912621359"
"2020-09-30T00:00:00.000","Powhatan","VA","Passenger","1","0","1","0","1","100"
"2020-10-31T00:00:00.000","Montgomery","AL","Passenger","0","2","2","33","35","5.714285714285714285714285714"
"2019-05-31T00:00:00.000","Montgomery","TX","Passenger","1","0","1","49","50","2.00"
"2019-06-30T00:00:00.000","Grant","WA","Truck","0","0","0","27587","27587","0"
"2020-04-30T00:00:00.000","San Bernardino","CA","Passenger","0","1","1","446","447","0.2237136465324384787472035794"
"2020-10-31T00:00:00.000","Moore","NC","Passenger","0","1","1","152","153","0.6535947712418300653594771242"
"2019-05-31T00:00:00.000","Multnomah","OR","Passenger","5","5","10","725","735","1.360544217687074829931972789"
"2020-04-30T00:00:00.000","Santa Cruz","CA","Passenger","1","0","1","36","37","2.702702702702702702702702703"
"2020-08-31T00:00:00.000","Williams","ND","Passenger","0","1","1","12","13","7.692307692307692307692307692"
"2020-10-31T00:00:00.000","Pierce","WA","Passenger","2899","1863","4762","564475","569237","0.8365584106444240272505125282"
"2020-10-31T00:00:00.000","Pierce","WA","Truck","0","0","0","147443","147443","0"
"2020-08-31T00:00:00.000","Yakima","WA","Passenger","164","131","295","170249","170544","0.1729758889201613659817994183"
"2020-10-31T00:00:00.000","Otero","NM","Passenger","0","1","1","32","33","3.030303030303030303030303030"
"2020-09-30T00:00:00.000","San Francisco","CA","Passenger","2","1","3","81","84","3.571428571428571428571428571"
"2020-10-31T00:00:00.000","Pinellas","FL","Passenger","1","1","2","71","73","2.739726027397260273972602740"
"2020-10-31T00:00:00.000","Pacific","WA","Truck","0","0","0","7913","7913","0"
"2020-04-30T00:00:00.000","Skamania","WA","Passenger","32","17","49","8837","8886","0.5514292144947107810038262435"
"2020-10-31T00:00:00.000","Palm Beach","FL","Passenger","0","1","1","58","59","1.694915254237288135593220339"
"2020-09-30T00:00:00.000","NULL","NULL","Passenger","8","5","13","1781","1794","0.7246376811594202898550724638"
"2019-05-31T00:00:00.000","Okanogan","NULL","Passenger","19","16","35","20681","20716","0.1689515350453755551264722919"
"2020-10-31T00:00:00.000","Pima","AZ","Passenger","2","1","3","273","276","1.086956521739130434782608696"
"2020-09-30T00:00:00.000","Adams","WA","Passenger","8","10","18","13255","13273","0.1356136517742786107134784902"
"2020-10-31T00:00:00.000","Putnam","TN","Passenger","0","1","1","1","2","50.0"
"2020-09-30T00:00:00.000","Skamania","WA","Truck","0","0","0","4145","4145","0"
"2019-05-31T00:00:00.000","Okanogan","WA","Passenger","3","7","10","6202","6212","0.1609787508048937540244687701"
"2020-10-31T00:00:00.000","Polk","FL","Passenger","1","0","1","58","59","1.694915254237288135593220339"
"2020-09-30T00:00:00.000","Anne Arundel","MD","Passenger","1","3","4","392","396","1.010101010101010101010101010"
"2020-10-31T00:00:00.000","Riverside","CA","Passenger","3","1","4","546","550","0.7272727272727272727272727273"
"2020-09-30T00:00:00.000","Spartanburg","SC","Passenger","0","1","1","36","37","2.702702702702702702702702703"
"2020-04-30T00:00:00.000","Valencia","NM","Passenger","1","0","1","3","4","25.00"
"2020-02-29T00:00:00.000","Los Angeles","CA","Passenger","8","9","17","995","1012","1.679841897233201581027667984"
"2020-04-30T00:00:00.000","Vigo","IN","Passenger","1","0","1","3","4","25.00"
"2020-09-30T00:00:00.000","Spokane","WA","Passenger","842","549","1391","324964","326355","0.4262229780453800309478941643"
"2020-09-30T00:00:00.000","Asotin","WA","Passenger","18","15","33","12695","12728","0.2592708988057825267127592709"
"2019-05-31T00:00:00.000","Oldham","KY","Passenger","0","1","1","4","5","20.0"
"2020-04-30T00:00:00.000","Walla Walla","WA","Truck","0","0","0","14040","14040","0"
"2020-10-31T00:00:00.000","San Juan","WA","Truck","0","0","0","6028","6028","0"
"2020-04-30T00:00:00.000","Whatcom","WA","Passenger","1123","516","1639","153037","154676","1.059634332410975199772427526"
"2020-09-30T00:00:00.000","Ventura","CA","Passenger","1","2","3","271","274","1.094890510948905109489051095"
"2019-06-30T00:00:00.000","Kent","MI","Passenger","0","1","1","20","21","4.761904761904761904761904762"
"2020-10-31T00:00:00.000","Santa Clara","CA","Passenger","4","2","6","227","233","2.575107296137339055793991416"
"2020-10-31T00:00:00.000","San Bernardino","CA","Passenger","0","1","1","412","413","0.2421307506053268765133171913"
"2019-06-30T00:00:00.000","King","WA","Truck","6","1","7","186820","186827","0.003746781782076466463626777714"
"2020-02-29T00:00:00.000","Montgomery","MD","Passenger","0","4","4","258","262","1.526717557251908396946564885"
"2020-10-31T00:00:00.000","Santa Cruz","CA","Passenger","1","0","1","30","31","3.225806451612903225806451613"
"2020-02-29T00:00:00.000","Muscogee","GA","Passenger","0","1","1","174","175","0.5714285714285714285714285714"
"2020-09-30T00:00:00.000","Whatcom","WA","Truck","3","0","3","44398","44401","0.006756604580977905903020202248"
"2019-05-31T00:00:00.000","Pierce","WA","Passenger","1977","1621","3598","552625","556223","0.6468628589612439615046483155"
"2020-09-30T00:00:00.000","Carroll","MD","Passenger","0","1","1","15","16","6.2500"
"2020-02-29T00:00:00.000","Okanogan","NULL","Passenger","31","23","54","20780","20834","0.2591917058654123068061822022"
"2020-09-30T00:00:00.000","Cascade","MT","Passenger","0","1","1","55","56","1.785714285714285714285714286"
"2020-10-31T00:00:00.000","Skamania","WA","Passenger","36","21","57","8552","8609","0.6620978046230688814031827158"
"2020-02-29T00:00:00.000","Oldham","KY","Passenger","0","1","1","3","4","25.00"
"2020-10-31T00:00:00.000","NULL","NULL","Passenger","8","5","13","1762","1775","0.7323943661971830985915492958"
"2020-05-31T00:00:00.000","Brevard","FL","Passenger","0","1","1","69","70","1.428571428571428571428571429"
"2020-02-29T00:00:00.000","Pacific","WA","Passenger","40","34","74","16324","16398","0.4512745456763019880473228442"
"2020-10-31T00:00:00.000","Alexandria City","VA","Passenger","4","0","4","133","137","2.919708029197080291970802920"
"2020-05-31T00:00:00.000","Bryan","GA","Passenger","1","0","1","57","58","1.724137931034482758620689655"
"2020-10-31T00:00:00.000","Bartow","GA","Passenger","0","1","1","3","4","25.00"
"2019-05-31T00:00:00.000","Prince William","VA","Passenger","1","4","5","251","256","1.95312500"
"2020-02-29T00:00:00.000","Pierce","WA","Passenger","2490","1805","4295","561157","565452","0.7595693356818969603078599068"
"2020-10-31T00:00:00.000","Vigo","IN","Passenger","1","0","1","4","5","20.0"
"2020-02-29T00:00:00.000","Pinellas","FL","Passenger","1","1","2","85","87","2.298850574712643678160919540"
"2019-05-31T00:00:00.000","Ramsey","MN","Passenger","1","0","1","39","40","2.500"
"2020-09-30T00:00:00.000","Contra Costa","CA","Passenger","2","0","2","168","170","1.176470588235294117647058824"
"2019-06-30T00:00:00.000","Mason","OR","Passenger","2","0","2","9","11","18.18181818181818181818181818"
"2020-10-31T00:00:00.000","Walla Walla","WA","Truck","0","0","0","14178","14178","0"
"2020-02-29T00:00:00.000","Ramsey","MN","Passenger","1","0","1","35","36","2.777777777777777777777777778"
"2020-05-31T00:00:00.000","Chelan","WA","Truck","0","0","0","23034","23034","0"
"2020-05-31T00:00:00.000","Chesapeake City","VA","Passenger","0","2","2","406","408","0.4901960784313725490196078431"
"2019-05-31T00:00:00.000","Riverside","CA","Passenger","0","1","1","635","636","0.1572327044025157232704402516"
"2020-10-31T00:00:00.000","Westchester","NY","Passenger","0","1","1","21","22","4.545454545454545454545454545"
"2020-11-30T00:00:00.000","Arapahoe","CO","Passenger","1","0","1","113","114","0.8771929824561403508771929825"
"2020-10-31T00:00:00.000","Whatcom","WA","Passenger","1243","555","1798","152589","154387","1.164605828210924494938045302"
"2020-10-31T00:00:00.000","Camden","GA","Passenger","1","1","2","134","136","1.470588235294117647058823529"
"2020-05-31T00:00:00.000","Clackamas","OR","Passenger","1","0","1","167","168","0.5952380952380952380952380952"
"2019-05-31T00:00:00.000","Saint Clair","IL","Passenger","0","1","1","157","158","0.6329113924050632911392405063"
"2019-06-30T00:00:00.000","Monroe","IL","Passenger","1","0","1","4","5","20.0"
"2020-11-30T00:00:00.000","Bay","FL","Passenger","1","0","1","31","32","3.12500"
"2020-09-30T00:00:00.000","El Paso","CO","Passenger","1","0","1","639","640","0.1562500"
"2020-05-31T00:00:00.000","Clark","WA","Passenger","2128","1108","3236","323443","326679","0.9905748456435828443211837920"
"2020-02-29T00:00:00.000","San Bernardino","CA","Passenger","0","1","1","460","461","0.2169197396963123644251626898"
"2020-11-30T00:00:00.000","NULL","CA","Passenger","1","2","3","208","211","1.421800947867298578199052133"
"2019-06-30T00:00:00.000","Montgomery","PA","Passenger","2","0","2","24","26","7.692307692307692307692307692"
"2020-02-29T00:00:00.000","Santa Cruz","CA","Passenger","1","0","1","35","36","2.777777777777777777777777778"
"2019-06-30T00:00:00.000","Montgomery","TX","Passenger","1","0","1","51","52","1.923076923076923076923076923"
"2020-11-30T00:00:00.000","Allegheny","PA","Passenger","1","0","1","55","56","1.785714285714285714285714286"
"2020-09-30T00:00:00.000","Franklin","WA","Passenger","74","80","154","62179","62333","0.2470601447066561853271942631"
"2020-10-31T00:00:00.000","Columbia","GA","Passenger","1","1","2","135","137","1.459854014598540145985401460"
"2020-11-30T00:00:00.000","Charleston","SC","Passenger","1","0","1","84","85","1.176470588235294117647058824"
"2020-10-31T00:00:00.000","Columbia","WA","Passenger","4","3","7","2504","2511","0.2787733970529669454400637196"
"2020-09-30T00:00:00.000","Fresno","CA","Passenger","1","0","1","162","163","0.6134969325153374233128834356"
"2020-02-29T00:00:00.000","Skagit","WA","Truck","1","0","1","33459","33460","0.002988643156007172743574417215"
"2020-11-30T00:00:00.000","Arlington","VA","Passenger","0","2","2","125","127","1.574803149606299212598425197"
"2020-10-31T00:00:00.000","Contra Costa","CA","Passenger","2","0","2","162","164","1.219512195121951219512195122"
"2020-02-29T00:00:00.000","Snohomish","WA","Truck","0","0","0","127231","127231","0"
"2019-05-31T00:00:00.000","Skagit","WA","Truck","1","0","1","33381","33382","0.002995626385477203283206518483"
"2020-11-30T00:00:00.000","Chelan","WA","Passenger","278","84","362","55412","55774","0.6490479434862122135762183096"
"2020-11-30T00:00:00.000","Bell","TX","Passenger","0","1","1","356","357","0.2801120448179271708683473389"
"2019-05-31T00:00:00.000","Skamania","WA","Truck","0","0","0","4231","4231","0"
"2020-05-31T00:00:00.000","Denver","CO","Passenger","1","0","1","108","109","0.9174311926605504587155963303"
"2020-05-31T00:00:00.000","Deschutes","OR","Passenger","2","0","2","111","113","1.769911504424778761061946903"
"2020-11-30T00:00:00.000","Benton","WA","Truck","0","0","0","44045","44045","0"
"2020-11-30T00:00:00.000","Clark","WA","Passenger","2419","1196","3615","324731","328346","1.100972754350593581161335908"
"2020-11-30T00:00:00.000","Clark","WA","Truck","0","0","0","84949","84949","0"
"2020-10-31T00:00:00.000","Dekalb","IN","Passenger","1","0","1","1","2","50.0"
"2020-02-29T00:00:00.000","Twin Falls","ID","Passenger","0","1","1","23","24","4.166666666666666666666666667"
"2019-05-31T00:00:00.000","Tarrant","TX","Passenger","2","0","2","182","184","1.086956521739130434782608696"
"2020-09-30T00:00:00.000","Harris","TX","Passenger","1","0","1","186","187","0.5347593582887700534759358289"
"2020-10-31T00:00:00.000","Douglas","NE","Passenger","0","1","1","42","43","2.325581395348837209302325581"
"2020-05-31T00:00:00.000","El Paso","CO","Passenger","1","0","1","670","671","0.1490312965722801788375558867"
"2020-11-30T00:00:00.000","Bradley","TN","Passenger","1","1","2","0","2","100"
"2020-10-31T00:00:00.000","Douglas","OR","Passenger","1","0","1","36","37","2.702702702702702702702702703"
"2020-09-30T00:00:00.000","Honolulu","HI","Passenger","4","0","4","377","381","1.049868766404199475065616798"
"2020-10-31T00:00:00.000","Dupage","IL","Passenger","2","0","2","42","44","4.545454545454545454545454545"
"2020-11-30T00:00:00.000","Cowlitz","WA","Passenger","180","139","319","73389","73708","0.4327888424594345254246486134"
"2019-05-31T00:00:00.000","Twin Falls","ID","Passenger","0","1","1","19","20","5.00"
"2020-02-29T00:00:00.000","Washoe","NV","Passenger","1","0","1","84","85","1.176470588235294117647058824"
"2020-05-31T00:00:00.000","Fresno","CA","Passenger","1","0","1","172","173","0.5780346820809248554913294798"
"2020-11-30T00:00:00.000","Carson City","NV","Passenger","1","0","1","11","12","8.333333333333333333333333333"
"2020-11-30T00:00:00.000","Douglas","WA","Truck","0","0","0","12729","12729","0"
"2020-02-29T00:00:00.000","Wayne","MI","Passenger","0","1","1","55","56","1.785714285714285714285714286"
"2020-11-30T00:00:00.000","Charles","MD","Passenger","1","1","2","65","67","2.985074626865671641791044776"
"2020-02-29T00:00:00.000","Westchester","NY","Passenger","0","1","1","25","26","3.846153846153846153846153846"
"2020-05-31T00:00:00.000","Garfield","WA","Truck","0","0","0","994","994","0"
"2019-05-31T00:00:00.000","Volusia","FL","Passenger","0","1","1","31","32","3.12500"
"2020-11-30T00:00:00.000","Erie","NY","Passenger","1","0","1","36","37","2.702702702702702702702702703"
"2020-02-29T00:00:00.000","Whitman","WA","Passenger","43","51","94","23031","23125","0.4064864864864864864864864865"
"2020-09-30T00:00:00.000","King","WA","Truck","6","1","7","187522","187529","0.003732756000405270651472572242"
"2020-05-31T00:00:00.000","Goochland","VA","Passenger","2","1","3","168","171","1.754385964912280701754385965"
"2020-11-30T00:00:00.000","Fairfax","VA","Passenger","5","5","10","662","672","1.488095238095238095238095238"
"2020-09-30T00:00:00.000","Kings","NY","Passenger","1","0","1","55","56","1.785714285714285714285714286"
"2020-11-30T00:00:00.000","Clallam","WA","Truck","1","0","1","22251","22252","0.004493978069387021391335610282"
"2020-10-31T00:00:00.000","Guadalupe","TX","Passenger","1","0","1","46","47","2.127659574468085106382978723"
"2019-06-30T00:00:00.000","Prince William","VA","Passenger","1","3","4","249","253","1.581027667984189723320158103"
"2020-10-31T00:00:00.000","Guilford","NC","Passenger","1","0","1","25","26","3.846153846153846153846153846"
"2020-09-30T00:00:00.000","Lake","IL","Passenger","1","0","1","166","167","0.5988023952095808383233532934"
"2020-03-31T00:00:00.000","Anne Arundel","MD","Passenger","1","3","4","422","426","0.9389671361502347417840375587"
"2020-10-31T00:00:00.000","Harris","TX","Passenger","1","0","1","185","186","0.5376344086021505376344086022"
"2020-11-30T00:00:00.000","Fulton","GA","Passenger","1","2","3","78","81","3.703703703703703703703703704"
"2020-03-31T00:00:00.000","Asotin","WA","Passenger","17","13","30","12932","12962","0.2314457645425088720876407962"
"2019-05-31T00:00:00.000","Whatcom","WA","Truck","2","0","2","43899","43901","0.004555704881437780460581763513"
"2020-10-31T00:00:00.000","Honolulu","HI","Passenger","4","0","4","374","378","1.058201058201058201058201058"
"2020-11-30T00:00:00.000","Cumberland","NC","Passenger","0","3","3","443","446","0.6726457399103139013452914798"
"2020-11-30T00:00:00.000","Grant","WA","Passenger","81","84","165","67236","67401","0.2448034895624693995638046913"
"2020-09-30T00:00:00.000","Lewis","WA","Truck","0","0","0","27070","27070","0"
"2019-06-30T00:00:00.000","Saint Clair","IL","Passenger","0","1","1","159","160","0.62500"
"2020-05-31T00:00:00.000","Jefferson","WA","Passenger","245","156","401","25296","25697","1.560493442814336303848698292"
"2020-11-30T00:00:00.000","Hamilton","IN","Passenger","1","0","1","27","28","3.571428571428571428571428571"
"2020-05-31T00:00:00.000","Kern","CA","Passenger","1","1","2","225","227","0.8810572687224669603524229075"
"2020-11-30T00:00:00.000","Davidson","TN","Passenger","1","0","1","45","46","2.173913043478260869565217391"
"2020-11-30T00:00:00.000","Howard","IN","Passenger","0","1","1","2","3","33.33333333333333333333333333"
"2019-06-30T00:00:00.000","Sangamon","IL","Passenger","1","0","1","6","7","14.28571428571428571428571429"
"2020-11-30T00:00:00.000","Island","WA","Passenger","498","307","805","64179","64984","1.238766465591530222824079773"
"2020-10-31T00:00:00.000","Jefferson","WA","Truck","0","0","0","9774","9774","0"
"2020-05-31T00:00:00.000","Kitsap","WA","Passenger","1403","709","2112","183092","185204","1.140364139003477246711734088"
"2020-11-30T00:00:00.000","Island","WA","Truck","0","0","0","21778","21778","0"
"2019-06-30T00:00:00.000","Santa Barbara","CA","Passenger","1","0","1","96","97","1.030927835051546391752577320"
"2020-03-31T00:00:00.000","Caddo","LA","Passenger","1","0","1","12","13","7.692307692307692307692307692"
"2020-10-31T00:00:00.000","Kings","NY","Passenger","1","0","1","54","55","1.818181818181818181818181818"
"2020-09-30T00:00:00.000","Montgomery","PA","Passenger","1","0","1","18","19","5.263157894736842105263157895"
"2020-10-31T00:00:00.000","Kitsap","WA","Truck","0","0","0","55324","55324","0"
"2020-03-31T00:00:00.000","Cascade","MT","Passenger","0","1","1","57","58","1.724137931034482758620689655"
"2020-10-31T00:00:00.000","Klamath","OR","Passenger","1","0","1","22","23","4.347826086956521739130434783"
"2020-11-30T00:00:00.000","Kent","MI","Passenger","0","1","1","18","19","5.263157894736842105263157895"
"2020-05-31T00:00:00.000","Lincoln","WA","Passenger","6","12","18","7842","7860","0.2290076335877862595419847328"
"2019-06-30T00:00:00.000","Shasta","CA","Passenger","1","0","1","43","44","2.272727272727272727272727273"
"2020-11-30T00:00:00.000","King","WA","Passenger","27315","8358","35673","1392200","1427873","2.498331434238199055518242869"
"2020-09-30T00:00:00.000","Okanogan","WA","Passenger","6","6","12","5935","5947","0.2017824112998150327896418362"
"2020-11-30T00:00:00.000","Glacier","MT","Passenger","0","1","1","3","4","25.00"
"2020-09-30T00:00:00.000","Okanogan","WA","Truck","0","0","0","4011","4011","0"
"2020-11-30T00:00:00.000","Klickitat","WA","Passenger","65","43","108","15363","15471","0.6980802792321116928446771379"
"2020-03-31T00:00:00.000","Chaves","NM","Passenger","1","0","1","9","10","10.0"
"2020-11-30T00:00:00.000","Grays Harbor","WA","Passenger","139","120","259","49300","49559","0.5226094150406586089307693860"
"2019-06-30T00:00:00.000","Snohomish","WA","Passenger","3642","1697","5339","540521","545860","0.9780896200490968380170739750"
"2020-05-31T00:00:00.000","Manassas City","VA","Passenger","0","1","1","5","6","16.66666666666666666666666667"
"2020-11-30T00:00:00.000","Lincoln","WA","Truck","0","0","0","4770","4770","0"
"2020-09-30T00:00:00.000","Pierce","WA","Truck","0","0","0","147155","147155","0"
"2019-06-30T00:00:00.000","Spokane","WA","Truck","1","0","1","98038","98039","0.001020002244004936810860983894"
"2020-05-31T00:00:00.000","Mecklenburg","NC","Passenger","1","0","1","68","69","1.449275362318840579710144928"
"2020-03-31T00:00:00.000","Denton","TX","Passenger","1","0","1","64","65","1.538461538461538461538461538"
"2019-06-30T00:00:00.000","Stevens","WA","Passenger","22","34","56","32570","32626","0.1716422485134555262673941029"
"2020-11-30T00:00:00.000","Hidalgo","TX","Passenger","0","1","1","61","62","1.612903225806451612903225806"
"2020-03-31T00:00:00.000","Fairbanks North Star","AK","Passenger","0","1","1","97","98","1.020408163265306122448979592"
"2020-10-31T00:00:00.000","Maui","HI","Passenger","1","0","1","27","28","3.571428571428571428571428571"
"2020-11-30T00:00:00.000","Montgomery","OH","Passenger","0","1","1","62","63","1.587301587301587301587301587"
"2020-09-30T00:00:00.000","Saint Marys","MD","Passenger","1","0","1","182","183","0.5464480874316939890710382514"
"2019-06-30T00:00:00.000","Camden","GA","Passenger","0","1","1","163","164","0.6097560975609756097560975610"
"2019-06-30T00:00:00.000","Thurston","WA","Passenger","967","684","1651","200813","202464","0.8154536115062430851904536115"
"2020-03-31T00:00:00.000","Ferry","WA","Passenger","5","3","8","4528","4536","0.1763668430335097001763668430"
"2020-05-31T00:00:00.000","Okanogan","WA","Passenger","4","8","12","5999","6011","0.1996340043254034270504075861"
"2020-11-30T00:00:00.000","Kent","DE","Passenger","0","1","1","60","61","1.639344262295081967213114754"
"2020-03-31T00:00:00.000","Franklin","WA","Passenger","64","83","147","62299","62446","0.2354033885276879223649232937"
"2020-10-31T00:00:00.000","Montgomery","MD","Passenger","1","4","5","219","224","2.232142857142857142857142857"
"2020-03-31T00:00:00.000","Franklin","WA","Truck","0","0","0","20509","20509","0"
"2020-09-30T00:00:00.000","San Juan","WA","Passenger","333","103","436","14294","14730","2.959945689069925322471147318"
"2020-11-30T00:00:00.000","Kittitas","WA","Truck","0","0","0","14991","14991","0"
"2020-11-30T00:00:00.000","Otero","NM","Passenger","0","1","1","32","33","3.030303030303030303030303030"
"2020-03-31T00:00:00.000","Fresno","CA","Passenger","1","0","1","174","175","0.5714285714285714285714285714"
"2019-06-30T00:00:00.000","Tuolumne","CA","Passenger","0","1","1","11","12","8.333333333333333333333333333"
"2020-09-30T00:00:00.000","San Mateo","CA","Passenger","0","1","1","98","99","1.010101010101010101010101010"
"2020-11-30T00:00:00.000","Klickitat","WA","Truck","0","0","0","8326","8326","0"
"2020-10-31T00:00:00.000","Muscogee","GA","Passenger","0","1","1","165","166","0.6024096385542168674698795181"
"2020-11-30T00:00:00.000","Pacific","WA","Truck","0","0","0","7919","7919","0"
"2020-09-30T00:00:00.000","Santa Clara","CA","Passenger","4","2","6","234","240","2.500"
"2020-05-31T00:00:00.000","Putnam","TN","Passenger","0","1","1","2","3","33.33333333333333333333333333"
"2020-11-30T00:00:00.000","Pend Oreille","WA","Truck","0","0","0","5885","5885","0"
"2020-11-30T00:00:00.000","Larimer","CO","Passenger","0","1","1","33","34","2.941176470588235294117647059"
"2020-10-31T00:00:00.000","Norfolk City","VA","Passenger","2","1","3","346","349","0.8595988538681948424068767908"
"2020-03-31T00:00:00.000","Grays Harbor","WA","Truck","0","0","0","21269","21269","0"
"2020-10-31T00:00:00.000","Okanogan","WA","Truck","0","0","0","4001","4001","0"
"2020-11-30T00:00:00.000","Liberty","GA","Passenger","1","0","1","114","115","0.8695652173913043478260869565"
"2020-11-30T00:00:00.000","Pima","AZ","Passenger","2","1","3","271","274","1.094890510948905109489051095"
"2020-05-31T00:00:00.000","Riley","KS","Passenger","1","0","1","60","61","1.639344262295081967213114754"
"2020-11-30T00:00:00.000","Polk","FL","Passenger","1","0","1","56","57","1.754385964912280701754385965"
"2020-10-31T00:00:00.000","Pacific","WA","Passenger","42","39","81","15976","16057","0.5044528865915177181291648502"
"2020-11-30T00:00:00.000","Powhatan","VA","Passenger","1","0","1","0","1","100"
"2020-11-30T00:00:00.000","Prince William","VA","Passenger","2","2","4","215","219","1.826484018264840182648401826"
"2020-03-31T00:00:00.000","Harrison","MS","Passenger","1","0","1","62","63","1.587301587301587301587301587"
"2019-06-30T00:00:00.000","Clark","WA","Passenger","1647","966","2613","319668","322281","0.8107831364554534707289601311"
"2020-09-30T00:00:00.000","Thurston","WA","Truck","0","0","0","57124","57124","0"
"2020-09-30T00:00:00.000","Tipton","TN","Passenger","1","0","1","12","13","7.692307692307692307692307692"
"2020-05-31T00:00:00.000","San Juan","WA","Passenger","302","95","397","14430","14827","2.677547717002765225601942402"
"2020-09-30T00:00:00.000","Tulsa","OK","Passenger","0","1","1","34","35","2.857142857142857142857142857"
"2020-05-31T00:00:00.000","Shelby","OH","Passenger","0","1","1","1","2","50.0"
"2019-07-31T00:00:00.000","NULL","WA","Passenger","0","0","0","2","2","0"
"2020-05-31T00:00:00.000","Snohomish","WA","Truck","0","0","0","126811","126811","0"
"2020-11-30T00:00:00.000","San Francisco","CA","Passenger","1","1","2","81","83","2.409638554216867469879518072"
"2020-10-31T00:00:00.000","Saint Marys","MD","Passenger","1","0","1","179","180","0.5555555555555555555555555556"
"2019-07-31T00:00:00.000","Adams","WA","Truck","0","0","0","5361","5361","0"
"2019-06-30T00:00:00.000","Columbia","WA","Passenger","2","2","4","2505","2509","0.1594260661618174571542447190"
"2020-10-31T00:00:00.000","San Diego","CA","Passenger","13","7","20","2725","2745","0.7285974499089253187613843352"
"2019-07-31T00:00:00.000","Albemarle","VA","Passenger","1","0","1","28","29","3.448275862068965517241379310"
"2020-05-31T00:00:00.000","Stevens","WA","Truck","0","0","0","19216","19216","0"
"2020-11-30T00:00:00.000","Skamania","WA","Truck","0","0","0","4136","4136","0"
"2020-11-30T00:00:00.000","Spokane","WA","Passenger","905","579","1484","326322","327806","0.4527067838904718034447203529"
"2020-10-31T00:00:00.000","NULL","CA","Passenger","1","2","3","209","212","1.415094339622641509433962264"
"2020-10-31T00:00:00.000","Skagit","WA","Passenger","497","255","752","93326","94078","0.7993367205935500329513807691"
"2020-10-31T00:00:00.000","Albemarle","VA","Passenger","1","0","1","23","24","4.166666666666666666666666667"
"2020-11-30T00:00:00.000","Ozaukee","WI","Passenger","0","1","1","3","4","25.00"
"2020-05-31T00:00:00.000","Thurston","WA","Truck","0","0","0","56686","56686","0"
"2020-11-30T00:00:00.000","Pend Oreille","WA","Passenger","9","4","13","9412","9425","0.1379310344827586206896551724"
"2020-03-31T00:00:00.000","Lewis","WA","Truck","0","0","0","26800","26800","0"
"2020-05-31T00:00:00.000","Tipton","TN","Passenger","1","0","1","12","13","7.692307692307692307692307692"
"2020-10-31T00:00:00.000","Bell","TX","Passenger","0","1","1","365","366","0.2732240437158469945355191257"
"2020-10-31T00:00:00.000","Tulsa","OK","Passenger","0","1","1","35","36","2.777777777777777777777777778"
"2020-11-30T00:00:00.000","Pinellas","FL","Passenger","1","1","2","70","72","2.777777777777777777777777778"
"2020-11-30T00:00:00.000","Plaquemines","LA","Passenger","0","1","1","15","16","6.2500"
"2020-10-31T00:00:00.000","Twin Falls","ID","Passenger","0","1","1","17","18","5.555555555555555555555555556"
"2019-07-31T00:00:00.000","Benton","WA","Passenger","283","299","582","136706","137288","0.4239263446186119689994755550"
"2020-10-31T00:00:00.000","Benton","WA","Truck","0","0","0","44015","44015","0"
"2020-11-30T00:00:00.000","Vigo","IN","Passenger","1","0","1","4","5","20.0"
"2020-11-30T00:00:00.000","Wahkiakum","WA","Truck","0","0","0","1802","1802","0"
"2019-06-30T00:00:00.000","Douglas","NE","Passenger","0","1","1","59","60","1.666666666666666666666666667"
"2019-07-31T00:00:00.000","Bexar","TX","Passenger","2","6","8","615","623","1.284109149277688603531300161"
"2020-10-31T00:00:00.000","Bradley","TN","Passenger","1","1","2","0","2","100"
"2020-03-31T00:00:00.000","Maricopa","AZ","Passenger","6","5","11","1177","1188","0.9259259259259259259259259259"
"2019-06-30T00:00:00.000","Douglas","OR","Passenger","1","0","1","49","50","2.00"
"2020-11-30T00:00:00.000","Walla Walla","WA","Truck","0","0","0","14189","14189","0"
"2020-10-31T00:00:00.000","Broward","FL","Passenger","1","1","2","100","102","1.960784313725490196078431373"
"2020-05-31T00:00:00.000","Whitman","WA","Truck","0","0","0","8762","8762","0"
"2020-10-31T00:00:00.000","Bucks","PA","Passenger","1","0","1","19","20","5.00"
"2020-11-30T00:00:00.000","Washtenaw","MI","Passenger","1","0","1","22","23","4.347826086956521739130434783"
"2020-11-30T00:00:00.000","Whatcom","WA","Passenger","1280","558","1838","152582","154420","1.190260328972930967491257609"
"2020-10-31T00:00:00.000","Whitman","WA","Passenger","51","49","100","22457","22557","0.4433213636565146074389324822"
"2020-11-30T00:00:00.000","Saint Louis","MO","Passenger","1","0","1","58","59","1.694915254237288135593220339"
"2020-11-30T00:00:00.000","Whatcom","WA","Truck","3","0","3","44420","44423","0.006753258447200774373635279022"
"2020-11-30T00:00:00.000","Saint Louis City","MO","Passenger","1","0","1","22","23","4.347826086956521739130434783"
"2020-10-31T00:00:00.000","Carson City","NV","Passenger","1","0","1","10","11","9.090909090909090909090909091"
"2020-03-31T00:00:00.000","Monterey","CA","Passenger","1","0","1","195","196","0.5102040816326530612244897959"
"2020-11-30T00:00:00.000","Whitman","WA","Truck","0","0","0","8679","8679","0"
"2020-06-30T00:00:00.000","Alexandria City","VA","Passenger","4","0","4","136","140","2.857142857142857142857142857"
"2020-03-31T00:00:00.000","Montgomery","PA","Passenger","1","0","1","23","24","4.166666666666666666666666667"
"2020-11-30T00:00:00.000","Ada","ID","Passenger","0","1","1","217","218","0.4587155963302752293577981651"
"2020-03-31T00:00:00.000","Moore","NC","Passenger","0","1","1","166","167","0.5988023952095808383233532934"
"2020-11-30T00:00:00.000","Alameda","CA","Passenger","2","0","2","233","235","0.8510638297872340425531914894"
"2020-12-31T00:00:00.000","NULL","NULL","Passenger","8","5","13","1706","1719","0.7562536358347876672484002327"
"2020-11-30T00:00:00.000","Skamania","WA","Passenger","37","22","59","8524","8583","0.6874053361295584294535710125"
"2020-03-31T00:00:00.000","New Castle","DE","Passenger","1","0","1","22","23","4.347826086956521739130434783"
"2020-12-31T00:00:00.000","Adams","WA","Passenger","10","10","20","13254","13274","0.1506704836522525237306011752"
"2020-11-30T00:00:00.000","Albemarle","VA","Passenger","1","0","1","23","24","4.166666666666666666666666667"
"2020-12-31T00:00:00.000","Adams","WA","Truck","0","0","0","5491","5491","0"
"2020-10-31T00:00:00.000","Clallam","WA","Truck","1","0","1","22236","22237","0.004497009488690021135944596843"
"2020-11-30T00:00:00.000","Sumter","FL","Passenger","0","1","1","9","10","10.0"
"2020-12-31T00:00:00.000","Arlington","VA","Passenger","0","2","2","122","124","1.612903225806451612903225806"
"2019-06-30T00:00:00.000","Guadalupe","TX","Passenger","2","0","2","63","65","3.076923076923076923076923077"
"2020-06-30T00:00:00.000","Boulder","CO","Passenger","1","1","2","29","31","6.451612903225806451612903226"
"2020-11-30T00:00:00.000","Bexar","TX","Passenger","4","5","9","489","498","1.807228915662650602409638554"
"2020-06-30T00:00:00.000","Brevard","FL","Passenger","0","1","1","67","68","1.470588235294117647058823529"
"2020-12-31T00:00:00.000","Bartow","GA","Passenger","0","1","1","3","4","25.00"
"2019-07-31T00:00:00.000","Chelan","WA","Passenger","161","71","232","55597","55829","0.4155546400616167224918948933"
"2020-10-31T00:00:00.000","Cumberland","NC","Passenger","0","3","3","447","450","0.6666666666666666666666666667"
"2020-11-30T00:00:00.000","Travis","TX","Passenger","1","1","2","140","142","1.408450704225352112676056338"
"2020-11-30T00:00:00.000","Bucks","PA","Passenger","1","0","1","19","20","5.00"
"2020-11-30T00:00:00.000","Ventura","CA","Passenger","1","1","2","264","266","0.7518796992481203007518796992"
"2020-11-30T00:00:00.000","Wahkiakum","WA","Passenger","6","7","13","3102","3115","0.4173354735152487961476725522"
"2020-10-31T00:00:00.000","District Of Columbia","DC","Passenger","2","2","4","202","206","1.941747572815533980582524272"
"2020-11-30T00:00:00.000","Calvert","MD","Passenger","0","2","2","84","86","2.325581395348837209302325581"
"2019-07-31T00:00:00.000","Clallam","WA","Passenger","188","150","338","51546","51884","0.6514532418471975946341839488"
"2020-06-30T00:00:00.000","Chelan","WA","Truck","0","0","0","23111","23111","0"
"2020-03-31T00:00:00.000","Saginaw","MI","Passenger","1","0","1","10","11","9.090909090909090909090909091"
"2019-07-31T00:00:00.000","Clay","FL","Passenger","0","1","1","86","87","1.149425287356321839080459770"
"2020-06-30T00:00:00.000","Clackamas","OR","Passenger","1","0","1","165","166","0.6024096385542168674698795181"
"2020-03-31T00:00:00.000","San Juan","WA","Passenger","296","91","387","14615","15002","2.579656045860551926409812025"
"2020-06-30T00:00:00.000","Columbia","WA","Passenger","4","3","7","2486","2493","0.2807862013638186923385479342"
"2020-11-30T00:00:00.000","Yakima","WA","Truck","0","0","0","62520","62520","0"
"2020-12-31T00:00:00.000","Carroll","MD","Passenger","0","1","1","15","16","6.2500"
"2020-03-31T00:00:00.000","San Mateo","CA","Passenger","0","1","1","113","114","0.8771929824561403508771929825"
"2019-06-30T00:00:00.000","Jefferson","WA","Passenger","209","130","339","25403","25742","1.316913992696760158495843369"
"2020-10-31T00:00:00.000","Garfield","WA","Passenger","0","1","1","1369","1370","0.07299270072992700729927007299"
"2020-11-30T00:00:00.000","Clallam","WA","Passenger","278","181","459","50808","51267","0.8953127742992568318801568260"
"2020-12-31T00:00:00.000","Alexandria City","VA","Passenger","4","0","4","134","138","2.898550724637681159420289855"
"2020-10-31T00:00:00.000","Glacier","MT","Passenger","0","1","1","3","4","25.00"
"2020-06-30T00:00:00.000","Denver","CO","Passenger","1","0","1","104","105","0.9523809523809523809523809524"
"2020-12-31T00:00:00.000","Clark","NV","Passenger","3","1","4","563","567","0.7054673721340388007054673721"
"2020-06-30T00:00:00.000","Deschutes","OR","Passenger","2","0","2","110","112","1.785714285714285714285714286"
"2020-06-30T00:00:00.000","Douglas","OR","Passenger","1","0","1","40","41","2.439024390243902439024390244"
"2020-12-31T00:00:00.000","Columbia","GA","Passenger","1","0","1","132","133","0.7518796992481203007518796992"
"2020-11-30T00:00:00.000","Cowlitz","WA","Truck","0","0","0","29552","29552","0"
"2020-12-31T00:00:00.000","Contra Costa","CA","Passenger","1","0","1","156","157","0.6369426751592356687898089172"
"2019-06-30T00:00:00.000","Kittitas","WA","Passenger","85","40","125","30314","30439","0.4106573803344393705443674234"
"2020-12-31T00:00:00.000","Boulder","CO","Passenger","1","1","2","29","31","6.451612903225806451612903226"
"2020-03-31T00:00:00.000","Thurston","WA","Truck","0","0","0","56886","56886","0"
"2019-06-30T00:00:00.000","Klamath","OR","Passenger","1","0","1","26","27","3.703703703703703703703703704"
"2020-03-31T00:00:00.000","Valencia","NM","Passenger","1","0","1","3","4","25.00"
"2019-06-30T00:00:00.000","Klickitat","WA","Passenger","39","33","72","15896","15968","0.4509018036072144288577154309"
"2020-11-30T00:00:00.000","Douglas","WA","Passenger","84","44","128","28676","28804","0.4443827246215803360644354951"
"2020-11-30T00:00:00.000","El Paso","TX","Passenger","2","0","2","394","396","0.5050505050505050505050505051"
"2020-12-31T00:00:00.000","Chelan","WA","Truck","0","0","0","23279","23279","0"
"2020-06-30T00:00:00.000","Goochland","VA","Passenger","2","1","3","166","169","1.775147928994082840236686391"
"2019-07-31T00:00:00.000","Douglas","WA","Truck","0","0","0","12535","12535","0"
"2020-12-31T00:00:00.000","Dekalb","IN","Passenger","1","0","1","0","1","100"
"2020-11-30T00:00:00.000","Fairbanks North Star","AK","Passenger","0","1","1","90","91","1.098901098901098901098901099"
"2020-12-31T00:00:00.000","Clackamas","OR","Passenger","2","0","2","141","143","1.398601398601398601398601399"
"2020-06-30T00:00:00.000","Guadalupe","TX","Passenger","2","0","2","50","52","3.846153846153846153846153846"
"2020-12-31T00:00:00.000","El Dorado","CA","Passenger","1","0","1","28","29","3.448275862068965517241379310"
"2020-10-31T00:00:00.000","Kittitas","WA","Truck","0","0","0","14987","14987","0"
"2020-12-31T00:00:00.000","El Paso","CO","Passenger","1","0","1","623","624","0.1602564102564102564102564103"
"2020-11-30T00:00:00.000","Franklin","WA","Passenger","84","84","168","62389","62557","0.2685550777690746039611873971"
"2020-12-31T00:00:00.000","Columbia","WA","Passenger","5","3","8","2508","2516","0.3179650238473767885532591415"
"2020-03-31T00:00:00.000","Yakima","WA","Passenger","142","125","267","170277","170544","0.1565578384463833380242048973"
"2020-12-31T00:00:00.000","Frederick","MD","Passenger","2","1","3","74","77","3.896103896103896103896103896"
"2020-11-30T00:00:00.000","Grant","WA","Truck","0","0","0","28184","28184","0"
"2020-11-30T00:00:00.000","Grays Harbor","WA","Truck","0","0","0","21487","21487","0"
"2020-12-31T00:00:00.000","Denver","CO","Passenger","1","0","1","97","98","1.020408163265306122448979592"
"2020-12-31T00:00:00.000","Deschutes","OR","Passenger","1","0","1","94","95","1.052631578947368421052631579"
"2019-07-31T00:00:00.000","Fulton","GA","Passenger","0","2","2","97","99","2.020202020202020202020202020"
"2020-04-30T00:00:00.000","Adams","WA","Passenger","7","9","16","13108","13124","0.1219140505943309966473636087"
"2020-12-31T00:00:00.000","Douglas","OR","Passenger","1","0","1","35","36","2.777777777777777777777777778"
"2020-11-30T00:00:00.000","Howard","MD","Passenger","0","1","1","73","74","1.351351351351351351351351351"
"2019-06-30T00:00:00.000","Maui","HI","Passenger","1","0","1","44","45","2.222222222222222222222222222"
"2020-12-31T00:00:00.000","Harris","TX","Passenger","1","0","1","181","182","0.5494505494505494505494505495"
"2020-06-30T00:00:00.000","King","WA","Passenger","24739","8035","32774","1392759","1425533","2.299069891752768964310191346"
"2020-04-30T00:00:00.000","Arlington","VA","Passenger","0","2","2","131","133","1.503759398496240601503759398"
"2019-06-30T00:00:00.000","Mecklenburg","NC","Passenger","1","0","1","85","86","1.162790697674418604651162791"
"2020-12-31T00:00:00.000","Hidalgo","TX","Passenger","0","1","1","58","59","1.694915254237288135593220339"
"2020-06-30T00:00:00.000","Kitsap","WA","Passenger","1416","713","2129","183260","185389","1.148396075279547330208372665"
"2020-12-31T00:00:00.000","Honolulu","HI","Passenger","4","0","4","361","365","1.095890410958904109589041096"
"2020-11-30T00:00:00.000","King","WA","Truck","7","1","8","187842","187850","0.004258717061485227575192973117"
"2020-12-31T00:00:00.000","Goochland","VA","Passenger","3","1","4","144","148","2.702702702702702702702702703"
"2020-11-30T00:00:00.000","Kittitas","WA","Passenger","131","54","185","30404","30589","0.6047925724933799731929778679"
"2020-12-31T00:00:00.000","Guadalupe","TX","Passenger","1","0","1","43","44","2.272727272727272727272727273"
"2020-04-30T00:00:00.000","Boulder","CO","Passenger","1","1","2","34","36","5.555555555555555555555555556"
"2020-10-31T00:00:00.000","Pend Oreille","WA","Passenger","8","4","12","9434","9446","0.1270378996400592843531653610"
"2020-11-30T00:00:00.000","Lewis","WA","Truck","0","0","0","27132","27132","0"
"2020-10-31T00:00:00.000","Plaquemines","LA","Passenger","0","1","1","15","16","6.2500"
"2019-06-30T00:00:00.000","Muscogee","GA","Passenger","0","1","1","188","189","0.5291005291005291005291005291"
"2020-06-30T00:00:00.000","Lewis","WA","Passenger","114","121","235","59391","59626","0.3941233690001006272431489619"
"2020-12-31T00:00:00.000","Kings","NY","Passenger","1","0","1","51","52","1.923076923076923076923076923"
"2020-12-31T00:00:00.000","Lake","IL","Passenger","2","0","2","158","160","1.2500"
"2020-10-31T00:00:00.000","Sacramento","CA","Passenger","1","0","1","226","227","0.4405286343612334801762114537"
"2020-04-30T00:00:00.000","Clark","NV","Passenger","3","1","4","615","619","0.6462035541195476575121163166"
"2019-06-30T00:00:00.000","Okanogan","NULL","Passenger","20","18","38","20709","20747","0.1831590109413409167590495011"
"2020-10-31T00:00:00.000","Saint Louis","MO","Passenger","1","0","1","60","61","1.639344262295081967213114754"
"2020-04-30T00:00:00.000","Cochise","AZ","Passenger","0","1","1","106","107","0.9345794392523364485981308411"
"2020-10-31T00:00:00.000","Saint Louis City","MO","Passenger","1","0","1","22","23","4.347826086956521739130434783"
"2020-04-30T00:00:00.000","Columbia","WA","Truck","0","0","0","1588","1588","0"
"2020-12-31T00:00:00.000","Liberty","GA","Passenger","1","0","1","112","113","0.8849557522123893805309734513"
"2020-06-30T00:00:00.000","Maricopa","AZ","Passenger","4","5","9","1121","1130","0.7964601769911504424778761062"
"2020-12-31T00:00:00.000","Kern","CA","Passenger","1","1","2","209","211","0.9478672985781990521327014218"
"2019-06-30T00:00:00.000","Pacific","WA","Passenger","36","32","68","16239","16307","0.4169988348561967253326792175"
"2020-11-30T00:00:00.000","Montgomery","PA","Passenger","1","0","1","17","18","5.555555555555555555555555556"
"2020-06-30T00:00:00.000","Mason","WA","Truck","0","0","0","21195","21195","0"
"2019-07-31T00:00:00.000","Island","WA","Truck","0","0","0","21845","21845","0"
"2020-12-31T00:00:00.000","King","WA","Passenger","27651","8431","36082","1390576","1426658","2.529127513391436490034752548"
"2020-12-31T00:00:00.000","Kitsap","WA","Passenger","1638","775","2413","183233","185646","1.299785613479417816704911498"
"2019-06-30T00:00:00.000","Pend Oreille","WA","Truck","0","0","0","5983","5983","0"
"2020-10-31T00:00:00.000","Snohomish","WA","Passenger","5025","1926","6951","546845","553796","1.255155327954698119885300724"
"2020-04-30T00:00:00.000","Deschutes","OR","Passenger","2","0","2","115","117","1.709401709401709401709401709"
"2020-11-30T00:00:00.000","Nassau","NY","Passenger","2","0","2","22","24","8.333333333333333333333333333"
"2019-07-31T00:00:00.000","Jefferson","CO","Passenger","0","2","2","60","62","3.225806451612903225806451613"
"2020-10-31T00:00:00.000","Spartanburg","SC","Passenger","0","1","1","36","37","2.702702702702702702702702703"
"2020-10-31T00:00:00.000","Stafford","VA","Passenger","1","0","1","85","86","1.162790697674418604651162791"
"2020-10-31T00:00:00.000","Stevens","WA","Passenger","39","40","79","31119","31198","0.2532213603436117699852554651"
"2020-10-31T00:00:00.000","Sumter","FL","Passenger","0","1","1","9","10","10.0"
"2020-12-31T00:00:00.000","Leavenworth","KS","Passenger","0","1","1","117","118","0.8474576271186440677966101695"
"2020-12-31T00:00:00.000","Lewis","WA","Passenger","136","127","263","59871","60134","0.4373565703262713273688761765"
"2019-07-31T00:00:00.000","Kent","MI","Passenger","0","1","1","20","21","4.761904761904761904761904762"
"2020-06-30T00:00:00.000","Norfolk City","VA","Passenger","2","1","3","354","357","0.8403361344537815126050420168"
"2020-10-31T00:00:00.000","Travis","TX","Passenger","1","2","3","140","143","2.097902097902097902097902098"
"2020-12-31T00:00:00.000","Okanogan","WA","Passenger","9","6","15","5873","5888","0.2547554347826086956521739130"
"2020-06-30T00:00:00.000","Oldham","KY","Passenger","0","1","1","4","5","20.0"
"2019-06-30T00:00:00.000","Ramsey","MN","Passenger","1","0","1","38","39","2.564102564102564102564102564"
"2020-12-31T00:00:00.000","Okanogan","WA","Truck","0","0","0","3980","3980","0"
"2020-06-30T00:00:00.000","Orange","CA","Passenger","5","1","6","478","484","1.239669421487603305785123967"
"2020-11-30T00:00:00.000","Sacramento","CA","Passenger","2","0","2","223","225","0.8888888888888888888888888889"
"2020-12-31T00:00:00.000","Orange","FL","Passenger","1","0","1","101","102","0.9803921568627450980392156863"
"2019-07-31T00:00:00.000","Klickitat","WA","Passenger","40","34","74","15907","15981","0.4630498717226706714223139979"
"2020-11-30T00:00:00.000","Saint Clair","IL","Passenger","1","0","1","135","136","0.7352941176470588235294117647"
"2020-12-31T00:00:00.000","Ozaukee","WI","Passenger","0","1","1","3","4","25.00"
"2020-10-31T00:00:00.000","Wahkiakum","WA","Passenger","6","7","13","3102","3115","0.4173354735152487961476725522"
"2020-06-30T00:00:00.000","Pacific","WA","Passenger","42","38","80","16035","16115","0.4964318957493018926466025442"
"2020-04-30T00:00:00.000","Hennepin","MN","Passenger","2","0","2","81","83","2.409638554216867469879518072"
"2020-12-31T00:00:00.000","Manassas City","VA","Passenger","0","1","1","5","6","16.66666666666666666666666667"
"2020-06-30T00:00:00.000","Pierce","WA","Passenger","2621","1818","4439","560029","564468","0.7864041894314646711593925608"
"2020-10-31T00:00:00.000","Yakima","WA","Truck","0","0","0","62490","62490","0"
"2020-12-31T00:00:00.000","Pierce","WA","Truck","0","0","0","147705","147705","0"
"2020-04-30T00:00:00.000","Hidalgo","TX","Passenger","0","1","1","70","71","1.408450704225352112676056338"
"2020-12-31T00:00:00.000","Mason","WA","Truck","0","0","0","21423","21423","0"
"2020-06-30T00:00:00.000","Placer","CA","Passenger","1","0","1","79","80","1.2500"
"2020-11-30T00:00:00.000","NULL","NULL","Passenger","8","5","13","1735","1748","0.7437070938215102974828375286"
"2020-11-30T00:00:00.000","Spokane","WA","Truck","0","0","0","102477","102477","0"
"2020-11-30T00:00:00.000","Adams","WA","Truck","0","0","0","5487","5487","0"
"2020-11-30T00:00:00.000","Stafford","VA","Passenger","1","0","1","84","85","1.176470588235294117647058824"
"2019-06-30T00:00:00.000","Shelby","OH","Passenger","0","1","1","1","2","50.0"
"2020-11-30T00:00:00.000","Anne Arundel","MD","Passenger","1","3","4","387","391","1.023017902813299232736572890"
"2020-11-30T00:00:00.000","Thurston","WA","Passenger","1385","814","2199","200556","202755","1.084560183472664052674410002"
"2020-04-30T00:00:00.000","Jones","GA","Passenger","1","0","1","1","2","50.0"
"2019-06-30T00:00:00.000","Skagit","WA","Passenger","334","221","555","93711","94266","0.5887594678887403729870791165"
"2020-11-30T00:00:00.000","Asotin","WA","Passenger","18","15","33","12695","12728","0.2592708988057825267127592709"
"2019-07-31T00:00:00.000","Mason","WA","Passenger","150","130","280","48317","48597","0.5761672531226207379056320349"
"2019-06-30T00:00:00.000","Skagit","WA","Truck","1","0","1","33394","33395","0.002994460248540200628836652193"
"2020-11-30T00:00:00.000","Asotin","WA","Truck","0","0","0","6828","6828","0"
"2019-06-30T00:00:00.000","Skamania","WA","Truck","0","0","0","4235","4235","0"
"2020-12-31T00:00:00.000","Saint Marys","MD","Passenger","1","0","1","171","172","0.5813953488372093023255813953"
"2020-11-30T00:00:00.000","Walla Walla","WA","Passenger","99","70","169","36849","37018","0.4565346588146307201901777514"
"2020-12-31T00:00:00.000","San Diego","CA","Passenger","13","7","20","2693","2713","0.7371913011426465167711021010"
"2020-12-31T00:00:00.000","San Juan","WA","Truck","0","0","0","6025","6025","0"
"2019-06-30T00:00:00.000","Snohomish","WA","Truck","0","0","0","126151","126151","0"
"2020-12-31T00:00:00.000","Norfolk City","VA","Passenger","2","1","3","338","341","0.8797653958944281524926686217"
"2020-12-31T00:00:00.000","Oldham","KY","Passenger","0","1","1","4","5","20.0"
"2020-12-31T00:00:00.000","Santa Clara","CA","Passenger","5","2","7","222","229","3.056768558951965065502183406"
"2020-06-30T00:00:00.000","Sarasota","FL","Passenger","1","0","1","20","21","4.761904761904761904761904762"
"2020-12-31T00:00:00.000","Orange","CA","Passenger","3","2","5","430","435","1.149425287356321839080459770"
"2020-12-31T00:00:00.000","Sarpy","NE","Passenger","1","0","1","63","64","1.562500"
"2020-11-30T00:00:00.000","Broward","FL","Passenger","1","1","2","99","101","1.980198019801980198019801980"
"2020-11-30T00:00:00.000","Williamson","TX","Passenger","1","0","1","92","93","1.075268817204301075268817204"
"2019-06-30T00:00:00.000","Stevens","WA","Truck","0","0","0","19390","19390","0"
"2019-07-31T00:00:00.000","Montgomery","AL","Passenger","0","2","2","39","41","4.878048780487804878048780488"
"2020-06-30T00:00:00.000","Skamania","WA","Truck","0","0","0","4167","4167","0"
"2020-11-30T00:00:00.000","Caddo","LA","Passenger","1","0","1","10","11","9.090909090909090909090909091"
"2020-12-31T00:00:00.000","Pacific","WA","Passenger","42","40","82","15969","16051","0.5108715967852470251074699396"
"2020-12-31T00:00:00.000","NULL","WA","Passenger","0","0","0","2","2","0"
"2020-06-30T00:00:00.000","Suffolk City","VA","Passenger","1","0","1","123","124","0.8064516129032258064516129032"
"2020-12-31T00:00:00.000","Philadelphia","PA","Passenger","1","0","1","57","58","1.724137931034482758620689655"
"2019-06-30T00:00:00.000","Tarrant","TX","Passenger","2","0","2","180","182","1.098901098901098901098901099"
"2020-12-31T00:00:00.000","Pierce","WA","Passenger","3076","1885","4961","565031","569992","0.8703630928153377591264438799"
"2020-12-31T00:00:00.000","Albemarle","VA","Passenger","1","0","1","23","24","4.166666666666666666666666667"
"2020-04-30T00:00:00.000","Manassas City","VA","Passenger","0","1","1","5","6","16.66666666666666666666666667"
"2020-06-30T00:00:00.000","Twin Falls","ID","Passenger","0","1","1","19","20","5.00"
"2020-12-31T00:00:00.000","Tipton","TN","Passenger","1","0","1","12","13","7.692307692307692307692307692"
"2020-12-31T00:00:00.000","Placer","CA","Passenger","1","0","1","72","73","1.369863013698630136986301370"
"2020-12-31T00:00:00.000","Tulsa","OK","Passenger","0","1","1","34","35","2.857142857142857142857142857"
"2020-06-30T00:00:00.000","Wahkiakum","WA","Truck","0","0","0","1781","1781","0"
"2019-06-30T00:00:00.000","Twin Falls","ID","Passenger","0","1","1","21","22","4.545454545454545454545454545"
"2020-11-30T00:00:00.000","Cook","IL","Passenger","1","0","1","170","171","0.5847953216374269005847953216"
"2020-12-31T00:00:00.000","Benton","WA","Passenger","454","366","820","137542","138362","0.5926482704788887122186727570"
"2020-12-31T00:00:00.000","Putnam","TN","Passenger","0","1","1","1","2","50.0"
"2019-06-30T00:00:00.000","Wahkiakum","WA","Truck","0","0","0","1804","1804","0"
"2020-04-30T00:00:00.000","Multnomah","OR","Passenger","4","7","11","675","686","1.603498542274052478134110787"
"2020-06-30T00:00:00.000","Whatcom","WA","Truck","3","0","3","44101","44104","0.006802104117540359151097406131"
"2021-01-31T00:00:00.000","NULL","CA","Passenger","1","3","4","204","208","1.923076923076923076923076923"
"2019-07-31T00:00:00.000","Osceola","FL","Passenger","1","0","1","37","38","2.631578947368421052631578947"
"2020-07-31T00:00:00.000","NULL","NULL","Passenger","8","5","13","1818","1831","0.7099945385035499726925177499"
"2020-04-30T00:00:00.000","Okanogan","WA","Passenger","4","8","12","6006","6018","0.1994017946161515453639082752"
"2020-12-31T00:00:00.000","Clallam","WA","Passenger","287","190","477","50830","51307","0.9296977020679439452706258405"
"2020-12-31T00:00:00.000","Sarasota","FL","Passenger","1","0","1","19","20","5.00"
"2020-11-30T00:00:00.000","El Dorado","CA","Passenger","1","0","1","28","29","3.448275862068965517241379310"
"2020-04-30T00:00:00.000","Oldham","KY","Passenger","0","1","1","3","4","25.00"
"2021-01-31T00:00:00.000","Bell","TX","Passenger","0","1","1","347","348","0.2873563218390804597701149425"
"2019-06-30T00:00:00.000","Washoe","NV","Passenger","2","0","2","94","96","2.083333333333333333333333333"
"2020-07-31T00:00:00.000","Anne Arundel","MD","Passenger","0","3","3","405","408","0.7352941176470588235294117647"
"2019-06-30T00:00:00.000","Washtenaw","MI","Passenger","1","0","1","33","34","2.941176470588235294117647059"
"2020-07-31T00:00:00.000","Asotin","WA","Passenger","17","13","30","12702","12732","0.2356267672007540056550424128"
"2020-12-31T00:00:00.000","Skamania","WA","Truck","0","0","0","4128","4128","0"
"2020-12-31T00:00:00.000","Columbia","WA","Truck","0","0","0","1574","1574","0"
"2021-01-31T00:00:00.000","Bradley","TN","Passenger","1","1","2","0","2","100"
"2020-11-30T00:00:00.000","Franklin","WA","Truck","0","0","0","20890","20890","0"
"2019-06-30T00:00:00.000","Whatcom","WA","Truck","2","0","2","43959","43961","0.004549487045335638406769636723"
"2020-12-31T00:00:00.000","Suffolk City","VA","Passenger","1","0","1","119","120","0.8333333333333333333333333333"
"2019-07-31T00:00:00.000","Pima","AZ","Passenger","0","1","1","357","358","0.2793296089385474860335195531"
"2020-11-30T00:00:00.000","Frederick","MD","Passenger","2","1","3","75","78","3.846153846153846153846153846"
"2021-01-31T00:00:00.000","Broward","FL","Passenger","1","1","2","94","96","2.083333333333333333333333333"
"2019-06-30T00:00:00.000","Whitman","WA","Truck","0","0","0","8833","8833","0"
"2021-01-31T00:00:00.000","Bryan","GA","Passenger","1","0","1","57","58","1.724137931034482758620689655"
"2020-04-30T00:00:00.000","Pierce","WA","Passenger","2586","1801","4387","559257","563644","0.7783281645861572198054090880"
"2020-12-31T00:00:00.000","Twin Falls","ID","Passenger","0","1","1","17","18","5.555555555555555555555555556"
"2019-07-31T00:00:00.000","Polk","FL","Passenger","1","0","1","68","69","1.449275362318840579710144928"
"2021-01-31T00:00:00.000","Carson City","NV","Passenger","1","0","1","11","12","8.333333333333333333333333333"
"2020-04-30T00:00:00.000","Pierce","WA","Truck","0","0","0","145029","145029","0"
"2020-11-30T00:00:00.000","Garfield","WA","Passenger","0","1","1","1380","1381","0.07241129616220130340333091962"
"2020-04-30T00:00:00.000","Pinellas","FL","Passenger","1","1","2","84","86","2.325581395348837209302325581"
"2019-07-31T00:00:00.000","Prince William","VA","Passenger","1","3","4","246","250","1.600"
"2019-07-31T00:00:00.000","NULL","NULL","Passenger","9","6","15","2025","2040","0.7352941176470588235294117647"
"2020-07-31T00:00:00.000","Calvert","MD","Passenger","0","2","2","87","89","2.247191011235955056179775281"
"2019-07-31T00:00:00.000","Adams","WA","Passenger","5","6","11","13201","13212","0.08325764456554647290342113230"
"2020-04-30T00:00:00.000","Putnam","TN","Passenger","0","1","1","2","3","33.33333333333333333333333333"
"2020-11-30T00:00:00.000","Harris","TX","Passenger","1","0","1","181","182","0.5494505494505494505494505495"
"2021-01-31T00:00:00.000","Clackamas","OR","Passenger","2","0","2","138","140","1.428571428571428571428571429"
"2020-12-31T00:00:00.000","Whatcom","WA","Truck","3","0","3","44448","44451","0.006749004521833029628129850847"
"2020-07-31T00:00:00.000","Charleston","SC","Passenger","1","0","1","94","95","1.052631578947368421052631579"
"2019-07-31T00:00:00.000","Anne Arundel","MD","Passenger","1","3","4","438","442","0.9049773755656108597285067873"
"2020-04-30T00:00:00.000","Riverside","CA","Passenger","2","1","3","584","587","0.5110732538330494037478705281"
"2020-11-30T00:00:00.000","Honolulu","HI","Passenger","4","0","4","374","378","1.058201058201058201058201058"
"2020-12-31T00:00:00.000","Greene","MO","Passenger","0","1","1","21","22","4.545454545454545454545454545"
"2019-07-31T00:00:00.000","Arlington","VA","Passenger","0","2","2","147","149","1.342281879194630872483221477"
"2021-01-31T00:00:00.000","Cumberland","NC","Passenger","0","2","2","435","437","0.4576659038901601830663615561"
"2021-01-31T00:00:00.000","NULL","NULL","Passenger","8","5","13","1682","1695","0.7669616519174041297935103245"
"2019-07-31T00:00:00.000","Asotin","WA","Passenger","13","9","22","12969","12991","0.1693480101608806096528365792"
"2020-07-31T00:00:00.000","Clark","WA","Truck","0","0","0","84344","84344","0"
"2020-04-30T00:00:00.000","San Juan","WA","Truck","0","0","0","6067","6067","0"
"2019-07-31T00:00:00.000","Saint Clair","IL","Passenger","0","1","1","156","157","0.6369426751592356687898089172"
"2021-01-31T00:00:00.000","District Of Columbia","DC","Passenger","2","2","4","203","207","1.932367149758454106280193237"
"2021-01-31T00:00:00.000","Anne Arundel","MD","Passenger","3","3","6","381","387","1.550387596899224806201550388"
"2021-01-31T00:00:00.000","Asotin","WA","Passenger","17","14","31","12702","12733","0.2434618707296002513154794628"
"2020-07-31T00:00:00.000","Contra Costa","CA","Passenger","2","0","2","177","179","1.117318435754189944134078212"
"2020-11-30T00:00:00.000","Kings","NY","Passenger","1","0","1","53","54","1.851851851851851851851851852"
"2021-01-31T00:00:00.000","Duval","FL","Passenger","0","1","1","307","308","0.3246753246753246753246753247"
"2021-01-31T00:00:00.000","Ferry","WA","Truck","0","0","0","3689","3689","0"
"2020-07-31T00:00:00.000","Douglas","WA","Passenger","76","42","118","28607","28725","0.4107919930374238468233246301"
"2021-01-31T00:00:00.000","Flathead","MT","Passenger","1","0","1","39","40","2.500"
"2020-07-31T00:00:00.000","Dupage","IL","Passenger","2","0","2","45","47","4.255319148936170212765957447"
"2020-12-31T00:00:00.000","Jones","GA","Passenger","1","0","1","1","2","50.0"
"2021-01-31T00:00:00.000","Garfield","WA","Passenger","0","2","2","1375","1377","0.1452432824981844589687726943"
"2021-01-31T00:00:00.000","Garfield","WA","Truck","0","0","0","1029","1029","0"
"2021-01-31T00:00:00.000","Calvert","MD","Passenger","0","2","2","84","86","2.325581395348837209302325581"
"2020-07-31T00:00:00.000","Fairfax","VA","Passenger","5","5","10","698","708","1.412429378531073446327683616"
"2021-01-31T00:00:00.000","Goochland","VA","Passenger","3","1","4","138","142","2.816901408450704225352112676"
"2021-01-31T00:00:00.000","Charleston","SC","Passenger","1","0","1","79","80","1.2500"
"2020-11-30T00:00:00.000","Mason","WA","Passenger","203","145","348","48441","48789","0.7132755334194183115046424399"
"2019-07-31T00:00:00.000","Tarrant","TX","Passenger","2","0","2","179","181","1.104972375690607734806629834"
"2019-07-31T00:00:00.000","Thurston","WA","Passenger","993","698","1691","201218","202909","0.8333785095781852948858848055"
"2020-04-30T00:00:00.000","Westchester","NY","Passenger","0","1","1","24","25","4.00"
"2020-11-30T00:00:00.000","Missoula","MT","Passenger","1","0","1","46","47","2.127659574468085106382978723"
"2021-01-31T00:00:00.000","Clark","WA","Truck","0","0","0","85166","85166","0"
"2020-07-31T00:00:00.000","Guilford","NC","Passenger","1","0","1","23","24","4.166666666666666666666666667"
"2020-12-31T00:00:00.000","Los Angeles","CA","Passenger","7","8","15","864","879","1.706484641638225255972696246"
"2020-11-30T00:00:00.000","Monterey","CA","Passenger","1","0","1","165","166","0.6024096385542168674698795181"
"2020-11-30T00:00:00.000","Montgomery","AL","Passenger","0","2","2","33","35","5.714285714285714285714285714"
"2020-07-31T00:00:00.000","Harris","TX","Passenger","1","0","1","190","191","0.5235602094240837696335078534"
"2021-01-31T00:00:00.000","Contra Costa","CA","Passenger","1","0","1","155","156","0.6410256410256410256410256410"
"2019-07-31T00:00:00.000","Vigo","IN","Passenger","1","0","1","4","5","20.0"
"2020-12-31T00:00:00.000","Mason","WA","Passenger","207","143","350","48571","48921","0.7154391774493571267962633634"
"2019-07-31T00:00:00.000","Contra Costa","CA","Passenger","1","0","1","203","204","0.4901960784313725490196078431"
"2020-11-30T00:00:00.000","Moore","NC","Passenger","0","1","1","151","152","0.6578947368421052631578947368"
"2020-07-31T00:00:00.000","Honolulu","HI","Passenger","3","0","3","392","395","0.7594936708860759493670886076"
"2019-07-31T00:00:00.000","Walla Walla","WA","Truck","0","0","0","14048","14048","0"
"2020-05-31T00:00:00.000","Asotin","WA","Truck","0","0","0","6786","6786","0"
"2021-01-31T00:00:00.000","Douglas","WA","Passenger","86","46","132","28703","28835","0.4577770071094156407144095717"
"2021-01-31T00:00:00.000","Kitsap","WA","Passenger","1692","782","2474","182603","185077","1.336740924047828741550813986"
"2020-07-31T00:00:00.000","Island","WA","Passenger","449","291","740","64120","64860","1.140918902251002158495220475"
"2021-01-31T00:00:00.000","Kittitas","WA","Truck","0","0","0","15000","15000","0"
"2020-11-30T00:00:00.000","Okanogan","WA","Truck","0","0","0","3988","3988","0"
"2021-01-31T00:00:00.000","Dupage","IL","Passenger","1","0","1","40","41","2.439024390243902439024390244"
"2020-12-31T00:00:00.000","Montgomery","AL","Passenger","0","1","1","33","34","2.941176470588235294117647059"
"2020-12-31T00:00:00.000","Multnomah","OR","Passenger","3","6","9","618","627","1.435406698564593301435406699"
"2020-07-31T00:00:00.000","Jefferson","WA","Truck","0","0","0","9756","9756","0"
"2021-01-31T00:00:00.000","Fairfax","VA","Passenger","5","5","10","646","656","1.524390243902439024390243902"
"2020-05-31T00:00:00.000","Broward","FL","Passenger","1","1","2","105","107","1.869158878504672897196261682"
"2020-05-31T00:00:00.000","Caddo","LA","Passenger","1","0","1","12","13","7.692307692307692307692307692"
"2019-08-31T00:00:00.000","Adams","WA","Truck","0","0","0","5366","5366","0"
"2020-12-31T00:00:00.000","Okanogan","NULL","Passenger","47","31","78","20753","20831","0.3744419374969996639623637847"
"2020-07-31T00:00:00.000","Kings","NY","Passenger","1","0","1","57","58","1.724137931034482758620689655"
"2020-07-31T00:00:00.000","Kitsap","WA","Truck","0","0","0","55312","55312","0"
"2020-05-31T00:00:00.000","Cascade","MT","Passenger","0","1","1","55","56","1.785714285714285714285714286"
"2021-01-31T00:00:00.000","Grant","WA","Passenger","90","90","180","67474","67654","0.2660596564874212906849558045"
"2019-08-31T00:00:00.000","Allegheny","PA","Passenger","1","0","1","71","72","1.388888888888888888888888889"
"2021-01-31T00:00:00.000","Harris","TX","Passenger","1","0","1","176","177","0.5649717514124293785310734463"
"2019-08-31T00:00:00.000","Arlington","VA","Passenger","0","2","2","145","147","1.360544217687074829931972789"
"2020-05-31T00:00:00.000","Chaves","NM","Passenger","1","0","1","9","10","10.0"
"2021-01-31T00:00:00.000","Monroe","IL","Passenger","1","0","1","2","3","33.33333333333333333333333333"
"2021-01-31T00:00:00.000","Honolulu","HI","Passenger","4","0","4","355","359","1.114206128133704735376044568"
"2020-07-31T00:00:00.000","Lewis","WA","Truck","0","0","0","26975","26975","0"
"2020-05-31T00:00:00.000","Cook","IL","Passenger","1","0","1","198","199","0.5025125628140703517587939698"
"2021-01-31T00:00:00.000","Howard","IN","Passenger","0","1","1","2","3","33.33333333333333333333333333"
"2020-07-31T00:00:00.000","Lincoln","WA","Truck","0","0","0","4778","4778","0"
"2021-01-31T00:00:00.000","Island","WA","Passenger","549","312","861","64162","65023","1.324146840348799655506513080"
"2020-05-31T00:00:00.000","Cumberland","NC","Passenger","0","3","3","475","478","0.6276150627615062761506276151"
"2020-12-31T00:00:00.000","Ramsey","MN","Passenger","1","0","1","28","29","3.448275862068965517241379310"
"2020-11-30T00:00:00.000","Sarpy","NE","Passenger","1","0","1","65","66","1.515151515151515151515151515"
"2019-07-31T00:00:00.000","Franklin","WA","Passenger","59","76","135","61404","61539","0.2193730804855457514746745966"
"2019-07-31T00:00:00.000","Frederick","MD","Passenger","2","1","3","85","88","3.409090909090909090909090909"
"2021-01-31T00:00:00.000","Jefferson","WA","Truck","0","0","0","9789","9789","0"
"2020-12-31T00:00:00.000","Riverside","CA","Passenger","3","1","4","535","539","0.7421150278293135435992578850"
"2020-05-31T00:00:00.000","Denton","TX","Passenger","1","0","1","61","62","1.612903225806451612903225806"
"2020-05-31T00:00:00.000","Duval","FL","Passenger","0","1","1","331","332","0.3012048192771084337349397590"
"2020-11-30T00:00:00.000","Spartanburg","SC","Passenger","0","1","1","36","37","2.702702702702702702702702703"
"2021-01-31T00:00:00.000","Platte","MO","Passenger","1","0","1","20","21","4.761904761904761904761904762"
"2021-01-31T00:00:00.000","Kings","NY","Passenger","1","0","1","51","52","1.923076923076923076923076923"
"2021-01-31T00:00:00.000","Kitsap","WA","Truck","0","0","0","55295","55295","0"
"2020-12-31T00:00:00.000","San Bernardino","CA","Passenger","0","1","1","398","399","0.2506265664160401002506265664"
"2019-08-31T00:00:00.000","Boone","MO","Passenger","0","1","1","7","8","12.500"
"2020-07-31T00:00:00.000","Montgomery","MD","Passenger","0","4","4","229","233","1.716738197424892703862660944"
"2020-05-31T00:00:00.000","Ferry","WA","Passenger","5","3","8","4492","4500","0.1777777777777777777777777778"
"2020-12-31T00:00:00.000","Santa Cruz","CA","Passenger","1","0","1","27","28","3.571428571428571428571428571"
"2020-05-31T00:00:00.000","Ferry","WA","Truck","0","0","0","3679","3679","0"
"2020-07-31T00:00:00.000","Nassau","NY","Passenger","2","0","2","23","25","8.00"
"2021-01-31T00:00:00.000","Saint Louis","MO","Passenger","1","0","1","58","59","1.694915254237288135593220339"
"2020-05-31T00:00:00.000","Franklin","WA","Truck","0","0","0","20469","20469","0"
"2020-11-30T00:00:00.000","Utah","UT","Passenger","0","1","1","102","103","0.9708737864077669902912621359"
"2021-01-31T00:00:00.000","Saint Louis City","MO","Passenger","1","0","1","21","22","4.545454545454545454545454545"
"2021-01-31T00:00:00.000","Lewis","WA","Truck","0","0","0","27222","27222","0"
"2020-07-31T00:00:00.000","Okanogan","WA","Truck","0","0","0","4036","4036","0"
"2020-12-31T00:00:00.000","Skagit","WA","Truck","1","0","1","33508","33509","0.002984272881912322062729415978"
"2020-05-31T00:00:00.000","Garfield","WA","Passenger","0","1","1","1366","1367","0.07315288953913679590343818581"
"2021-01-31T00:00:00.000","Lincoln","WA","Truck","0","0","0","4793","4793","0"
"2020-12-31T00:00:00.000","Stafford","VA","Passenger","2","0","2","83","85","2.352941176470588235294117647"
"2020-07-31T00:00:00.000","Powhatan","VA","Passenger","1","0","1","0","1","100"
"2021-01-31T00:00:00.000","Santa Barbara","CA","Passenger","1","0","1","76","77","1.298701298701298701298701299"
"2019-07-31T00:00:00.000","Harris","TX","Passenger","1","1","2","225","227","0.8810572687224669603524229075"
"2020-05-31T00:00:00.000","Harrison","MS","Passenger","1","0","1","60","61","1.639344262295081967213114754"
"2019-07-31T00:00:00.000","Hidalgo","TX","Passenger","0","1","1","87","88","1.136363636363636363636363636"
"2021-01-31T00:00:00.000","Snohomish","WA","Passenger","5379","1972","7351","546588","553939","1.327041425138869081252628900"
"2021-01-31T00:00:00.000","Stevens","WA","Passenger","40","39","79","30989","31068","0.2542809321488348139564825544"
"2019-08-31T00:00:00.000","Cochise","AZ","Passenger","0","1","1","115","116","0.8620689655172413793103448276"
"2021-01-31T00:00:00.000","Montgomery","MD","Passenger","2","4","6","215","221","2.714932126696832579185520362"
"2021-01-31T00:00:00.000","Sumter","FL","Passenger","0","1","1","9","10","10.0"
"2020-07-31T00:00:00.000","Saint Marys","MD","Passenger","1","0","1","189","190","0.5263157894736842105263157895"
"2020-07-31T00:00:00.000","San Francisco","CA","Passenger","2","1","3","84","87","3.448275862068965517241379310"
"2021-01-31T00:00:00.000","Nassau","NY","Passenger","2","0","2","21","23","8.695652173913043478260869565"
"2021-01-31T00:00:00.000","Travis","TX","Passenger","1","0","1","131","132","0.7575757575757575757575757576"
"2020-07-31T00:00:00.000","Santa Clara","CA","Passenger","4","2","6","245","251","2.390438247011952191235059761"
"2020-12-31T00:00:00.000","Washoe","NV","Passenger","1","0","1","69","70","1.428571428571428571428571429"
"2021-01-31T00:00:00.000","Okanogan","WA","Truck","0","0","0","3977","3977","0"
"2020-12-31T00:00:00.000","Westchester","NY","Passenger","0","1","1","19","20","5.00"
"2020-12-31T00:00:00.000","Wichita","TX","Passenger","1","0","1","40","41","2.439024390243902439024390244"
"2020-12-31T00:00:00.000","Anchorage","AK","Passenger","1","0","1","136","137","0.7299270072992700729927007299"
"2020-12-31T00:00:00.000","Williams","ND","Passenger","0","1","1","12","13","7.692307692307692307692307692"
"2019-07-31T00:00:00.000","King","WA","Truck","6","1","7","186932","186939","0.003744536988001433622732549120"
"2021-01-31T00:00:00.000","Powhatan","VA","Passenger","1","0","1","1","2","50.0"
"2020-07-31T00:00:00.000","Spokane","WA","Passenger","799","526","1325","322918","324243","0.4086441341833131324346246488"
"2021-01-31T00:00:00.000","Yakima","WA","Truck","0","0","0","62691","62691","0"
"2021-01-31T00:00:00.000","Allegheny","PA","Passenger","1","0","1","54","55","1.818181818181818181818181818"
"2019-08-31T00:00:00.000","Dekalb","GA","Passenger","1","0","1","72","73","1.369863013698630136986301370"
"2020-07-31T00:00:00.000","Tulsa","OK","Passenger","0","1","1","35","36","2.777777777777777777777777778"
"2019-07-31T00:00:00.000","Larimer","CO","Passenger","0","1","1","46","47","2.127659574468085106382978723"
"2021-01-31T00:00:00.000","Asotin","WA","Truck","0","0","0","6837","6837","0"
"2020-12-31T00:00:00.000","Bryan","GA","Passenger","1","0","1","56","57","1.754385964912280701754385965"
"2020-12-31T00:00:00.000","Bucks","PA","Passenger","1","0","1","19","20","5.00"
"2020-07-31T00:00:00.000","Utah","UT","Passenger","0","1","1","105","106","0.9433962264150943396226415094"
"2021-01-31T00:00:00.000","Saint Marys","MD","Passenger","1","0","1","173","174","0.5747126436781609195402298851"
"2021-02-28T00:00:00.000","Anne Arundel","MD","Passenger","2","3","5","377","382","1.308900523560209424083769634"
"2020-12-31T00:00:00.000","Camden","GA","Passenger","1","1","2","132","134","1.492537313432835820895522388"
"2021-01-31T00:00:00.000","San Francisco","CA","Passenger","1","1","2","81","83","2.409638554216867469879518072"
"2021-02-28T00:00:00.000","Asotin","WA","Passenger","18","15","33","12730","12763","0.2585598997100995063856460080"
"2020-07-31T00:00:00.000","Walla Walla","WA","Passenger","80","66","146","36729","36875","0.3959322033898305084745762712"
"2020-05-31T00:00:00.000","Maricopa","AZ","Passenger","4","5","9","1137","1146","0.7853403141361256544502617801"
"2019-08-31T00:00:00.000","El Paso","CO","Passenger","1","1","2","708","710","0.2816901408450704225352112676"
"2019-07-31T00:00:00.000","Lewis","WA","Truck","0","0","0","26773","26773","0"
"2021-01-31T00:00:00.000","Boone","MO","Passenger","0","1","1","7","8","12.500"
"2019-07-31T00:00:00.000","Liberty","GA","Passenger","1","0","1","133","134","0.7462686567164179104477611940"
"2021-01-31T00:00:00.000","Caddo","LA","Passenger","1","0","1","9","10","10.0"
"2020-07-31T00:00:00.000","Whitman","WA","Passenger","47","52","99","22592","22691","0.4362963289409898197523247102"
"2020-12-31T00:00:00.000","Chesapeake City","VA","Passenger","0","3","3","384","387","0.7751937984496124031007751938"
"2020-05-31T00:00:00.000","Monroe","IL","Passenger","1","0","1","3","4","25.00"
"2021-01-31T00:00:00.000","Spokane","WA","Passenger","958","589","1547","326627","328174","0.4713962714901241414615417431"
"2020-07-31T00:00:00.000","Williamson","TX","Passenger","1","0","1","101","102","0.9803921568627450980392156863"
"2020-12-31T00:00:00.000","Clark","WA","Passenger","2492","1230","3722","325300","329022","1.131231346232166845985982700"
"2021-01-31T00:00:00.000","Cascade","MT","Passenger","0","1","1","55","56","1.785714285714285714285714286"
"2020-05-31T00:00:00.000","Moore","NC","Passenger","0","1","1","162","163","0.6134969325153374233128834356"
"2021-02-28T00:00:00.000","Caddo","LA","Passenger","1","0","1","9","10","10.0"
"2021-01-31T00:00:00.000","Chaves","NM","Passenger","1","0","1","9","10","10.0"
"2020-05-31T00:00:00.000","Nueces","TX","Passenger","1","0","1","78","79","1.265822784810126582278481013"
"2019-08-31T00:00:00.000","Frederick","MD","Passenger","2","1","3","84","87","3.448275862068965517241379310"
"2021-01-31T00:00:00.000","Tulsa","OK","Passenger","0","1","1","32","33","3.030303030303030303030303030"
"2020-08-31T00:00:00.000","Ada","ID","Passenger","0","1","1","228","229","0.4366812227074235807860262009"
"2021-01-31T00:00:00.000","Cook","IL","Passenger","1","0","1","171","172","0.5813953488372093023255813953"
"2021-01-31T00:00:00.000","Utah","UT","Passenger","0","1","1","99","100","1.00"
"2020-08-31T00:00:00.000","Alameda","CA","Passenger","1","0","1","244","245","0.4081632653061224489795918367"
"2021-01-31T00:00:00.000","Davidson","TN","Passenger","1","0","1","43","44","2.272727272727272727272727273"
"2021-01-31T00:00:00.000","Dekalb","GA","Passenger","1","0","1","58","59","1.694915254237288135593220339"
"2021-02-28T00:00:00.000","Chaves","NM","Passenger","1","0","1","8","9","11.11111111111111111111111111"
"2020-12-31T00:00:00.000","District Of Columbia","DC","Passenger","2","2","4","203","207","1.932367149758454106280193237"
"2021-01-31T00:00:00.000","Walla Walla","WA","Passenger","107","72","179","36901","37080","0.4827400215749730312837108954"
"2020-05-31T00:00:00.000","Placer","CA","Passenger","1","0","1","79","80","1.2500"
"2020-12-31T00:00:00.000","Douglas","NE","Passenger","0","1","1","43","44","2.272727272727272727272727273"
"2019-08-31T00:00:00.000","Greene","MO","Passenger","0","1","1","21","22","4.545454545454545454545454545"
"2021-01-31T00:00:00.000","Whitman","WA","Passenger","53","49","102","22288","22390","0.4555605180884323358642251005"
"2020-12-31T00:00:00.000","Garfield","WA","Truck","0","0","0","1022","1022","0"
"2021-01-31T00:00:00.000","Franklin","WA","Truck","0","0","0","20954","20954","0"
"2021-01-31T00:00:00.000","Williamson","TX","Passenger","1","0","1","91","92","1.086956521739130434782608696"
"2019-08-31T00:00:00.000","Hidalgo","TX","Passenger","0","1","1","85","86","1.162790697674418604651162791"
"2021-01-31T00:00:00.000","Fresno","CA","Passenger","1","0","1","156","157","0.6369426751592356687898089172"
"2020-05-31T00:00:00.000","Saginaw","MI","Passenger","1","0","1","9","10","10.0"
"2021-02-28T00:00:00.000","Fairbanks North Star","AK","Passenger","0","1","1","86","87","1.149425287356321839080459770"
"2020-08-31T00:00:00.000","Bucks","PA","Passenger","1","0","1","21","22","4.545454545454545454545454545"
"2020-05-31T00:00:00.000","San Mateo","CA","Passenger","0","1","1","109","110","0.9090909090909090909090909091"
"2021-02-28T00:00:00.000","Ferry","WA","Passenger","10","3","13","4443","4456","0.2917414721723518850987432675"
"2021-02-28T00:00:00.000","NULL","WA","Passenger","0","0","0","2","2","0"
"2019-07-31T00:00:00.000","Montgomery","PA","Passenger","2","0","2","25","27","7.407407407407407407407407407"
"2020-08-31T00:00:00.000","Camden","GA","Passenger","1","1","2","135","137","1.459854014598540145985401460"
"2021-02-28T00:00:00.000","Franklin","WA","Passenger","99","91","190","62688","62878","0.3021724609561372817201564935"
"2021-02-28T00:00:00.000","Franklin","WA","Truck","0","0","0","20950","20950","0"
"2019-07-31T00:00:00.000","Multnomah","OR","Passenger","5","6","11","711","722","1.523545706371191135734072022"
"2020-05-31T00:00:00.000","Santa Barbara","CA","Passenger","1","0","1","89","90","1.111111111111111111111111111"
"2021-02-28T00:00:00.000","Fresno","CA","Passenger","1","0","1","156","157","0.6369426751592356687898089172"
"2019-08-31T00:00:00.000","Jefferson","WA","Passenger","216","133","349","25491","25840","1.350619195046439628482972136"
"2021-02-28T00:00:00.000","Benton","WA","Passenger","475","374","849","137461","138310","0.6138384787795531776444219507"
"2020-12-31T00:00:00.000","Jefferson","WA","Passenger","294","165","459","25260","25719","1.784672809984836113379213811"
"2020-05-31T00:00:00.000","Sarasota","FL","Passenger","1","0","1","19","20","5.00"
"2021-01-31T00:00:00.000","Jefferson","WA","Passenger","299","177","476","25235","25711","1.851347672202559215899809420"
"2021-02-28T00:00:00.000","Grays Harbor","WA","Truck","1","0","1","21559","21560","0.004638218923933209647495361781"
"2021-01-31T00:00:00.000","Kent","DE","Passenger","0","1","1","59","60","1.666666666666666666666666667"
"2020-12-31T00:00:00.000","Kittitas","WA","Passenger","134","54","188","30477","30665","0.6130767976520463068645035056"
"2021-02-28T00:00:00.000","Clallam","WA","Passenger","298","200","498","50862","51360","0.9696261682242990654205607477"
"2020-12-31T00:00:00.000","Klamath","OR","Passenger","1","0","1","22","23","4.347826086956521739130434783"
"2019-08-31T00:00:00.000","Kent","DE","Passenger","0","1","1","73","74","1.351351351351351351351351351"
"2020-08-31T00:00:00.000","Clark","NV","Passenger","2","1","3","589","592","0.5067567567567567567567567568"
"2019-07-31T00:00:00.000","Okanogan","WA","Truck","0","0","0","4155","4155","0"
"2019-07-31T00:00:00.000","Oklahoma","OK","Passenger","0","2","2","119","121","1.652892561983471074380165289"
"2019-08-31T00:00:00.000","Kootenai","ID","Passenger","1","1","2","193","195","1.025641025641025641025641026"
"2020-12-31T00:00:00.000","Lincoln","WA","Passenger","6","12","18","7810","7828","0.2299437915176290240163515585"
"2021-02-28T00:00:00.000","Columbia","WA","Truck","1","0","1","1574","1575","0.06349206349206349206349206349"
"2021-02-28T00:00:00.000","Harrison","MS","Passenger","2","0","2","55","57","3.508771929824561403508771930"
"2019-07-31T00:00:00.000","Ozaukee","WI","Passenger","0","1","1","3","4","25.00"
"2020-08-31T00:00:00.000","Columbia","GA","Passenger","1","1","2","138","140","1.428571428571428571428571429"
"2020-05-31T00:00:00.000","Suffolk City","VA","Passenger","1","0","1","120","121","0.8264462809917355371900826446"
"2020-12-31T00:00:00.000","Maui","HI","Passenger","1","0","1","26","27","3.703703703703703703703703704"
"2021-01-31T00:00:00.000","Los Angeles","CA","Passenger","7","8","15","846","861","1.742160278745644599303135889"
"2020-08-31T00:00:00.000","Cowlitz","WA","Truck","0","0","0","29661","29661","0"
"2020-12-31T00:00:00.000","Mecklenburg","NC","Passenger","1","0","1","65","66","1.515151515151515151515151515"
"2020-05-31T00:00:00.000","Utah","UT","Passenger","0","1","1","109","110","0.9090909090909090909090909091"
"2019-07-31T00:00:00.000","Pierce","WA","Truck","0","0","0","144137","144137","0"
"2020-05-31T00:00:00.000","Valencia","NM","Passenger","1","0","1","3","4","25.00"
"2019-07-31T00:00:00.000","Pinal","AZ","Passenger","1","0","1","163","164","0.6097560975609756097560975610"
"2020-12-31T00:00:00.000","Muscogee","GA","Passenger","0","1","1","165","166","0.6024096385542168674698795181"
"2019-08-31T00:00:00.000","Liberty","GA","Passenger","1","0","1","131","132","0.7575757575757575757575757576"
"2020-12-31T00:00:00.000","Nassau","FL","Passenger","1","0","1","20","21","4.761904761904761904761904762"
"2021-01-31T00:00:00.000","Mecklenburg","NC","Passenger","1","0","1","67","68","1.470588235294117647058823529"
"2021-02-28T00:00:00.000","Duval","FL","Passenger","0","1","1","303","304","0.3289473684210526315789473684"
"2020-08-31T00:00:00.000","Dekalb","IN","Passenger","1","0","1","1","2","50.0"
"2021-01-31T00:00:00.000","Missoula","MT","Passenger","1","0","1","47","48","2.083333333333333333333333333"
"2020-08-31T00:00:00.000","District Of Columbia","DC","Passenger","2","2","4","204","208","1.923076923076923076923076923"
"2019-08-31T00:00:00.000","Los Angeles","CA","Passenger","8","5","13","1067","1080","1.203703703703703703703703704"
"2021-02-28T00:00:00.000","Ferry","WA","Truck","0","0","0","3698","3698","0"
"2021-01-31T00:00:00.000","Monterey","CA","Passenger","1","0","1","159","160","0.62500"
"2021-02-28T00:00:00.000","Lewis","WA","Truck","0","0","0","27180","27180","0"
"2020-12-31T00:00:00.000","Pend Oreille","WA","Truck","0","0","0","5876","5876","0"
"2020-05-31T00:00:00.000","Yakima","WA","Passenger","149","126","275","169431","169706","0.1620449483223928440950820831"
"2020-12-31T00:00:00.000","Pennington","SD","Passenger","1","0","1","33","34","2.941176470588235294117647059"
"2021-01-31T00:00:00.000","Moore","NC","Passenger","0","1","1","138","139","0.7194244604316546762589928058"
"2020-08-31T00:00:00.000","El Paso","TX","Passenger","2","0","2","407","409","0.4889975550122249388753056235"
"2021-02-28T00:00:00.000","Flathead","MT","Passenger","1","0","1","37","38","2.631578947368421052631578947"
"2021-01-31T00:00:00.000","Nueces","TX","Passenger","1","0","1","75","76","1.315789473684210526315789474"
"2020-08-31T00:00:00.000","Fairbanks North Star","AK","Passenger","0","1","1","92","93","1.075268817204301075268817204"
"2019-07-31T00:00:00.000","Riverside","CA","Passenger","0","1","1","630","631","0.1584786053882725832012678288"
"2021-02-28T00:00:00.000","Maricopa","AZ","Passenger","2","3","5","947","952","0.5252100840336134453781512605"
"2020-06-30T00:00:00.000","NULL","NULL","Passenger","7","5","12","1858","1870","0.6417112299465240641711229947"
"2020-06-30T00:00:00.000","Adams","WA","Passenger","9","9","18","13135","13153","0.1368509085379761271192883753"
"2021-01-31T00:00:00.000","Okanogan","NULL","Passenger","47","32","79","20811","20890","0.3781713738630923887027285783"
"2020-12-31T00:00:00.000","Riley","KS","Passenger","1","0","1","59","60","1.666666666666666666666666667"
"2020-06-30T00:00:00.000","Adams","WA","Truck","0","0","0","5450","5450","0"
"2020-08-31T00:00:00.000","Ferry","WA","Passenger","7","3","10","4467","4477","0.2233638597274960911324547688"
"2019-08-31T00:00:00.000","Mason","WA","Passenger","153","132","285","48402","48687","0.5853718651796167354735350299"
"2021-02-28T00:00:00.000","Greene","MO","Passenger","0","1","1","20","21","4.761904761904761904761904762"
"2021-02-28T00:00:00.000","Milwaukee","WI","Passenger","1","0","1","35","36","2.777777777777777777777777778"
"2020-12-31T00:00:00.000","Sacramento","CA","Passenger","2","0","2","215","217","0.9216589861751152073732718894"
"2020-06-30T00:00:00.000","Arlington","VA","Passenger","0","2","2","130","132","1.515151515151515151515151515"
"2021-01-31T00:00:00.000","Palm Beach","FL","Passenger","0","1","1","53","54","1.851851851851851851851851852"
"2021-02-28T00:00:00.000","Monterey","CA","Passenger","1","0","1","160","161","0.6211180124223602484472049689"
"2021-02-28T00:00:00.000","Hamilton","IN","Passenger","1","0","1","27","28","3.571428571428571428571428571"
"2021-02-28T00:00:00.000","Montgomery","PA","Passenger","1","0","1","17","18","5.555555555555555555555555556"
"2020-06-30T00:00:00.000","Bartow","GA","Passenger","0","1","1","3","4","25.00"
"2019-07-31T00:00:00.000","Saint Marys","MD","Passenger","1","0","1","201","202","0.4950495049504950495049504950"
"2021-02-28T00:00:00.000","New Castle","DE","Passenger","1","0","1","23","24","4.166666666666666666666666667"
"2020-08-31T00:00:00.000","Grant","WA","Truck","0","0","0","28064","28064","0"
"2020-12-31T00:00:00.000","Shelby","OH","Passenger","0","1","1","1","2","50.0"
"2021-01-31T00:00:00.000","Ramsey","MN","Passenger","1","0","1","28","29","3.448275862068965517241379310"
"2020-08-31T00:00:00.000","Grays Harbor","WA","Truck","0","0","0","21443","21443","0"
"2019-07-31T00:00:00.000","Santa Clara","CA","Passenger","3","2","5","337","342","1.461988304093567251461988304"
"2021-01-31T00:00:00.000","Saginaw","MI","Passenger","2","0","2","8","10","20.0"
"2020-12-31T00:00:00.000","Skagit","WA","Passenger","528","260","788","93172","93960","0.8386547467007237122179650915"
"2020-12-31T00:00:00.000","Snohomish","WA","Passenger","5237","1951","7188","547198","554386","1.296569538191801380265735426"
"2021-01-31T00:00:00.000","San Bernardino","CA","Passenger","0","1","1","396","397","0.2518891687657430730478589421"
"2020-12-31T00:00:00.000","Snohomish","WA","Truck","0","0","0","128426","128426","0"
"2021-01-31T00:00:00.000","San Juan","WA","Passenger","380","117","497","14373","14870","3.342299932750504371217215871"
"2021-01-31T00:00:00.000","San Mateo","CA","Passenger","0","1","1","94","95","1.052631578947368421052631579"
"2020-12-31T00:00:00.000","Stevens","WA","Truck","0","0","0","19194","19194","0"
"2021-01-31T00:00:00.000","Santa Cruz","CA","Passenger","1","0","1","27","28","3.571428571428571428571428571"
"2021-02-28T00:00:00.000","Saginaw","MI","Passenger","2","0","2","8","10","20.0"
"2019-08-31T00:00:00.000","Ozaukee","WI","Passenger","0","1","1","3","4","25.00"
"2021-01-31T00:00:00.000","Skagit","WA","Truck","1","0","1","33542","33543","0.002981247950392034105476552485"
"2020-06-30T00:00:00.000","Clark","NV","Passenger","2","1","3","607","610","0.4918032786885245901639344262"
"2021-01-31T00:00:00.000","Snohomish","WA","Truck","3","0","3","128295","128298","0.002338306131038675583407379694"
"2019-08-31T00:00:00.000","Palm Beach","FL","Passenger","0","1","1","71","72","1.388888888888888888888888889"
"2021-02-28T00:00:00.000","Kent","MI","Passenger","0","1","1","17","18","5.555555555555555555555555556"
"2021-02-28T00:00:00.000","San Juan","WA","Passenger","386","121","507","14390","14897","3.403369806001208296972544808"
"2021-02-28T00:00:00.000","King","WA","Truck","13","1","14","187496","187510","0.007466268465681830302383872860"
"2021-01-31T00:00:00.000","Stevens","WA","Truck","0","0","0","19210","19210","0"
"2021-02-28T00:00:00.000","San Mateo","CA","Passenger","0","1","1","90","91","1.098901098901098901098901099"
"2020-08-31T00:00:00.000","Jones","GA","Passenger","1","0","1","1","2","50.0"
"2020-12-31T00:00:00.000","Virginia Beach City","VA","Passenger","1","0","1","591","592","0.1689189189189189189189189189"
"2020-06-30T00:00:00.000","Columbia","GA","Passenger","1","1","2","138","140","1.428571428571428571428571429"
"2020-12-31T00:00:00.000","Wahkiakum","WA","Truck","0","0","0","1805","1805","0"
"2020-06-30T00:00:00.000","Contra Costa","CA","Passenger","2","0","2","180","182","1.098901098901098901098901099"
"2019-07-31T00:00:00.000","Tulsa","OK","Passenger","0","1","1","39","40","2.500"
"2019-08-31T00:00:00.000","Pinal","AZ","Passenger","1","0","1","163","164","0.6097560975609756097560975610"
"2020-08-31T00:00:00.000","Kittitas","WA","Passenger","116","49","165","30465","30630","0.5386875612144955925563173359"
"2020-12-31T00:00:00.000","Washtenaw","MI","Passenger","1","0","1","22","23","4.347826086956521739130434783"
"2020-08-31T00:00:00.000","Klamath","OR","Passenger","1","0","1","22","23","4.347826086956521739130434783"
"2019-07-31T00:00:00.000","Volusia","FL","Passenger","0","1","1","33","34","2.941176470588235294117647059"
"2020-12-31T00:00:00.000","Whitman","WA","Truck","0","0","0","8690","8690","0"
"2021-02-28T00:00:00.000","Thurston","WA","Truck","3","0","3","57286","57289","0.005236607376634257885457941315"
"2020-06-30T00:00:00.000","Dekalb","IN","Passenger","1","0","1","1","2","50.0"
"2021-01-31T00:00:00.000","Washoe","NV","Passenger","1","0","1","67","68","1.470588235294117647058823529"
"2021-01-31T00:00:00.000","Adams","WA","Passenger","10","10","20","13250","13270","0.1507159005275056518462697815"
"2020-06-30T00:00:00.000","El Paso","CO","Passenger","1","0","1","663","664","0.1506024096385542168674698795"
"2021-01-31T00:00:00.000","Westchester","NY","Passenger","0","1","1","18","19","5.263157894736842105263157895"
"2021-01-31T00:00:00.000","Arlington","VA","Passenger","0","1","1","120","121","0.8264462809917355371900826446"
"2021-01-31T00:00:00.000","Wichita","TX","Passenger","1","0","1","40","41","2.439024390243902439024390244"
"2021-01-31T00:00:00.000","Yakima","WA","Passenger","196","138","334","171082","171416","0.1948476221589583236103980959"
"2020-08-31T00:00:00.000","Maui","HI","Passenger","1","0","1","30","31","3.225806451612903225806451613"
"2020-06-30T00:00:00.000","Frederick","MD","Passenger","2","1","3","77","80","3.7500"
"2021-02-28T00:00:00.000","Monroe","IL","Passenger","1","0","1","2","3","33.33333333333333333333333333"
"2021-02-28T00:00:00.000","Montgomery","OH","Passenger","0","1","1","62","63","1.587301587301587301587301587"
"2019-08-31T00:00:00.000","Albemarle","VA","Passenger","1","0","1","27","28","3.571428571428571428571428571"
"2021-02-28T00:00:00.000","Bradley","TN","Passenger","1","1","2","0","2","100"
"2020-08-31T00:00:00.000","New Castle","DE","Passenger","1","0","1","23","24","4.166666666666666666666666667"
"2020-06-30T00:00:00.000","Harris","TX","Passenger","1","0","1","197","198","0.5050505050505050505050505051"
"2021-03-31T00:00:00.000","Albemarle","VA","Passenger","1","0","1","23","24","4.166666666666666666666666667"
"2021-02-28T00:00:00.000","Bryan","GA","Passenger","1","0","1","57","58","1.724137931034482758620689655"
"2021-02-28T00:00:00.000","Multnomah","OR","Passenger","3","5","8","591","599","1.335559265442404006677796327"
"2019-08-31T00:00:00.000","Asotin","WA","Truck","0","0","0","6905","6905","0"
"2020-06-30T00:00:00.000","Hidalgo","TX","Passenger","0","1","1","68","69","1.449275362318840579710144928"
"2021-01-31T00:00:00.000","Columbia","WA","Truck","0","0","0","1579","1579","0"
"2021-02-28T00:00:00.000","Carson City","NV","Passenger","1","0","1","11","12","8.333333333333333333333333333"
"2021-03-31T00:00:00.000","Benton","WA","Passenger","479","380","859","137598","138457","0.6204092245245816390648360141"
"2021-01-31T00:00:00.000","Cowlitz","WA","Passenger","200","140","340","73422","73762","0.4609419484287302405032401508"
"2020-06-30T00:00:00.000","Honolulu","HI","Passenger","3","0","3","396","399","0.7518796992481203007518796992"
"2021-03-31T00:00:00.000","Benton","WA","Truck","2","0","2","44255","44257","0.004519059131888740764172899202"
"2021-02-28T00:00:00.000","Nueces","TX","Passenger","1","0","1","73","74","1.351351351351351351351351351"
"2019-08-31T00:00:00.000","Brevard","FL","Passenger","0","1","1","70","71","1.408450704225352112676056338"
"2020-08-31T00:00:00.000","Pend Oreille","WA","Truck","0","0","0","5940","5940","0"
"2021-02-28T00:00:00.000","Chelan","WA","Truck","0","0","0","23304","23304","0"
"2021-02-28T00:00:00.000","Okanogan","NULL","Passenger","47","31","78","20798","20876","0.3736347959379191415980072811"
"2019-08-31T00:00:00.000","Snohomish","WA","Truck","0","0","0","126519","126519","0"
"2019-08-31T00:00:00.000","Broward","FL","Passenger","1","1","2","122","124","1.612903225806451612903225806"
"2021-03-31T00:00:00.000","Bucks","PA","Passenger","1","0","1","19","20","5.00"
"2021-02-28T00:00:00.000","Clackamas","OR","Passenger","2","0","2","136","138","1.449275362318840579710144928"
"2021-02-28T00:00:00.000","Clark","WA","Truck","3","0","3","85048","85051","0.003527295387473398313952804788"
"2021-03-31T00:00:00.000","Calvert","MD","Passenger","0","2","2","84","86","2.325581395348837209302325581"
"2021-01-31T00:00:00.000","Franklin","WA","Passenger","96","89","185","62632","62817","0.2945062642278364137096645812"
"2019-08-31T00:00:00.000","Bryan","GA","Passenger","1","0","1","58","59","1.694915254237288135593220339"
"2019-08-31T00:00:00.000","Stevens","WA","Truck","0","0","0","19408","19408","0"
"2019-08-31T00:00:00.000","Sumter","FL","Passenger","0","1","1","8","9","11.11111111111111111111111111"
"2021-03-31T00:00:00.000","Charles","MD","Passenger","1","1","2","60","62","3.225806451612903225806451613"
"2021-01-31T00:00:00.000","Grays Harbor","WA","Passenger","150","129","279","49493","49772","0.5605561359800691151651530981"
"2020-08-31T00:00:00.000","Sacramento","CA","Passenger","1","0","1","237","238","0.4201680672268907563025210084"
"2021-03-31T00:00:00.000","Chesapeake City","VA","Passenger","0","3","3","371","374","0.8021390374331550802139037433"
"2021-02-28T00:00:00.000","Cowlitz","WA","Passenger","208","141","349","73154","73503","0.4748105519502605335836632518"
"2020-06-30T00:00:00.000","Liberty","GA","Passenger","1","0","1","119","120","0.8333333333333333333333333333"
"2020-08-31T00:00:00.000","San Diego","CA","Passenger","14","8","22","2770","2792","0.7879656160458452722063037249"
"2021-02-28T00:00:00.000","Cumberland","NC","Passenger","0","2","2","431","433","0.4618937644341801385681293303"
"2021-02-28T00:00:00.000","Prince William","VA","Passenger","1","1","2","209","211","0.9478672985781990521327014218"
"2021-03-31T00:00:00.000","Clallam","WA","Passenger","315","204","519","50914","51433","1.009079773686154803336379367"
"2019-08-31T00:00:00.000","Travis","TX","Passenger","1","1","2","173","175","1.142857142857142857142857143"
"2021-03-31T00:00:00.000","Clallam","WA","Truck","1","0","1","22330","22331","0.004478079799382024987685280552"
"2020-08-31T00:00:00.000","San Juan","WA","Truck","0","0","0","6011","6011","0"
"2021-02-28T00:00:00.000","Ramsey","MN","Passenger","1","0","1","26","27","3.703703703703703703703703704"
"2021-01-31T00:00:00.000","Hennepin","MN","Passenger","1","0","1","68","69","1.449275362318840579710144928"
"2020-06-30T00:00:00.000","Manassas City","VA","Passenger","0","1","1","4","5","20.0"
"2021-01-31T00:00:00.000","Hidalgo","TX","Passenger","0","1","1","56","57","1.754385964912280701754385965"
"2021-02-28T00:00:00.000","Denver","CO","Passenger","1","0","1","93","94","1.063829787234042553191489362"
"2021-02-28T00:00:00.000","Riverside","CA","Passenger","3","1","4","519","523","0.7648183556405353728489483748"
"2019-08-31T00:00:00.000","Clackamas","OR","Passenger","0","1","1","193","194","0.5154639175257731958762886598"
"2020-08-31T00:00:00.000","Shelby","TN","Passenger","0","1","1","80","81","1.234567901234567901234567901"
"2021-02-28T00:00:00.000","Saint Clair","IL","Passenger","1","0","1","133","134","0.7462686567164179104477611940"
"2020-08-31T00:00:00.000","Skagit","WA","Passenger","466","246","712","93112","93824","0.7588676671214188267394270123"
"2019-08-31T00:00:00.000","Washoe","NV","Passenger","2","0","2","88","90","2.222222222222222222222222222"
"2021-01-31T00:00:00.000","Kent","MI","Passenger","0","1","1","17","18","5.555555555555555555555555556"
"2019-08-31T00:00:00.000","Cook","IL","Passenger","2","0","2","221","223","0.8968609865470852017937219731"
"2021-01-31T00:00:00.000","King","WA","Truck","7","1","8","187742","187750","0.004260985352862849533954727031"
"2021-02-28T00:00:00.000","Santa Barbara","CA","Passenger","1","0","1","76","77","1.298701298701298701298701299"
"2021-01-31T00:00:00.000","Klickitat","WA","Truck","0","0","0","8335","8335","0"
"2020-08-31T00:00:00.000","Snohomish","WA","Passenger","4838","1899","6737","545447","552184","1.220064326383958970198339684"
"2021-02-28T00:00:00.000","Goochland","VA","Passenger","3","1","4","135","139","2.877697841726618705035971223"
"2021-03-31T00:00:00.000","Douglas","WA","Passenger","88","47","135","28813","28948","0.4663534613790244576481967666"
"2020-06-30T00:00:00.000","Okanogan","WA","Passenger","4","7","11","5968","5979","0.1839772537213580866365612979"
"2021-01-31T00:00:00.000","Lake","IL","Passenger","2","0","2","159","161","1.242236024844720496894409938"
"2020-06-30T00:00:00.000","Okanogan","WA","Truck","0","0","0","4032","4032","0"
"2021-02-28T00:00:00.000","Grant","WA","Passenger","92","92","184","67395","67579","0.2722739312508323591648293109"
"2019-09-30T00:00:00.000","NULL","WA","Truck","0","0","0","1","1","0"
"2020-08-31T00:00:00.000","Spokane","WA","Truck","1","0","1","101802","101803","0.0009822893234973429073799396874"
"2021-02-28T00:00:00.000","Grays Harbor","WA","Passenger","159","133","292","49468","49760","0.5868167202572347266881028939"
"2021-01-31T00:00:00.000","Larimer","CO","Passenger","0","1","1","32","33","3.030303030303030303030303030"
"2020-06-30T00:00:00.000","Ozaukee","WI","Passenger","0","1","1","3","4","25.00"
"2021-02-28T00:00:00.000","Skagit","WA","Truck","1","0","1","33488","33489","0.002986055122577562781808952193"
"2020-08-31T00:00:00.000","Stevens","WA","Passenger","38","38","76","31275","31351","0.2424165098401964849606073172"
"2021-03-31T00:00:00.000","Glacier","MT","Passenger","0","1","1","4","5","20.0"
"2020-06-30T00:00:00.000","Pierce","WA","Truck","0","0","0","145785","145785","0"
"2019-09-30T00:00:00.000","Benton","WA","Truck","0","0","0","43379","43379","0"
"2020-06-30T00:00:00.000","Pinal","AZ","Passenger","1","0","1","144","145","0.6896551724137931034482758621"
"2021-03-31T00:00:00.000","Howard","MD","Passenger","0","1","1","75","76","1.315789473684210526315789474"
"2020-06-30T00:00:00.000","Putnam","TN","Passenger","0","1","1","2","3","33.33333333333333333333333333"
"2019-09-30T00:00:00.000","Brevard","FL","Passenger","0","1","1","73","74","1.351351351351351351351351351"
"2021-02-28T00:00:00.000","Kern","CA","Passenger","1","1","2","207","209","0.9569377990430622009569377990"
"2021-01-31T00:00:00.000","Montgomery","PA","Passenger","1","0","1","18","19","5.263157894736842105263157895"
"2021-03-31T00:00:00.000","Kittitas","WA","Passenger","154","58","212","30446","30658","0.6914997716746036923478374323"
"2020-08-31T00:00:00.000","Washtenaw","MI","Passenger","1","0","1","26","27","3.703703703703703703703703704"
"2021-02-28T00:00:00.000","King","WA","Passenger","28931","8630","37561","1383813","1421374","2.642583866033851751896404465"
"2021-01-31T00:00:00.000","Multnomah","OR","Passenger","3","5","8","601","609","1.313628899835796387520525452"
"2021-03-31T00:00:00.000","Lincoln","WA","Passenger","7","13","20","7821","7841","0.2550695064405050376227522000"
"2019-08-31T00:00:00.000","Garfield","WA","Passenger","0","1","1","1333","1334","0.07496251874062968515742128936"
"2021-02-28T00:00:00.000","Kitsap","WA","Passenger","1726","792","2518","182525","185043","1.360764795209762055306063996"
"2019-08-31T00:00:00.000","Garfield","WA","Truck","0","0","0","982","982","0"
"2020-06-30T00:00:00.000","Saint Marys","MD","Passenger","1","0","1","190","191","0.5235602094240837696335078534"
"2021-02-28T00:00:00.000","Washoe","NV","Passenger","1","0","1","65","66","1.515151515151515151515151515"
"2021-02-28T00:00:00.000","Klickitat","WA","Truck","0","0","0","8330","8330","0"
"2020-06-30T00:00:00.000","San Diego","CA","Passenger","13","9","22","2790","2812","0.7823613086770981507823613087"
"2021-01-31T00:00:00.000","Ozaukee","WI","Passenger","0","1","1","3","4","25.00"
"2019-08-31T00:00:00.000","Goochland","VA","Passenger","1","1","2","183","185","1.081081081081081081081081081"
"2021-03-31T00:00:00.000","Mason","WA","Truck","0","0","0","21531","21531","0"
"2020-06-30T00:00:00.000","San Juan","WA","Truck","0","0","0","6034","6034","0"
"2019-09-30T00:00:00.000","Chelan","WA","Truck","0","0","0","23012","23012","0"
"2021-02-28T00:00:00.000","Williams","ND","Passenger","0","1","1","12","13","7.692307692307692307692307692"
"2020-06-30T00:00:00.000","Santa Clara","CA","Passenger","3","2","5","258","263","1.901140684410646387832699620"
"2020-09-30T00:00:00.000","Albemarle","VA","Passenger","1","0","1","22","23","4.347826086956521739130434783"
"2021-01-31T00:00:00.000","Pierce","WA","Truck","1","0","1","147667","147668","0.0006771947883089091746349920091"
"2021-02-28T00:00:00.000","Larimer","CO","Passenger","0","1","1","33","34","2.941176470588235294117647059"
"2021-02-28T00:00:00.000","Yakima","WA","Passenger","202","145","347","170911","171258","0.2026182718471545854792184891"
"2021-01-31T00:00:00.000","Pinellas","FL","Passenger","1","1","2","67","69","2.898550724637681159420289855"
"2021-03-31T00:00:00.000","Nassau","FL","Passenger","1","0","1","17","18","5.555555555555555555555555556"
"2021-02-28T00:00:00.000","Leavenworth","KS","Passenger","0","1","1","113","114","0.8771929824561403508771929825"
"2021-03-31T00:00:00.000","Nassau","NY","Passenger","2","0","2","21","23","8.695652173913043478260869565"
"2021-03-31T00:00:00.000","Adams","WA","Truck","0","0","0","5502","5502","0"
"2021-01-31T00:00:00.000","Prince William","VA","Passenger","1","1","2","213","215","0.9302325581395348837209302326"
"2020-09-30T00:00:00.000","Asotin","WA","Truck","0","0","0","6866","6866","0"
"2021-02-28T00:00:00.000","Lewis","WA","Passenger","140","138","278","59767","60045","0.4629860937630110750270630361"
"2020-06-30T00:00:00.000","Shelby","TN","Passenger","0","1","1","83","84","1.190476190476190476190476190"
"2021-03-31T00:00:00.000","Orange","CA","Passenger","3","2","5","421","426","1.173708920187793427230046948"
"2021-01-31T00:00:00.000","Riverside","CA","Passenger","3","1","4","524","528","0.7575757575757575757575757576"
"2021-03-31T00:00:00.000","Arapahoe","CO","Passenger","1","0","1","105","106","0.9433962264150943396226415094"
"2020-09-30T00:00:00.000","Bay","FL","Passenger","1","0","1","31","32","3.12500"
"2021-01-31T00:00:00.000","Saint Clair","IL","Passenger","1","0","1","132","133","0.7518796992481203007518796992"
"2020-09-30T00:00:00.000","Bexar","TX","Passenger","4","5","9","508","517","1.740812379110251450676982592"
"2021-03-31T00:00:00.000","Pend Oreille","WA","Passenger","12","6","18","9484","9502","0.1894338034098084613765523048"
"2021-03-31T00:00:00.000","Asotin","WA","Truck","0","0","0","6840","6840","0"
"2020-06-30T00:00:00.000","Tipton","TN","Passenger","1","0","1","12","13","7.692307692307692307692307692"
"2021-03-31T00:00:00.000","Plaquemines","LA","Passenger","0","1","1","16","17","5.882352941176470588235294118"
"2020-09-30T00:00:00.000","Broward","FL","Passenger","1","1","2","99","101","1.980198019801980198019801980"
"2020-06-30T00:00:00.000","Tulsa","OK","Passenger","0","1","1","36","37","2.702702702702702702702702703"
"2021-01-31T00:00:00.000","Santa Clara","CA","Passenger","5","2","7","218","225","3.111111111111111111111111111"
"2019-09-30T00:00:00.000","Cowlitz","WA","Passenger","116","120","236","74611","74847","0.3153098988603417638649511670"
"2020-09-30T00:00:00.000","Caddo","LA","Passenger","1","0","1","11","12","8.333333333333333333333333333"
"2021-03-31T00:00:00.000","Bay","FL","Passenger","1","0","1","30","31","3.225806451612903225806451613"
"2021-03-31T00:00:00.000","Riley","KS","Passenger","1","0","1","55","56","1.785714285714285714285714286"
"2019-08-31T00:00:00.000","Kitsap","WA","Passenger","1189","659","1848","184482","186330","0.9917887618740943487361133473"
"2021-03-31T00:00:00.000","Boone","MO","Passenger","0","1","1","7","8","12.500"
"2021-03-31T00:00:00.000","Sacramento","CA","Passenger","2","0","2","212","214","0.9345794392523364485981308411"
"2019-09-30T00:00:00.000","Denver","CO","Passenger","1","0","1","118","119","0.8403361344537815126050420168"
"2020-07-31T00:00:00.000","NULL","CA","Passenger","1","2","3","215","218","1.376146788990825688073394495"
"2021-03-31T00:00:00.000","Caddo","LA","Passenger","1","0","1","8","9","11.11111111111111111111111111"
"2021-01-31T00:00:00.000","Ventura","CA","Passenger","1","2","3","262","265","1.132075471698113207547169811"
"2020-09-30T00:00:00.000","Chelan","WA","Passenger","267","83","350","55381","55731","0.6280167231881717536021244909"
"2021-03-31T00:00:00.000","Sevier","AR","Passenger","0","1","1","0","1","100"
"2021-03-31T00:00:00.000","Shelby","OH","Passenger","0","1","1","1","2","50.0"
"2021-02-28T00:00:00.000","Philadelphia","PA","Passenger","1","0","1","52","53","1.886792452830188679245283019"
"2019-08-31T00:00:00.000","Lincoln","WA","Passenger","4","10","14","8005","8019","0.1745853597705449557301409153"
"2021-02-28T00:00:00.000","Placer","CA","Passenger","1","0","1","68","69","1.449275362318840579710144928"
"2020-07-31T00:00:00.000","Bell","TX","Passenger","0","1","1","386","387","0.2583979328165374677002583979"
"2021-03-31T00:00:00.000","Stafford","VA","Passenger","2","0","2","88","90","2.222222222222222222222222222"
"2021-02-28T00:00:00.000","Powhatan","VA","Passenger","1","0","1","1","2","50.0"
"2020-07-31T00:00:00.000","Bradley","TN","Passenger","1","1","2","3","5","40.0"
"2021-03-31T00:00:00.000","Chelan","WA","Passenger","312","94","406","55354","55760","0.7281205164992826398852223816"
"2021-02-28T00:00:00.000","Queens","NY","Passenger","1","0","1","44","45","2.222222222222222222222222222"
"2020-07-31T00:00:00.000","Broward","FL","Passenger","1","1","2","99","101","1.980198019801980198019801980"
"2020-09-30T00:00:00.000","Cook","IL","Passenger","1","0","1","179","180","0.5555555555555555555555555556"
"2019-08-31T00:00:00.000","Mason","WA","Truck","0","0","0","21020","21020","0"
"2020-07-31T00:00:00.000","Bryan","GA","Passenger","1","0","1","57","58","1.724137931034482758620689655"
"2021-02-28T00:00:00.000","Saint Louis","MO","Passenger","1","0","1","55","56","1.785714285714285714285714286"
"2020-07-31T00:00:00.000","Carson City","NV","Passenger","1","0","1","9","10","10.0"
"2019-09-30T00:00:00.000","Glacier","MT","Passenger","0","1","1","5","6","16.66666666666666666666666667"
"2021-03-31T00:00:00.000","Wahkiakum","WA","Passenger","9","8","17","3119","3136","0.5420918367346938775510204082"
"2021-02-28T00:00:00.000","San Francisco","CA","Passenger","1","1","2","82","84","2.380952380952380952380952381"
"2019-09-30T00:00:00.000","Grant","WA","Passenger","51","68","119","66860","66979","0.1776676271667238985353618298"
"2021-02-28T00:00:00.000","Calvert","MD","Passenger","0","2","2","84","86","2.325581395348837209302325581"
"2021-03-31T00:00:00.000","Cook","IL","Passenger","1","0","1","164","165","0.6060606060606060606060606061"
"2019-09-30T00:00:00.000","Grays Harbor","WA","Passenger","102","94","196","48933","49129","0.3989497038409086283050743960"
"2020-07-31T00:00:00.000","Clackamas","OR","Passenger","1","0","1","158","159","0.6289308176100628930817610063"
"2021-03-31T00:00:00.000","Williamson","TX","Passenger","1","0","1","85","86","1.162790697674418604651162791"
"2021-02-28T00:00:00.000","Sarasota","FL","Passenger","1","0","1","20","21","4.761904761904761904761904762"
"2021-02-28T00:00:00.000","Charleston","SC","Passenger","1","0","1","77","78","1.282051282051282051282051282"
"2020-09-30T00:00:00.000","Douglas","WA","Truck","0","0","0","12659","12659","0"
"2021-03-31T00:00:00.000","Davidson","TN","Passenger","1","0","1","41","42","2.380952380952380952380952381"
"2021-02-28T00:00:00.000","Skamania","WA","Truck","0","0","0","4143","4143","0"
"2020-07-31T00:00:00.000","Cook","IL","Passenger","1","0","1","189","190","0.5263157894736842105263157895"
"2021-02-28T00:00:00.000","Chesapeake City","VA","Passenger","0","3","3","376","379","0.7915567282321899736147757256"
"2019-08-31T00:00:00.000","Montgomery","AL","Passenger","0","2","2","37","39","5.128205128205128205128205128"
"2021-03-31T00:00:00.000","Dekalb","GA","Passenger","1","0","1","55","56","1.785714285714285714285714286"
"2021-02-28T00:00:00.000","Spokane","WA","Passenger","972","598","1570","326786","328356","0.4781395802117214243077635250"
"2020-07-31T00:00:00.000","Cumberland","NC","Passenger","0","3","3","467","470","0.6382978723404255319148936170"
"2021-02-28T00:00:00.000","Clark","WA","Passenger","2639","1285","3924","324388","328312","1.195204561514656789882794415"
"2021-04-30T00:00:00.000","Asotin","WA","Truck","0","0","0","6859","6859","0"
"2021-03-31T00:00:00.000","Douglas","WA","Truck","1","0","1","12758","12759","0.007837604827964574026177600125"
"2020-09-30T00:00:00.000","Franklin","WA","Truck","0","0","0","20823","20823","0"
"2021-02-28T00:00:00.000","Suffolk City","VA","Passenger","1","0","1","115","116","0.8620689655172413793103448276"
"2021-03-31T00:00:00.000","El Dorado","CA","Passenger","1","0","1","25","26","3.846153846153846153846153846"
"2020-09-30T00:00:00.000","Fulton","GA","Passenger","1","2","3","85","88","3.409090909090909090909090909"
"2021-03-31T00:00:00.000","Erie","NY","Passenger","1","0","1","33","34","2.941176470588235294117647059"
"2020-09-30T00:00:00.000","Garfield","WA","Passenger","0","1","1","1363","1364","0.07331378299120234604105571848"
"2020-07-31T00:00:00.000","District Of Columbia","DC","Passenger","2","2","4","206","210","1.904761904761904761904761905"
"2021-04-30T00:00:00.000","Caddo","LA","Passenger","1","0","1","8","9","11.11111111111111111111111111"
"2021-02-28T00:00:00.000","Utah","UT","Passenger","0","1","1","99","100","1.00"
"2021-02-28T00:00:00.000","Douglas","WA","Passenger","88","46","134","28737","28871","0.4641335596273076789858335354"
"2019-08-31T00:00:00.000","Orange","CA","Passenger","5","2","7","519","526","1.330798479087452471482889734"
"2021-02-28T00:00:00.000","Ventura","CA","Passenger","1","2","3","259","262","1.145038167938931297709923664"
"2021-03-31T00:00:00.000","Franklin","WA","Truck","0","0","0","20990","20990","0"
"2021-02-28T00:00:00.000","Fairfax","VA","Passenger","5","6","11","641","652","1.687116564417177914110429448"
"2020-07-31T00:00:00.000","Duval","FL","Passenger","0","1","1","329","330","0.3030303030303030303030303030"
"2021-04-30T00:00:00.000","Chaves","NM","Passenger","1","0","1","7","8","12.500"
"2021-03-31T00:00:00.000","Frederick","MD","Passenger","2","1","3","70","73","4.109589041095890410958904110"
"2019-09-30T00:00:00.000","Kern","CA","Passenger","1","1","2","222","224","0.8928571428571428571428571429"
"2021-03-31T00:00:00.000","Fulton","GA","Passenger","0","2","2","69","71","2.816901408450704225352112676"
"2021-02-28T00:00:00.000","Garfield","WA","Truck","0","0","0","1030","1030","0"
"2021-02-28T00:00:00.000","Whatcom","WA","Truck","3","0","3","44452","44455","0.006748397255651782701608368013"
"2019-09-30T00:00:00.000","King","WA","Passenger","20910","7608","28518","1414283","1442801","1.976571959681203436925813054"
"2020-07-31T00:00:00.000","Ferry","WA","Truck","0","0","0","3694","3694","0"
"2021-03-31T00:00:00.000","Garfield","WA","Passenger","0","2","2","1376","1378","0.1451378809869375907111756168"
"2020-07-31T00:00:00.000","Flathead","MT","Passenger","1","0","1","47","48","2.083333333333333333333333333"
"2021-02-28T00:00:00.000","Yakima","WA","Truck","0","0","0","62670","62670","0"
"2019-09-30T00:00:00.000","Klickitat","WA","Truck","0","0","0","8532","8532","0"
"2020-07-31T00:00:00.000","Garfield","WA","Passenger","0","1","1","1365","1366","0.07320644216691068814055636896"
"2021-04-30T00:00:00.000","Duval","FL","Passenger","0","1","1","295","296","0.3378378378378378378378378378"
"2020-07-31T00:00:00.000","Garfield","WA","Truck","0","0","0","1014","1014","0"
"2021-03-31T00:00:00.000","NULL","NULL","Passenger","8","5","13","1624","1637","0.7941356139279169211973121564"
"2021-02-28T00:00:00.000","Howard","IN","Passenger","0","1","1","2","3","33.33333333333333333333333333"
"2020-09-30T00:00:00.000","Island","WA","Truck","1","0","1","21745","21746","0.004598546859192495171525797848"
"2020-07-31T00:00:00.000","Goochland","VA","Passenger","3","1","4","162","166","2.409638554216867469879518072"
"2019-09-30T00:00:00.000","Larimer","CO","Passenger","0","1","1","48","49","2.040816326530612244897959184"
"2021-04-30T00:00:00.000","Ferry","WA","Passenger","10","3","13","4490","4503","0.2886964246058183433266711082"
"2021-03-31T00:00:00.000","Alexandria City","VA","Passenger","4","0","4","131","135","2.962962962962962962962962963"
"2021-04-30T00:00:00.000","Ferry","WA","Truck","0","0","0","3695","3695","0"
"2021-02-28T00:00:00.000","Howard","MD","Passenger","0","1","1","72","73","1.369863013698630136986301370"
"2021-04-30T00:00:00.000","Franklin","WA","Truck","0","0","0","21015","21015","0"
"2021-03-31T00:00:00.000","Bartow","GA","Passenger","0","1","1","3","4","25.00"
"2019-09-30T00:00:00.000","Lewis","WA","Passenger","115","108","223","60555","60778","0.3669090789430385994932376847"
"2021-02-28T00:00:00.000","Island","WA","Passenger","567","313","880","64001","64881","1.356329279758326782879425410"
"2019-08-31T00:00:00.000","Riley","KS","Passenger","1","0","1","62","63","1.587301587301587301587301587"
"2019-09-30T00:00:00.000","Lincoln","WA","Passenger","4","10","14","8020","8034","0.1742593975603684341548419218"
"2021-04-30T00:00:00.000","Garfield","WA","Passenger","0","2","2","1384","1386","0.1443001443001443001443001443"
"2020-09-30T00:00:00.000","Jones","GA","Passenger","1","0","1","1","2","50.0"
"2021-02-28T00:00:00.000","Jefferson","WA","Passenger","304","179","483","25215","25698","1.879523698342283446182582302"
"2021-03-31T00:00:00.000","Island","WA","Truck","1","0","1","21816","21817","0.004583581610670577989641105560"
"2021-04-30T00:00:00.000","Harrison","MS","Passenger","2","0","2","50","52","3.846153846153846153846153846"
"2021-02-28T00:00:00.000","Kitsap","WA","Truck","1","0","1","55230","55231","0.001810577393130669370462240408"
"2021-02-28T00:00:00.000","Klickitat","WA","Passenger","68","45","113","15343","15456","0.7311076604554865424430641822"
"2021-03-31T00:00:00.000","Charleston","SC","Passenger","1","0","1","77","78","1.282051282051282051282051282"
"2019-09-30T00:00:00.000","Mason","WA","Truck","0","0","0","21041","21041","0"
"2020-07-31T00:00:00.000","Kitsap","WA","Passenger","1461","722","2183","183298","185481","1.176939956114103331338519848"
"2019-08-31T00:00:00.000","Santa Rosa","FL","Passenger","1","0","1","81","82","1.219512195121951219512195122"
"2020-07-31T00:00:00.000","Kittitas","WA","Truck","0","0","0","14935","14935","0"
"2019-08-31T00:00:00.000","Sarasota","FL","Passenger","1","0","1","25","26","3.846153846153846153846153846"
"2021-02-28T00:00:00.000","Lincoln","WA","Truck","0","0","0","4783","4783","0"
"2021-03-31T00:00:00.000","Clark","WA","Truck","7","0","7","85172","85179","0.008217988001737517463224503692"
"2020-07-31T00:00:00.000","Leon","FL","Passenger","1","0","1","9","10","10.0"
"2020-09-30T00:00:00.000","Los Angeles","CA","Passenger","8","8","16","911","927","1.725997842502696871628910464"
"2021-03-31T00:00:00.000","Cowlitz","WA","Passenger","212","144","356","73235","73591","0.4837548069736788465980894403"
"2019-08-31T00:00:00.000","Snohomish","WA","Passenger","3810","1751","5561","541939","547500","1.015707762557077625570776256"
"2020-09-30T00:00:00.000","Mason","WA","Passenger","195","139","334","48449","48783","0.6846647397659020560441137281"
"2021-02-28T00:00:00.000","Mecklenburg","NC","Passenger","1","0","1","68","69","1.449275362318840579710144928"
"2021-03-31T00:00:00.000","Liberty","GA","Passenger","1","0","1","113","114","0.8771929824561403508771929825"
"2021-04-30T00:00:00.000","Maricopa","AZ","Passenger","2","2","4","872","876","0.4566210045662100456621004566"
"2019-08-31T00:00:00.000","Stafford","VA","Passenger","1","0","1","91","92","1.086956521739130434782608696"
"2021-02-28T00:00:00.000","Nassau","NY","Passenger","2","0","2","21","23","8.695652173913043478260869565"
"2021-03-31T00:00:00.000","Los Angeles","CA","Passenger","7","7","14","810","824","1.699029126213592233009708738"
"2019-09-30T00:00:00.000","Oklahoma","OK","Passenger","0","2","2","118","120","1.666666666666666666666666667"
"2021-03-31T00:00:00.000","Fairfax","VA","Passenger","5","6","11","643","654","1.681957186544342507645259939"
"2019-08-31T00:00:00.000","Stevens","WA","Passenger","25","32","57","32550","32607","0.1748090900726837795565369399"
"2020-07-31T00:00:00.000","Monroe","IL","Passenger","1","0","1","3","4","25.00"
"2019-09-30T00:00:00.000","Orange","CA","Passenger","6","2","8","509","517","1.547388781431334622823984526"
"2020-09-30T00:00:00.000","Montgomery","AL","Passenger","0","2","2","35","37","5.405405405405405405405405405"
"2021-02-28T00:00:00.000","Platte","MO","Passenger","1","0","1","20","21","4.761904761904761904761904762"
"2021-04-30T00:00:00.000","Milwaukee","WI","Passenger","1","0","1","33","34","2.941176470588235294117647059"
"2020-09-30T00:00:00.000","Moore","NC","Passenger","0","1","1","155","156","0.6410256410256410256410256410"
"2021-04-30T00:00:00.000","Missoula","MT","Passenger","1","0","1","43","44","2.272727272727272727272727273"
"2021-03-31T00:00:00.000","Grant","WA","Passenger","95","94","189","67593","67782","0.2788350889616712401522528105"
"2019-09-30T00:00:00.000","Pend Oreille","WA","Passenger","7","6","13","9803","9816","0.1324368378158109209453952730"
"2019-08-31T00:00:00.000","Tuolumne","CA","Passenger","0","1","1","10","11","9.090909090909090909090909091"
"2021-04-30T00:00:00.000","Moore","NC","Passenger","0","1","1","131","132","0.7575757575757575757575757576"
"2021-03-31T00:00:00.000","Mason","WA","Passenger","219","147","366","48640","49006","0.7468473248173693017181569604"
"2021-03-31T00:00:00.000","Harris","TX","Passenger","1","0","1","167","168","0.5952380952380952380952380952"
"2021-04-30T00:00:00.000","Nueces","TX","Passenger","1","0","1","71","72","1.388888888888888888888888889"
"2020-09-30T00:00:00.000","Pima","AZ","Passenger","2","1","3","276","279","1.075268817204301075268817204"
"2021-03-31T00:00:00.000","Missoula","MT","Passenger","1","0","1","47","48","2.083333333333333333333333333"
"2021-03-31T00:00:00.000","Honolulu","HI","Passenger","4","0","4","339","343","1.166180758017492711370262391"
"2021-03-31T00:00:00.000","Howard","IN","Passenger","0","1","1","2","3","33.33333333333333333333333333"
"2021-02-28T00:00:00.000","Shelby","OH","Passenger","0","1","1","1","2","50.0"
"2021-04-30T00:00:00.000","Placer","CA","Passenger","1","0","1","68","69","1.449275362318840579710144928"
"2021-03-31T00:00:00.000","Monterey","CA","Passenger","1","0","1","160","161","0.6211180124223602484472049689"
"2020-09-30T00:00:00.000","Polk","FL","Passenger","1","0","1","59","60","1.666666666666666666666666667"
"2021-03-31T00:00:00.000","Island","WA","Passenger","574","316","890","64085","64975","1.369757599076567910734898038"
"2021-02-28T00:00:00.000","Snohomish","WA","Truck","5","0","5","128203","128208","0.003899912641956820167228254087"
"2021-03-31T00:00:00.000","Montgomery","AL","Passenger","0","1","1","31","32","3.12500"
"2020-07-31T00:00:00.000","Saint Louis","MO","Passenger","1","0","1","60","61","1.639344262295081967213114754"
"2021-03-31T00:00:00.000","Moore","NC","Passenger","0","1","1","129","130","0.7692307692307692307692307692"
"2021-04-30T00:00:00.000","Queens","NY","Passenger","1","0","1","44","45","2.222222222222222222222222222"
"2021-03-31T00:00:00.000","King","WA","Passenger","29207","8723","37930","1382170","1420100","2.670938666291106260122526583"
"2021-04-30T00:00:00.000","Saginaw","MI","Passenger","2","0","2","8","10","20.0"
"2021-02-28T00:00:00.000","Stevens","WA","Truck","0","0","0","19174","19174","0"
"2021-03-31T00:00:00.000","Kings","NY","Passenger","1","0","1","50","51","1.960784313725490196078431373"
"2020-07-31T00:00:00.000","Santa Barbara","CA","Passenger","1","0","1","84","85","1.176470588235294117647058824"
"2019-09-30T00:00:00.000","Riley","KS","Passenger","1","0","1","63","64","1.562500"
"2021-04-30T00:00:00.000","San Mateo","CA","Passenger","0","1","1","88","89","1.123595505617977528089887640"
"2019-09-30T00:00:00.000","Adams","WA","Truck","0","0","0","5358","5358","0"
"2020-07-31T00:00:00.000","Shasta","CA","Passenger","1","0","1","36","37","2.702702702702702702702702703"
"2020-07-31T00:00:00.000","Snohomish","WA","Passenger","4773","1892","6665","545106","551771","1.207928651560158109070610815"
"2021-03-31T00:00:00.000","Lincoln","WA","Truck","0","0","0","4817","4817","0"
"2021-04-30T00:00:00.000","Santa Barbara","CA","Passenger","1","0","1","75","76","1.315789473684210526315789474"
"2019-09-30T00:00:00.000","Alexandria City","VA","Passenger","4","0","4","144","148","2.702702702702702702702702703"
"2021-03-31T00:00:00.000","Otero","NM","Passenger","0","1","1","33","34","2.941176470588235294117647059"
"2020-09-30T00:00:00.000","San Bernardino","CA","Passenger","0","1","1","421","422","0.2369668246445497630331753555"
"2019-09-30T00:00:00.000","Santa Rosa","FL","Passenger","1","0","1","82","83","1.204819277108433734939759036"
"2021-04-30T00:00:00.000","Sarasota","FL","Passenger","1","0","1","21","22","4.545454545454545454545454545"
"2021-03-31T00:00:00.000","Pacific","WA","Truck","0","0","0","8003","8003","0"
"2021-02-28T00:00:00.000","Walla Walla","WA","Passenger","109","73","182","36831","37013","0.4917191257125874692675546430"
"2020-07-31T00:00:00.000","Stevens","WA","Passenger","40","37","77","31424","31501","0.2444366845496968350211104409"
"2020-07-31T00:00:00.000","Suffolk City","VA","Passenger","1","0","1","122","123","0.8130081300813008130081300813"
"2021-02-28T00:00:00.000","Whitman","WA","Passenger","55","49","104","22268","22372","0.4648667977829429644198104774"
"2020-09-30T00:00:00.000","Santa Cruz","CA","Passenger","1","0","1","31","32","3.12500"
"2021-03-31T00:00:00.000","Pima","AZ","Passenger","1","1","2","241","243","0.8230452674897119341563786008"
"2019-09-30T00:00:00.000","Asotin","WA","Truck","0","0","0","6898","6898","0"
"2021-02-28T00:00:00.000","Whitman","WA","Truck","2","0","2","8685","8687","0.02302290779325428801657649361"
"2020-07-31T00:00:00.000","Sumter","FL","Passenger","0","1","1","8","9","11.11111111111111111111111111"
"2019-09-30T00:00:00.000","Spartanburg","SC","Passenger","0","1","1","31","32","3.12500"
"2021-04-30T00:00:00.000","Suffolk City","VA","Passenger","1","0","1","116","117","0.8547008547008547008547008547"
"2021-02-28T00:00:00.000","Williamson","TX","Passenger","1","0","1","86","87","1.149425287356321839080459770"
"2021-03-31T00:00:00.000","Polk","FL","Passenger","1","0","1","51","52","1.923076923076923076923076923"
"2021-03-31T00:00:00.000","Norfolk City","VA","Passenger","2","1","3","324","327","0.9174311926605504587155963303"
"2020-07-31T00:00:00.000","Travis","TX","Passenger","1","2","3","145","148","2.027027027027027027027027027"
"2020-09-30T00:00:00.000","Spokane","WA","Truck","1","0","1","102125","102126","0.0009791825783835653996044102383"
"2021-04-30T00:00:00.000","Utah","UT","Passenger","0","1","1","90","91","1.098901098901098901098901099"
"2021-03-31T00:00:00.000","Okanogan","WA","Truck","0","0","0","3955","3955","0"
"2020-09-30T00:00:00.000","Stafford","VA","Passenger","1","0","1","84","85","1.176470588235294117647058824"
"2021-03-31T00:00:00.000","Alameda","CA","Passenger","2","0","2","217","219","0.9132420091324200913242009132"
"2020-09-30T00:00:00.000","Stevens","WA","Passenger","38","40","78","31184","31262","0.2495041903908898982790608406"
"2021-03-31T00:00:00.000","Pend Oreille","WA","Truck","1","0","1","5862","5863","0.01705611461709022684632440730"
"2019-09-30T00:00:00.000","Caddo","LA","Passenger","1","0","1","18","19","5.263157894736842105263157895"
"2021-03-31T00:00:00.000","Philadelphia","PA","Passenger","1","0","1","50","51","1.960784313725490196078431373"
"2020-07-31T00:00:00.000","Yakima","WA","Truck","0","0","0","62187","62187","0"
"2021-03-31T00:00:00.000","Powhatan","VA","Passenger","1","0","1","1","2","50.0"
"2021-03-31T00:00:00.000","Arlington","VA","Passenger","0","1","1","120","121","0.8264462809917355371900826446"
"2021-04-30T00:00:00.000","Yakima","WA","Passenger","222","148","370","171882","172252","0.2148015697930938392587604208"
"2020-09-30T00:00:00.000","Thurston","WA","Passenger","1303","803","2106","200595","202701","1.038968727337309633400920568"
"2021-03-31T00:00:00.000","San Bernardino","CA","Passenger","0","1","1","380","381","0.2624671916010498687664041995"
"2019-09-30T00:00:00.000","Ventura","CA","Passenger","0","1","1","308","309","0.3236245954692556634304207120"
"2021-03-31T00:00:00.000","Santa Cruz","CA","Passenger","1","0","1","28","29","3.448275862068965517241379310"
"2021-05-31T00:00:00.000","Arapahoe","CO","Passenger","1","0","1","99","100","1.00"
"2021-03-31T00:00:00.000","Bexar","TX","Passenger","3","5","8","464","472","1.694915254237288135593220339"
"2021-05-31T00:00:00.000","Bay","FL","Passenger","1","0","1","29","30","3.333333333333333333333333333"
"2020-08-31T00:00:00.000","Bay","FL","Passenger","1","0","1","30","31","3.225806451612903225806451613"
"2021-03-31T00:00:00.000","Sarpy","NE","Passenger","1","0","1","58","59","1.694915254237288135593220339"
"2019-09-30T00:00:00.000","Wahkiakum","WA","Passenger","2","4","6","3114","3120","0.1923076923076923076923076923"
"2020-09-30T00:00:00.000","Walla Walla","WA","Truck","0","0","0","14185","14185","0"
"2021-03-31T00:00:00.000","San Diego","CA","Passenger","14","8","22","2591","2613","0.8419441255262150784538844240"
"2021-03-31T00:00:00.000","San Francisco","CA","Passenger","1","1","2","81","83","2.409638554216867469879518072"
"2020-08-31T00:00:00.000","Bexar","TX","Passenger","4","5","9","514","523","1.720841300191204588910133843"
"2019-09-30T00:00:00.000","Columbia","GA","Passenger","1","1","2","147","149","1.342281879194630872483221477"
"2020-09-30T00:00:00.000","Westchester","NY","Passenger","0","1","1","21","22","4.545454545454545454545454545"
"2021-05-31T00:00:00.000","Benton","WA","Truck","4","0","4","44202","44206","0.009048545446319504139709541691"
"2021-03-31T00:00:00.000","Skamania","WA","Passenger","42","25","67","8495","8562","0.7825274468582106984349451063"
"2021-05-31T00:00:00.000","Bucks","PA","Passenger","1","0","1","17","18","5.555555555555555555555555556"
"2021-03-31T00:00:00.000","Clark","NV","Passenger","4","1","5","550","555","0.9009009009009009009009009009"
"2021-05-31T00:00:00.000","Calvert","MD","Passenger","0","2","2","85","87","2.298850574712643678160919540"
"2021-03-31T00:00:00.000","Skamania","WA","Truck","0","0","0","4124","4124","0"
"2020-08-31T00:00:00.000","Charleston","SC","Passenger","1","0","1","93","94","1.063829787234042553191489362"
"2020-10-31T00:00:00.000","NULL","WA","Passenger","0","0","0","2","2","0"
"2021-03-31T00:00:00.000","Columbia","GA","Passenger","1","0","1","123","124","0.8064516129032258064516129032"
"2021-05-31T00:00:00.000","Charles","MD","Passenger","1","1","2","58","60","3.333333333333333333333333333"
"2020-08-31T00:00:00.000","Chelan","WA","Passenger","253","83","336","55273","55609","0.6042187415706090740707439443"
"2021-03-31T00:00:00.000","Spartanburg","SC","Passenger","0","1","1","35","36","2.777777777777777777777777778"
"2019-09-30T00:00:00.000","Dekalb","IN","Passenger","1","0","1","1","2","50.0"
"2021-03-31T00:00:00.000","Spokane","WA","Passenger","1003","621","1624","327394","329018","0.4935900163516889653453610441"
"2021-05-31T00:00:00.000","Charleston","SC","Passenger","1","0","1","74","75","1.333333333333333333333333333"
"2019-10-31T00:00:00.000","Alexandria City","VA","Passenger","4","0","4","143","147","2.721088435374149659863945578"
"2021-03-31T00:00:00.000","Cowlitz","WA","Truck","1","0","1","29580","29581","0.003380548324938304993069875934"
"2020-08-31T00:00:00.000","Clark","WA","Truck","0","0","0","84569","84569","0"
"2021-03-31T00:00:00.000","Vigo","IN","Passenger","1","0","1","3","4","25.00"
"2021-05-31T00:00:00.000","Chesapeake City","VA","Passenger","0","3","3","352","355","0.8450704225352112676056338028"
"2020-08-31T00:00:00.000","Clay","FL","Passenger","0","1","1","78","79","1.265822784810126582278481013"
"2021-03-31T00:00:00.000","Walla Walla","WA","Truck","0","0","0","14253","14253","0"
"2021-03-31T00:00:00.000","Wahkiakum","WA","Truck","0","0","0","1817","1817","0"
"2021-05-31T00:00:00.000","Clallam","WA","Truck","1","0","1","22279","22280","0.004488330341113105924596050269"
"2021-03-31T00:00:00.000","El Paso","TX","Passenger","2","0","2","373","375","0.5333333333333333333333333333"
"2021-03-31T00:00:00.000","Walla Walla","WA","Passenger","109","75","184","36905","37089","0.4961039661355118768367979724"
"2021-05-31T00:00:00.000","Clark","WA","Passenger","2885","1393","4278","325601","329879","1.296839144049787952552299480"
"2019-09-30T00:00:00.000","Fairbanks North Star","AK","Passenger","0","1","1","97","98","1.020408163265306122448979592"
"2021-03-31T00:00:00.000","Westchester","NY","Passenger","0","1","1","18","19","5.263157894736842105263157895"
"2020-08-31T00:00:00.000","Cowlitz","WA","Passenger","163","133","296","73537","73833","0.4009047444909457830509392819"
"2021-03-31T00:00:00.000","Whatcom","WA","Passenger","1371","600","1971","152739","154710","1.273996509598603839441535777"
"2021-03-31T00:00:00.000","Whatcom","WA","Truck","6","0","6","44506","44512","0.01347951114306254493170381021"
"2019-09-30T00:00:00.000","Ferry","WA","Passenger","5","2","7","4594","4601","0.1521408389480547707020212997"
"2021-03-31T00:00:00.000","Wichita","TX","Passenger","1","0","1","37","38","2.631578947368421052631578947"
"2019-10-31T00:00:00.000","Boulder","CO","Passenger","1","1","2","40","42","4.761904761904761904761904762"
"2019-09-30T00:00:00.000","Franklin","WA","Truck","0","0","0","20137","20137","0"
"2021-03-31T00:00:00.000","Grant","WA","Truck","0","0","0","28365","28365","0"
"2020-08-31T00:00:00.000","Douglas","WA","Truck","0","0","0","12631","12631","0"
"2019-09-30T00:00:00.000","Frederick","MD","Passenger","2","1","3","84","87","3.448275862068965517241379310"
"2019-10-31T00:00:00.000","Brevard","FL","Passenger","0","1","1","76","77","1.298701298701298701298701299"
"2021-04-30T00:00:00.000","Alameda","CA","Passenger","2","0","2","208","210","0.9523809523809523809523809524"
"2020-10-31T00:00:00.000","Carroll","MD","Passenger","0","1","1","15","16","6.2500"
"2021-04-30T00:00:00.000","Anne Arundel","MD","Passenger","3","3","6","371","377","1.591511936339522546419098143"
"2021-03-31T00:00:00.000","Grays Harbor","WA","Passenger","167","133","300","49645","49945","0.6006607267994794273701071178"
"2020-08-31T00:00:00.000","Erie","NY","Passenger","1","0","1","37","38","2.631578947368421052631578947"
"2020-10-31T00:00:00.000","Cascade","MT","Passenger","0","1","1","54","55","1.818181818181818181818181818"
"2021-03-31T00:00:00.000","Grays Harbor","WA","Truck","1","0","1","21535","21536","0.004643387815750371471025260030"
"2021-04-30T00:00:00.000","Asotin","WA","Passenger","20","15","35","12848","12883","0.2716758518978498796864084452"
"2021-04-30T00:00:00.000","NULL","CA","Passenger","1","4","5","216","221","2.262443438914027149321266968"
"2020-08-31T00:00:00.000","Fairfax","VA","Passenger","5","5","10","698","708","1.412429378531073446327683616"
"2021-05-31T00:00:00.000","Douglas","WA","Passenger","93","48","141","28838","28979","0.4865592325477069602125677215"
"2020-10-31T00:00:00.000","Chaves","NM","Passenger","1","0","1","9","10","10.0"
"2021-04-30T00:00:00.000","Allegheny","PA","Passenger","1","0","1","54","55","1.818181818181818181818181818"
"2021-05-31T00:00:00.000","Erie","NY","Passenger","1","0","1","31","32","3.12500"
"2021-05-31T00:00:00.000","Fairfax","VA","Passenger","5","6","11","626","637","1.726844583987441130298273155"
"2020-10-31T00:00:00.000","Chesapeake City","VA","Passenger","0","3","3","387","390","0.7692307692307692307692307692"
"2020-08-31T00:00:00.000","Fulton","GA","Passenger","1","2","3","91","94","3.191489361702127659574468085"
"2021-04-30T00:00:00.000","Arlington","VA","Passenger","0","1","1","119","120","0.8333333333333333333333333333"
"2019-09-30T00:00:00.000","Grays Harbor","WA","Truck","0","0","0","21142","21142","0"
"2021-04-30T00:00:00.000","Camden","GA","Passenger","1","0","1","125","126","0.7936507936507936507936507937"
"2020-08-31T00:00:00.000","Grant","WA","Passenger","69","80","149","66982","67131","0.2219540897647882498398653379"
"2021-03-31T00:00:00.000","Hidalgo","TX","Passenger","0","1","1","57","58","1.724137931034482758620689655"
"2020-08-31T00:00:00.000","Grays Harbor","WA","Passenger","128","120","248","49130","49378","0.5022479646806269998784883956"
"2021-04-30T00:00:00.000","Bell","TX","Passenger","0","1","1","335","336","0.2976190476190476190476190476"
"2021-04-30T00:00:00.000","Benton","WA","Truck","3","0","3","44316","44319","0.006769105801123671562986529479"
"2020-10-31T00:00:00.000","Clark","WA","Passenger","2343","1177","3520","324746","328266","1.072301121651343727343069340"
"2021-05-31T00:00:00.000","Howard","IN","Passenger","0","1","1","2","3","33.33333333333333333333333333"
"2019-09-30T00:00:00.000","Harrison","MS","Passenger","1","0","1","65","66","1.515151515151515151515151515"
"2019-10-31T00:00:00.000","Columbia","WA","Passenger","3","2","5","2491","2496","0.2003205128205128205128205128"
"2021-05-31T00:00:00.000","Howard","MD","Passenger","0","1","1","72","73","1.369863013698630136986301370"
"2021-03-31T00:00:00.000","Jones","GA","Passenger","1","0","1","1","2","50.0"
"2020-08-31T00:00:00.000","Howard","IN","Passenger","0","1","1","2","3","33.33333333333333333333333333"
"2021-05-31T00:00:00.000","Island","WA","Passenger","615","324","939","64120","65059","1.443305307490124348668132003"
"2021-04-30T00:00:00.000","Cowlitz","WA","Truck","2","0","2","29624","29626","0.006750826976304597313170863431"
"2020-08-31T00:00:00.000","Island","WA","Truck","1","0","1","21726","21727","0.004602568233074055322870161550"
"2021-04-30T00:00:00.000","Bradley","TN","Passenger","1","1","2","0","2","100"
"2021-03-31T00:00:00.000","Klickitat","WA","Truck","0","0","0","8351","8351","0"
"2021-04-30T00:00:00.000","Cumberland","NC","Truck","1","0","1","96","97","1.030927835051546391752577320"
"2021-04-30T00:00:00.000","Danville City","VA","Passenger","1","0","1","0","1","100"
"2020-08-31T00:00:00.000","Kent","MI","Passenger","0","1","1","20","21","4.761904761904761904761904762"
"2021-05-31T00:00:00.000","Kittitas","WA","Passenger","163","65","228","30374","30602","0.7450493431801843016796287824"
"2021-04-30T00:00:00.000","District Of Columbia","DC","Passenger","2","2","4","195","199","2.010050251256281407035175879"
"2020-08-31T00:00:00.000","King","WA","Passenger","25851","8118","33969","1392451","1426420","2.381416413118155942849931998"
"2021-05-31T00:00:00.000","Klickitat","WA","Passenger","69","46","115","15472","15587","0.7377943157759671521139411048"
"2020-10-31T00:00:00.000","Denton","TX","Passenger","1","0","1","57","58","1.724137931034482758620689655"
"2020-08-31T00:00:00.000","Klickitat","WA","Passenger","60","43","103","15433","15536","0.6629763130792996910401647786"
"2021-05-31T00:00:00.000","Lincoln","WA","Truck","0","0","0","4805","4805","0"
"2021-04-30T00:00:00.000","Carson City","NV","Passenger","1","0","1","10","11","9.090909090909090909090909091"
"2020-08-31T00:00:00.000","Klickitat","WA","Truck","0","0","0","8364","8364","0"
"2021-04-30T00:00:00.000","El Paso","TX","Passenger","2","0","2","364","366","0.5464480874316939890710382514"
"2019-10-31T00:00:00.000","Douglas","NE","Passenger","0","1","1","55","56","1.785714285714285714285714286"
"2021-04-30T00:00:00.000","Charles","MD","Passenger","1","1","2","59","61","3.278688524590163934426229508"
"2019-10-31T00:00:00.000","Douglas","OR","Passenger","1","0","1","44","45","2.222222222222222222222222222"
"2021-04-30T00:00:00.000","Fairbanks North Star","AK","Passenger","0","1","1","82","83","1.204819277108433734939759036"
"2020-10-31T00:00:00.000","El Paso","CO","Passenger","1","0","1","630","631","0.1584786053882725832012678288"
"2021-04-30T00:00:00.000","Flathead","MT","Passenger","1","0","1","33","34","2.941176470588235294117647059"
"2019-10-31T00:00:00.000","Dupage","IL","Passenger","2","0","2","50","52","3.846153846153846153846153846"
"2020-08-31T00:00:00.000","Lewis","WA","Passenger","124","125","249","59357","59606","0.4177431802167567023454014697"
"2021-04-30T00:00:00.000","Clallam","WA","Truck","1","0","1","22321","22322","0.004479885314935937639996416092"
"2021-04-30T00:00:00.000","Franklin","WA","Passenger","117","99","216","62797","63013","0.3427864091536667036960627172"
"2021-05-31T00:00:00.000","Nassau","NY","Passenger","1","0","1","19","20","5.00"
"2020-10-31T00:00:00.000","Fresno","CA","Passenger","1","0","1","162","163","0.6134969325153374233128834356"
"2021-04-30T00:00:00.000","Grant","WA","Truck","1","0","1","28422","28423","0.003518277451359814234950568202"
"2021-05-31T00:00:00.000","Otero","NM","Passenger","0","1","1","33","34","2.941176470588235294117647059"
"2021-03-31T00:00:00.000","Orange","FL","Passenger","1","0","1","98","99","1.010101010101010101010101010"
"2021-04-30T00:00:00.000","Cumberland","NC","Passenger","0","2","2","418","420","0.4761904761904761904761904762"
"2021-05-31T00:00:00.000","Pacific","WA","Truck","0","0","0","8013","8013","0"
"2021-03-31T00:00:00.000","Ozaukee","WI","Passenger","0","1","1","3","4","25.00"
"2021-04-30T00:00:00.000","Grays Harbor","WA","Truck","2","0","2","21631","21633","0.009245134747838949752692645495"
"2021-05-31T00:00:00.000","Pend Oreille","WA","Truck","1","0","1","5846","5847","0.01710278775440396784675902172"
"2020-08-31T00:00:00.000","Montgomery","OH","Passenger","0","1","1","59","60","1.666666666666666666666666667"
"2021-05-31T00:00:00.000","Pima","AZ","Passenger","1","1","2","217","219","0.9132420091324200913242009132"
"2020-10-31T00:00:00.000","Greene","MO","Passenger","0","1","1","22","23","4.347826086956521739130434783"
"2021-03-31T00:00:00.000","Pinellas","FL","Passenger","1","1","2","64","66","3.030303030303030303030303030"
"2021-05-31T00:00:00.000","Polk","FL","Passenger","1","0","1","48","49","2.040816326530612244897959184"
"2019-10-31T00:00:00.000","Guadalupe","TX","Passenger","2","0","2","57","59","3.389830508474576271186440678"
"2020-10-31T00:00:00.000","Hamilton","IN","Passenger","1","0","1","30","31","3.225806451612903225806451613"
"2019-10-31T00:00:00.000","Guilford","NC","Passenger","1","0","1","28","29","3.448275862068965517241379310"
"2021-04-30T00:00:00.000","Davidson","TN","Passenger","1","0","1","41","42","2.380952380952380952380952381"
"2019-10-31T00:00:00.000","Hennepin","MN","Passenger","2","0","2","95","97","2.061855670103092783505154639"
"2019-09-30T00:00:00.000","Liberty","GA","Passenger","1","0","1","131","132","0.7575757575757575757575757576"
"2021-04-30T00:00:00.000","El Dorado","CA","Passenger","1","0","1","26","27","3.703703703703703703703703704"
"2021-03-31T00:00:00.000","San Juan","WA","Truck","0","0","0","6022","6022","0"
"2021-05-31T00:00:00.000","Sevier","AR","Passenger","0","1","1","0","1","100"
"2021-05-31T00:00:00.000","Shelby","OH","Passenger","0","1","1","0","1","100"
"2020-08-31T00:00:00.000","Pima","AZ","Passenger","2","1","3","279","282","1.063829787234042553191489362"
"2021-04-30T00:00:00.000","King","WA","Truck","42","1","43","187313","187356","0.02295095967036016994385021029"
"2021-04-30T00:00:00.000","Kitsap","WA","Truck","6","0","6","55334","55340","0.01084206722081676906396819660"
"2021-05-31T00:00:00.000","Skamania","WA","Passenger","47","34","81","8550","8631","0.9384775808133472367049009385"
"2020-10-31T00:00:00.000","Jefferson","WA","Passenger","270","165","435","25183","25618","1.698024826294012022796471231"
"2021-04-30T00:00:00.000","Klamath","OR","Passenger","1","0","1","20","21","4.761904761904761904761904762"
"2020-08-31T00:00:00.000","Polk","FL","Passenger","1","0","1","60","61","1.639344262295081967213114754"
"2021-03-31T00:00:00.000","Spokane","WA","Truck","8","0","8","103050","103058","0.007762619107686933571386985969"
"2019-09-30T00:00:00.000","Maricopa","AZ","Passenger","6","3","9","1274","1283","0.7014809041309431021044427124"
"2020-08-31T00:00:00.000","Powhatan","VA","Passenger","1","0","1","0","1","100"
"2021-04-30T00:00:00.000","Glacier","MT","Passenger","0","1","1","4","5","20.0"
"2020-10-31T00:00:00.000","Klickitat","WA","Passenger","62","45","107","15392","15499","0.6903671204593844764178334086"
"2021-05-31T00:00:00.000","Vigo","IN","Passenger","1","0","1","3","4","25.00"
"2020-08-31T00:00:00.000","Prince William","VA","Passenger","2","2","4","217","221","1.809954751131221719457013575"
"2021-03-31T00:00:00.000","Thurston","WA","Passenger","1523","866","2389","200201","202590","1.179228984648798065057505306"
"2021-05-31T00:00:00.000","Wahkiakum","WA","Passenger","13","8","21","3140","3161","0.6643467257197089528630180323"
"2021-04-30T00:00:00.000","Lewis","WA","Truck","0","0","0","27251","27251","0"
"2019-10-31T00:00:00.000","Jefferson","WA","Truck","0","0","0","9883","9883","0"
"2021-05-31T00:00:00.000","Wahkiakum","WA","Truck","0","0","0","1823","1823","0"
"2021-04-30T00:00:00.000","Grays Harbor","WA","Passenger","173","137","310","49879","50189","0.6176652254478072884496602841"
"2019-09-30T00:00:00.000","Mason","WA","Passenger","156","134","290","48448","48738","0.5950182609052484714186056055"
"2021-05-31T00:00:00.000","Walla Walla","WA","Passenger","112","75","187","36994","37181","0.5029450525806191334283639493"
"2021-03-31T00:00:00.000","Ventura","CA","Passenger","1","2","3","254","257","1.167315175097276264591439689"
"2019-10-31T00:00:00.000","Juneau","AK","Passenger","0","1","1","21","22","4.545454545454545454545454545"
"2021-05-31T00:00:00.000","Whatcom","WA","Passenger","1457","614","2071","152665","154736","1.338408644400785854616895874"
"2020-08-31T00:00:00.000","Saint Clair","IL","Passenger","1","0","1","139","140","0.7142857142857142857142857143"
"2021-05-31T00:00:00.000","Whitman","WA","Truck","2","0","2","8672","8674","0.02305741295826608254553839059"
"2021-04-30T00:00:00.000","Harnett","NC","Passenger","0","1","1","150","151","0.6622516556291390728476821192"
"2020-08-31T00:00:00.000","San Francisco","CA","Passenger","2","1","3","82","85","3.529411764705882352941176471"
"2021-05-31T00:00:00.000","Williamson","TX","Passenger","1","0","1","75","76","1.315789473684210526315789474"
"2020-10-31T00:00:00.000","Mecklenburg","NC","Passenger","1","0","1","67","68","1.470588235294117647058823529"
"2021-04-30T00:00:00.000","Maui","HI","Passenger","1","0","1","26","27","3.703703703703703703703703704"
"2021-04-30T00:00:00.000","Hidalgo","TX","Passenger","0","1","1","56","57","1.754385964912280701754385965"
"2020-08-31T00:00:00.000","Skamania","WA","Truck","0","0","0","4167","4167","0"
"2020-10-31T00:00:00.000","Montgomery","OH","Passenger","0","1","1","59","60","1.666666666666666666666666667"
"2020-08-31T00:00:00.000","Spokane","WA","Passenger","827","539","1366","323794","325160","0.4201008734161643498585311846"
"2021-04-30T00:00:00.000","Montgomery","PA","Passenger","1","0","1","16","17","5.882352941176470588235294118"
"2021-06-30T00:00:00.000","NULL","CA","Passenger","1","4","5","212","217","2.304147465437788018433179724"
"2021-04-30T00:00:00.000","Arapahoe","CO","Passenger","1","0","1","104","105","0.9523809523809523809523809524"
"2021-04-30T00:00:00.000","New Castle","DE","Passenger","1","0","1","20","21","4.761904761904761904761904762"
"2021-04-30T00:00:00.000","Bay","FL","Passenger","1","0","1","30","31","3.225806451612903225806451613"
"2020-10-31T00:00:00.000","Nueces","TX","Passenger","1","0","1","78","79","1.265822784810126582278481013"
"2021-06-30T00:00:00.000","Bell","TX","Passenger","0","1","1","318","319","0.3134796238244514106583072100"
"2019-09-30T00:00:00.000","Montgomery","AL","Passenger","0","2","2","38","40","5.00"
"2020-10-31T00:00:00.000","Okanogan","NULL","Passenger","42","31","73","20684","20757","0.3516885869827046297634532929"
"2021-04-30T00:00:00.000","Bexar","TX","Passenger","3","5","8","454","462","1.731601731601731601731601732"
"2021-06-30T00:00:00.000","Bradley","TN","Passenger","0","1","1","0","1","100"
"2021-04-30T00:00:00.000","Kent","DE","Passenger","0","1","1","58","59","1.694915254237288135593220339"
"2020-08-31T00:00:00.000","Thurston","WA","Passenger","1285","803","2088","200509","202597","1.030617432637205881627072464"
"2021-04-30T00:00:00.000","Boone","MO","Passenger","0","1","1","6","7","14.28571428571428571428571429"
"2019-09-30T00:00:00.000","Moore","NC","Passenger","0","1","1","182","183","0.5464480874316939890710382514"
"2021-04-30T00:00:00.000","Kittitas","WA","Truck","1","0","1","14997","14998","0.006667555674089878650486731564"
"2020-08-31T00:00:00.000","Ventura","CA","Passenger","1","2","3","278","281","1.067615658362989323843416370"
"2020-08-31T00:00:00.000","Vigo","IN","Passenger","1","0","1","3","4","25.00"
"2021-04-30T00:00:00.000","Pennington","SD","Passenger","1","0","1","30","31","3.225806451612903225806451613"
"2020-08-31T00:00:00.000","Wahkiakum","WA","Truck","0","0","0","1784","1784","0"
"2021-06-30T00:00:00.000","Bryan","GA","Passenger","1","0","1","55","56","1.785714285714285714285714286"
"2019-09-30T00:00:00.000","New Castle","DE","Passenger","1","0","1","23","24","4.166666666666666666666666667"
"2020-08-31T00:00:00.000","Walla Walla","WA","Truck","0","0","0","14149","14149","0"
"2021-06-30T00:00:00.000","Carson City","NV","Passenger","1","0","1","10","11","9.090909090909090909090909091"
"2021-04-30T00:00:00.000","Platte","MO","Passenger","1","0","1","17","18","5.555555555555555555555555556"
"2021-04-30T00:00:00.000","Charleston","SC","Passenger","1","0","1","77","78","1.282051282051282051282051282"
"2019-09-30T00:00:00.000","Norfolk City","VA","Passenger","3","1","4","363","367","1.089918256130790190735694823"
"2020-08-31T00:00:00.000","Whatcom","WA","Truck","3","0","3","44304","44307","0.006770939129257227977520482091"
"2021-04-30T00:00:00.000","Chelan","WA","Passenger","322","93","415","55383","55798","0.7437542564249614681529803936"
"2019-10-31T00:00:00.000","Mason","WA","Truck","0","0","0","21067","21067","0"
"2021-04-30T00:00:00.000","Liberty","GA","Passenger","1","0","1","108","109","0.9174311926605504587155963303"
"2020-10-31T00:00:00.000","Ramsey","MN","Passenger","1","0","1","28","29","3.448275862068965517241379310"
"2021-04-30T00:00:00.000","Saint Clair","IL","Passenger","1","0","1","130","131","0.7633587786259541984732824427"
"2021-06-30T00:00:00.000","Clackamas","OR","Passenger","1","0","1","122","123","0.8130081300813008130081300813"
"2021-04-30T00:00:00.000","Clark","WA","Truck","13","0","13","85336","85349","0.01523157857737056087358961441"
"2020-09-30T00:00:00.000","NULL","CA","Passenger","1","2","3","215","218","1.376146788990825688073394495"
"2019-09-30T00:00:00.000","Ozaukee","WI","Passenger","0","1","1","3","4","25.00"
"2020-10-31T00:00:00.000","Saginaw","MI","Passenger","1","0","1","8","9","11.11111111111111111111111111"
"2020-09-30T00:00:00.000","Allegheny","PA","Passenger","1","0","1","56","57","1.754385964912280701754385965"
"2021-04-30T00:00:00.000","Skagit","WA","Passenger","591","288","879","93183","94062","0.9344900172226829112712891497"
"2021-04-30T00:00:00.000","Cowlitz","WA","Passenger","226","145","371","73471","73842","0.5024240946886595704341702554"
"2021-06-30T00:00:00.000","Cumberland","NC","Passenger","0","2","2","400","402","0.4975124378109452736318407960"
"2021-04-30T00:00:00.000","Snohomish","WA","Passenger","5772","2042","7814","546488","554302","1.409700848995673838449076496"
"2020-10-31T00:00:00.000","San Juan","WA","Passenger","344","107","451","14348","14799","3.047503209676329481721737955"
"2021-04-30T00:00:00.000","Spokane","WA","Truck","14","0","14","103281","103295","0.01355341497652354905852170967"
"2021-04-30T00:00:00.000","Dekalb","GA","Passenger","1","0","1","54","55","1.818181818181818181818181818"
"2020-10-31T00:00:00.000","San Mateo","CA","Passenger","0","1","1","99","100","1.00"
"2021-04-30T00:00:00.000","Stevens","WA","Passenger","43","42","85","31107","31192","0.2725057707104385739933316235"
"2019-09-30T00:00:00.000","Pinal","AZ","Passenger","1","0","1","160","161","0.6211180124223602484472049689"
"2019-10-31T00:00:00.000","Montgomery","MD","Passenger","0","4","4","270","274","1.459854014598540145985401460"
"2020-09-30T00:00:00.000","Bell","TX","Passenger","0","1","1","368","369","0.2710027100271002710027100271"
"2021-06-30T00:00:00.000","District Of Columbia","DC","Passenger","3","2","5","200","205","2.439024390243902439024390244"
"2020-10-31T00:00:00.000","Shelby","OH","Passenger","0","1","1","1","2","50.0"
"2021-04-30T00:00:00.000","Douglas","WA","Truck","1","0","1","12804","12805","0.007809449433814916048418586490"
"2021-04-30T00:00:00.000","Dupage","IL","Passenger","1","0","1","39","40","2.500"
"2021-04-30T00:00:00.000","Thurston","WA","Passenger","1588","875","2463","200373","202836","1.214281488493166893450866710"
"2021-06-30T00:00:00.000","Duval","FL","Passenger","0","1","1","280","281","0.3558718861209964412811387900"
"2020-10-31T00:00:00.000","Skagit","WA","Truck","1","0","1","33470","33471","0.002987660960234232619282363837"
"2019-10-31T00:00:00.000","Muscogee","GA","Passenger","0","1","1","181","182","0.5494505494505494505494505495"
"2021-04-30T00:00:00.000","Monterey","CA","Passenger","1","0","1","158","159","0.6289308176100628930817610063"
"2021-04-30T00:00:00.000","Erie","NY","Passenger","1","0","1","31","32","3.12500"
"2020-10-31T00:00:00.000","Snohomish","WA","Truck","0","0","0","128215","128215","0"
"2021-04-30T00:00:00.000","Fairfax","VA","Passenger","5","6","11","634","645","1.705426356589147286821705426"
"2020-09-30T00:00:00.000","Boone","MO","Passenger","0","1","1","7","8","12.500"
"2020-09-30T00:00:00.000","Bradley","TN","Passenger","1","1","2","1","3","66.66666666666666666666666667"
"2021-06-30T00:00:00.000","Ferry","WA","Truck","0","0","0","3662","3662","0"
"2021-06-30T00:00:00.000","Flathead","MT","Passenger","1","0","1","30","31","3.225806451612903225806451613"
"2020-09-30T00:00:00.000","Bryan","GA","Passenger","1","0","1","58","59","1.694915254237288135593220339"
"2020-10-31T00:00:00.000","Stevens","WA","Truck","0","0","0","19201","19201","0"
"2021-06-30T00:00:00.000","Garfield","WA","Passenger","0","3","3","1374","1377","0.2178649237472766884531590414"
"2019-10-31T00:00:00.000","Norfolk City","VA","Passenger","3","1","4","362","366","1.092896174863387978142076503"
"2021-06-30T00:00:00.000","Garfield","WA","Truck","0","0","0","1007","1007","0"
"2021-04-30T00:00:00.000","Fulton","GA","Passenger","0","1","1","68","69","1.449275362318840579710144928"
"2019-10-31T00:00:00.000","Oldham","KY","Passenger","0","1","1","4","5","20.0"
"2021-06-30T00:00:00.000","Goochland","VA","Passenger","3","0","3","108","111","2.702702702702702702702702703"
"2020-09-30T00:00:00.000","Camden","GA","Passenger","1","1","2","135","137","1.459854014598540145985401460"
"2019-10-31T00:00:00.000","Orange","CA","Passenger","6","2","8","506","514","1.556420233463035019455252918"
"2021-04-30T00:00:00.000","Grant","WA","Passenger","105","93","198","67809","68007","0.2911464996250385989677533195"
"2021-04-30T00:00:00.000","Okanogan","NULL","Truck","2","0","2","13098","13100","0.01526717557251908396946564885"
"2021-06-30T00:00:00.000","Harnett","NC","Passenger","0","1","1","139","140","0.7142857142857142857142857143"
"2020-10-31T00:00:00.000","Thurston","WA","Truck","0","0","0","57272","57272","0"
"2021-04-30T00:00:00.000","Hennepin","MN","Passenger","1","0","1","63","64","1.562500"
"2019-10-31T00:00:00.000","Pacific","WA","Passenger","40","31","71","16363","16434","0.4320311549227211877814287453"
"2020-10-31T00:00:00.000","Tipton","TN","Passenger","1","0","1","12","13","7.692307692307692307692307692"
"2021-04-30T00:00:00.000","Otero","NM","Passenger","0","1","1","33","34","2.941176470588235294117647059"
"2021-04-30T00:00:00.000","Ozaukee","WI","Passenger","0","1","1","3","4","25.00"
"2019-09-30T00:00:00.000","San Diego","CA","Passenger","8","7","15","2797","2812","0.5334281650071123755334281650"
"2021-04-30T00:00:00.000","Howard","IN","Passenger","0","1","1","2","3","33.33333333333333333333333333"
"2021-04-30T00:00:00.000","Palm Beach","FL","Passenger","1","0","1","51","52","1.923076923076923076923076923"
"2019-10-31T00:00:00.000","Pierce","WA","Passenger","2295","1738","4033","557134","561167","0.7186808917844420644834781803"
"2021-04-30T00:00:00.000","Pend Oreille","WA","Passenger","14","5","19","9460","9479","0.2004430847135773815803354784"
"2021-04-30T00:00:00.000","Island","WA","Truck","2","0","2","21860","21862","0.009148293843198243527582105937"
"2019-09-30T00:00:00.000","Sarasota","FL","Passenger","1","0","1","24","25","4.00"
"2019-10-31T00:00:00.000","Pinellas","FL","Passenger","1","1","2","87","89","2.247191011235955056179775281"
"2021-06-30T00:00:00.000","Kitsap","WA","Passenger","1929","861","2790","182459","185249","1.506081004485854174651415122"
"2021-04-30T00:00:00.000","Plaquemines","LA","Passenger","0","1","1","19","20","5.00"
"2021-05-31T00:00:00.000","NULL","NULL","Truck","1","0","1","291","292","0.3424657534246575342465753425"
"2021-06-30T00:00:00.000","Kittitas","WA","Truck","1","0","1","14922","14923","0.006701065469409636132145011057"
"2020-10-31T00:00:00.000","Washoe","NV","Passenger","1","0","1","71","72","1.388888888888888888888888889"
"2020-09-30T00:00:00.000","Davidson","TN","Passenger","1","0","1","50","51","1.960784313725490196078431373"
"2021-05-31T00:00:00.000","NULL","WA","Passenger","0","0","0","2","2","0"
"2021-04-30T00:00:00.000","Jefferson","WA","Truck","0","0","0","9761","9761","0"
"2019-09-30T00:00:00.000","Shelby","TN","Passenger","0","1","1","94","95","1.052631578947368421052631579"
"2020-09-30T00:00:00.000","Dekalb","GA","Passenger","1","0","1","70","71","1.408450704225352112676056338"
"2020-09-30T00:00:00.000","District Of Columbia","DC","Passenger","2","2","4","203","207","1.932367149758454106280193237"
"2021-05-31T00:00:00.000","Alameda","CA","Passenger","2","0","2","202","204","0.9803921568627450980392156863"
"2020-10-31T00:00:00.000","Whitman","WA","Truck","0","0","0","8681","8681","0"
"2020-09-30T00:00:00.000","Douglas","NE","Passenger","0","1","1","42","43","2.325581395348837209302325581"
"2020-10-31T00:00:00.000","Williams","ND","Passenger","0","1","1","12","13","7.692307692307692307692307692"
"2021-05-31T00:00:00.000","Albemarle","VA","Passenger","1","0","1","21","22","4.545454545454545454545454545"
"2021-04-30T00:00:00.000","Klickitat","WA","Truck","1","0","1","8397","8398","0.01190759704691593236484877352"
"2021-05-31T00:00:00.000","Benton","WA","Passenger","517","395","912","137689","138601","0.6580039105056962070980728855"
"2020-10-31T00:00:00.000","Yakima","WA","Passenger","173","131","304","170749","171053","0.1777226941357357076461681467"
"2021-05-31T00:00:00.000","Bexar","TX","Passenger","2","4","6","443","449","1.336302895322939866369710468"
"2020-09-30T00:00:00.000","Flathead","MT","Passenger","1","0","1","47","48","2.083333333333333333333333333"
"2021-04-30T00:00:00.000","Saint Louis","MO","Passenger","1","0","1","53","54","1.851851851851851851851851852"
"2019-10-31T00:00:00.000","Santa Rosa","FL","Passenger","1","0","1","81","82","1.219512195121951219512195122"
"2021-04-30T00:00:00.000","Saint Louis City","MO","Passenger","1","0","1","19","20","5.00"
"2021-04-30T00:00:00.000","Lincoln","WA","Truck","0","0","0","4821","4821","0"
"2021-06-30T00:00:00.000","Missoula","MT","Passenger","1","0","1","41","42","2.380952380952380952380952381"
"2019-09-30T00:00:00.000","Valencia","NM","Passenger","1","0","1","4","5","20.0"
"2021-04-30T00:00:00.000","Los Angeles","CA","Passenger","7","7","14","792","806","1.736972704714640198511166253"
"2020-09-30T00:00:00.000","Garfield","WA","Truck","0","0","0","1010","1010","0"
"2021-04-30T00:00:00.000","Sarpy","NE","Passenger","1","0","1","57","58","1.724137931034482758620689655"
"2021-05-31T00:00:00.000","Chelan","WA","Passenger","331","97","428","55347","55775","0.7673688928731510533393097266"
"2021-04-30T00:00:00.000","Sevier","AR","Passenger","0","1","1","0","1","100"
"2021-05-31T00:00:00.000","Clallam","WA","Passenger","336","211","547","51014","51561","1.060879346793118830123542988"
"2021-04-30T00:00:00.000","Skamania","WA","Passenger","44","32","76","8533","8609","0.8827970728307585085375769544"
"2019-10-31T00:00:00.000","Spartanburg","SC","Passenger","0","1","1","33","34","2.941176470588235294117647059"
"2020-11-30T00:00:00.000","Bryan","GA","Passenger","1","0","1","57","58","1.724137931034482758620689655"
"2021-04-30T00:00:00.000","Montgomery","MD","Passenger","2","4","6","211","217","2.764976958525345622119815668"
"2021-04-30T00:00:00.000","Sumter","FL","Passenger","0","1","1","8","9","11.11111111111111111111111111"
"2021-05-31T00:00:00.000","Cowlitz","WA","Truck","2","0","2","29530","29532","0.006772314777190843830421237979"
"2019-10-31T00:00:00.000","Twin Falls","ID","Passenger","0","1","1","24","25","4.00"
"2020-09-30T00:00:00.000","Jefferson","WA","Passenger","269","162","431","25191","25622","1.682148153930216220435563188"
"2021-04-30T00:00:00.000","Pacific","WA","Truck","0","0","0","8018","8018","0"
"2020-09-30T00:00:00.000","Kent","DE","Passenger","0","1","1","61","62","1.612903225806451612903225806"
"2021-04-30T00:00:00.000","Travis","TX","Passenger","1","0","1","125","126","0.7936507936507936507936507937"
"2020-09-30T00:00:00.000","Kitsap","WA","Truck","0","0","0","55298","55298","0"
"2020-09-30T00:00:00.000","Kittitas","WA","Truck","0","0","0","14961","14961","0"
"2021-06-30T00:00:00.000","Saint Louis","MO","Passenger","1","0","1","43","44","2.272727272727272727272727273"
"2020-09-30T00:00:00.000","Klamath","OR","Passenger","1","0","1","22","23","4.347826086956521739130434783"
"2021-05-31T00:00:00.000","Douglas","WA","Truck","2","0","2","12804","12806","0.01561767921286896767140402936"
"2021-05-31T00:00:00.000","El Paso","TX","Passenger","2","0","2","360","362","0.5524861878453038674033149171"
"2021-04-30T00:00:00.000","Pima","AZ","Passenger","1","1","2","228","230","0.8695652173913043478260869565"
"2020-09-30T00:00:00.000","Kootenai","ID","Passenger","1","0","1","190","191","0.5235602094240837696335078534"
"2020-11-30T00:00:00.000","Chelan","WA","Truck","0","0","0","23257","23257","0"
"2021-04-30T00:00:00.000","Pinellas","FL","Passenger","1","1","2","61","63","3.174603174603174603174603175"
"2020-11-30T00:00:00.000","Chesapeake City","VA","Passenger","0","3","3","387","390","0.7692307692307692307692307692"
"2020-09-30T00:00:00.000","Leon","FL","Passenger","1","0","1","8","9","11.11111111111111111111111111"
"2021-04-30T00:00:00.000","Wahkiakum","WA","Passenger","11","7","18","3145","3163","0.5690799873537780588049320266"
"2021-06-30T00:00:00.000","Santa Barbara","CA","Passenger","1","0","1","73","74","1.351351351351351351351351351"
"2021-04-30T00:00:00.000","Polk","FL","Passenger","1","0","1","50","51","1.960784313725490196078431373"
"2021-04-30T00:00:00.000","Powhatan","VA","Passenger","1","0","1","1","2","50.0"
"2019-10-31T00:00:00.000","Wayne","MI","Passenger","0","1","1","61","62","1.612903225806451612903225806"
"2020-11-30T00:00:00.000","Clackamas","OR","Passenger","1","0","1","141","142","0.7042253521126760563380281690"
"2019-10-31T00:00:00.000","Bryan","GA","Passenger","1","0","1","59","60","1.666666666666666666666666667"
"2019-10-31T00:00:00.000","Whitman","WA","Passenger","39","48","87","23132","23219","0.3746931392394159955209095999"
"2021-05-31T00:00:00.000","Grant","WA","Truck","1","0","1","28339","28340","0.003528581510232886379675370501"
"2021-06-30T00:00:00.000","Snohomish","WA","Passenger","6053","2107","8160","544479","552639","1.476551600592792039649753275"
"2021-05-31T00:00:00.000","Greene","MO","Passenger","0","1","1","19","20","5.00"
"2020-09-30T00:00:00.000","Maui","HI","Passenger","1","0","1","28","29","3.448275862068965517241379310"
"2019-10-31T00:00:00.000","Calvert","MD","Passenger","0","2","2","94","96","2.083333333333333333333333333"
"2021-06-30T00:00:00.000","Stevens","WA","Passenger","49","44","93","30863","30956","0.3004264116810957488047551363"
"2021-06-30T00:00:00.000","Suffolk City","VA","Passenger","1","0","1","115","116","0.8620689655172413793103448276"
"2021-05-31T00:00:00.000","Hamilton","IN","Passenger","1","0","1","26","27","3.703703703703703703703703704"
"2020-09-30T00:00:00.000","Mecklenburg","NC","Passenger","1","0","1","68","69","1.449275362318840579710144928"
"2021-04-30T00:00:00.000","San Bernardino","CA","Passenger","0","1","1","376","377","0.2652519893899204244031830239"
"2019-11-30T00:00:00.000","Ada","ID","Passenger","0","1","1","267","268","0.3731343283582089552238805970"
"2021-06-30T00:00:00.000","Sumter","FL","Passenger","0","1","1","6","7","14.28571428571428571428571429"
"2021-04-30T00:00:00.000","San Francisco","CA","Passenger","1","1","2","81","83","2.409638554216867469879518072"
"2021-04-30T00:00:00.000","Whatcom","WA","Passenger","1426","603","2029","153148","155177","1.307539132732299245377858832"
"2019-11-30T00:00:00.000","Alameda","CA","Passenger","4","0","4","270","274","1.459854014598540145985401460"
"2021-04-30T00:00:00.000","Santa Cruz","CA","Passenger","1","0","1","25","26","3.846153846153846153846153846"
"2021-06-30T00:00:00.000","Travis","TX","Passenger","1","0","1","116","117","0.8547008547008547008547008547"
"2021-04-30T00:00:00.000","Yakima","WA","Truck","2","0","2","62773","62775","0.003185981680605336519315013939"
"2019-10-31T00:00:00.000","Chesapeake City","VA","Passenger","0","1","1","434","435","0.2298850574712643678160919540"
"2020-09-30T00:00:00.000","Muscogee","GA","Passenger","0","1","1","164","165","0.6060606060606060606060606061"
"2019-11-30T00:00:00.000","Anne Arundel","MD","Passenger","1","3","4","431","435","0.9195402298850574712643678161"
"2019-10-31T00:00:00.000","Clackamas","OR","Passenger","1","1","2","189","191","1.047120418848167539267015707"
"2021-05-31T00:00:00.000","Island","WA","Truck","3","0","3","21853","21856","0.01372620790629575402635431918"
"2019-11-30T00:00:00.000","Asotin","WA","Passenger","14","9","23","12972","12995","0.1769911504424778761061946903"
"2020-11-30T00:00:00.000","Denver","CO","Passenger","1","0","1","97","98","1.020408163265306122448979592"
"2021-04-30T00:00:00.000","Spokane","WA","Passenger","1049","646","1695","328949","330644","0.5126359468189351689430323853"
"2021-05-31T00:00:00.000","Alexandria City","VA","Passenger","4","0","4","130","134","2.985074626865671641791044776"
"2019-10-31T00:00:00.000","Clark","WA","Passenger","1899","1061","2960","322652","325612","0.9090574057467169514637052688"
"2020-11-30T00:00:00.000","Deschutes","OR","Passenger","1","0","1","100","101","0.9900990099009900990099009901"
"2020-09-30T00:00:00.000","Palm Beach","FL","Passenger","0","1","1","61","62","1.612903225806451612903225806"
"2021-06-30T00:00:00.000","Yakima","WA","Truck","2","0","2","62554","62556","0.003197135366711426561800626639"
"2021-05-31T00:00:00.000","King","WA","Truck","57","1","58","186659","186717","0.03106305264116282930852573681"
"2021-04-30T00:00:00.000","Ventura","CA","Passenger","1","2","3","256","259","1.158301158301158301158301158"
"2021-07-31T00:00:00.000","Arapahoe","CO","Passenger","1","0","1","89","90","1.111111111111111111111111111"
"2021-04-30T00:00:00.000","Vigo","IN","Passenger","1","0","1","3","4","25.00"
"2021-05-31T00:00:00.000","Boulder","CO","Passenger","0","1","1","29","30","3.333333333333333333333333333"
"2021-07-31T00:00:00.000","Bay","FL","Passenger","1","0","1","27","28","3.571428571428571428571428571"
"2021-07-31T00:00:00.000","Bexar","TX","Passenger","2","4","6","420","426","1.408450704225352112676056338"
"2019-11-30T00:00:00.000","Bucks","PA","Passenger","1","0","1","21","22","4.545454545454545454545454545"
"2021-04-30T00:00:00.000","Walla Walla","WA","Truck","0","0","0","14297","14297","0"
"2020-11-30T00:00:00.000","Fresno","CA","Passenger","1","0","1","157","158","0.6329113924050632911392405063"
"2020-09-30T00:00:00.000","Saint Louis City","MO","Passenger","1","0","1","22","23","4.347826086956521739130434783"
"2020-11-30T00:00:00.000","Garfield","WA","Truck","0","0","0","1021","1021","0"
"2021-05-31T00:00:00.000","Bryan","GA","Passenger","1","0","1","55","56","1.785714285714285714285714286"
"2021-04-30T00:00:00.000","Westchester","NY","Passenger","0","1","1","18","19","5.263157894736842105263157895"
"2019-11-30T00:00:00.000","Calvert","MD","Passenger","0","2","2","94","96","2.083333333333333333333333333"
"2020-11-30T00:00:00.000","Goochland","VA","Passenger","3","1","4","143","147","2.721088435374149659863945578"
"2021-04-30T00:00:00.000","Whitman","WA","Passenger","61","47","108","22320","22428","0.4815409309791332263242375602"
"2019-10-31T00:00:00.000","Douglas","WA","Passenger","64","38","102","28807","28909","0.3528312982116295963194852814"
"2021-07-31T00:00:00.000","Charles","MD","Truck","1","0","1","12","13","7.692307692307692307692307692"
"2021-04-30T00:00:00.000","Wichita","TX","Passenger","1","0","1","37","38","2.631578947368421052631578947"
"2021-05-31T00:00:00.000","Montgomery","AL","Passenger","0","1","1","31","32","3.12500"
"2021-05-31T00:00:00.000","Montgomery","OH","Passenger","0","1","1","63","64","1.562500"
"2021-05-31T00:00:00.000","Montgomery","TX","Passenger","0","1","1","29","30","3.333333333333333333333333333"
"2021-07-31T00:00:00.000","Chelan","WA","Passenger","358","100","458","55118","55576","0.8240967324024758888728947747"
"2020-09-30T00:00:00.000","Skagit","WA","Passenger","481","252","733","93329","94062","0.7792732453062873423911887904"
"2021-05-31T00:00:00.000","Chelan","WA","Truck","2","0","2","23321","23323","0.008575226171590275693521416627"
"2020-09-30T00:00:00.000","Snohomish","WA","Passenger","4894","1919","6813","546367","553180","1.231606348747243211974402545"
"2020-09-30T00:00:00.000","Snohomish","WA","Truck","0","0","0","127954","127954","0"
"2019-10-31T00:00:00.000","Flathead","MT","Passenger","1","0","1","54","55","1.818181818181818181818181818"
"2021-05-31T00:00:00.000","Clackamas","OR","Passenger","1","0","1","126","127","0.7874015748031496062992125984"
"2021-07-31T00:00:00.000","Clark","WA","Truck","31","0","31","84831","84862","0.03652989559520162145601093540"
"2021-05-31T00:00:00.000","Bartow","GA","Passenger","0","1","1","3","4","25.00"
"2020-09-30T00:00:00.000","Stevens","WA","Truck","0","0","0","19226","19226","0"
"2020-09-30T00:00:00.000","Sumter","FL","Passenger","0","1","1","10","11","9.090909090909090909090909091"
"2019-10-31T00:00:00.000","Garfield","WA","Truck","0","0","0","986","986","0"
"2019-11-30T00:00:00.000","Cowlitz","WA","Truck","0","0","0","29835","29835","0"
"2020-11-30T00:00:00.000","Jefferson","WA","Passenger","286","166","452","25184","25636","1.763145576533000468091745982"
"2019-10-31T00:00:00.000","Goochland","VA","Passenger","3","1","4","183","187","2.139037433155080213903743316"
"2021-05-31T00:00:00.000","Prince William","VA","Passenger","1","1","2","205","207","0.9661835748792270531400966184"
"2021-07-31T00:00:00.000","Cowlitz","WA","Passenger","245","158","403","72836","73239","0.5502532803560944305629514330"
"2020-09-30T00:00:00.000","Travis","TX","Passenger","1","2","3","142","145","2.068965517241379310344827586"
"2021-05-31T00:00:00.000","Denver","CO","Passenger","1","0","1","87","88","1.136363636363636363636363636"
"2021-05-31T00:00:00.000","Deschutes","OR","Passenger","1","0","1","85","86","1.162790697674418604651162791"
"2020-11-30T00:00:00.000","Kern","CA","Passenger","1","1","2","209","211","0.9478672985781990521327014218"
"2021-07-31T00:00:00.000","Douglas","WA","Truck","2","0","2","12770","12772","0.01565925461948011274663326026"
"2021-05-31T00:00:00.000","Sacramento","CA","Passenger","2","0","2","199","201","0.9950248756218905472636815920"
"2021-05-31T00:00:00.000","Saint Clair","IL","Passenger","1","0","1","128","129","0.7751937984496124031007751938"
"2021-07-31T00:00:00.000","Erie","NY","Passenger","1","0","1","29","30","3.333333333333333333333333333"
"2019-11-30T00:00:00.000","Douglas","WA","Passenger","66","38","104","28826","28930","0.3594884203249222260629104736"
"2021-05-31T00:00:00.000","Carroll","MD","Passenger","0","1","1","12","13","7.692307692307692307692307692"
"2020-11-30T00:00:00.000","Kitsap","WA","Passenger","1605","759","2364","183175","185539","1.274125655522558599539719412"
"2019-10-31T00:00:00.000","Howard","MD","Passenger","0","1","1","90","91","1.098901098901098901098901099"
"2021-05-31T00:00:00.000","Chaves","NM","Passenger","1","0","1","7","8","12.500"
"2021-05-31T00:00:00.000","Douglas","OR","Passenger","1","0","1","28","29","3.448275862068965517241379310"
"2021-07-31T00:00:00.000","Fairfax","VA","Passenger","5","6","11","610","621","1.771336553945249597423510467"
"2019-11-30T00:00:00.000","El Paso","TX","Passenger","2","0","2","461","463","0.4319654427645788336933045356"
"2019-10-31T00:00:00.000","Island","WA","Passenger","381","267","648","64713","65361","0.9914168999862303208335245789"
"2020-11-30T00:00:00.000","Leavenworth","KS","Passenger","0","1","1","119","120","0.8333333333333333333333333333"
"2021-05-31T00:00:00.000","Spokane","WA","Truck","16","0","16","103190","103206","0.01550297463325775633199620177"
"2019-11-30T00:00:00.000","Fairbanks North Star","AK","Passenger","0","1","1","98","99","1.010101010101010101010101010"
"2020-11-30T00:00:00.000","Lewis","WA","Passenger","131","124","255","59700","59955","0.4253189892419314485864398299"
"2021-05-31T00:00:00.000","Stafford","VA","Passenger","2","0","2","84","86","2.325581395348837209302325581"
"2020-10-31T00:00:00.000","Ada","ID","Passenger","0","1","1","223","224","0.4464285714285714285714285714"
"2021-05-31T00:00:00.000","Columbia","GA","Passenger","1","0","1","119","120","0.8333333333333333333333333333"
"2021-07-31T00:00:00.000","Grant","WA","Passenger","122","97","219","67490","67709","0.3234429691769188734141694605"
"2020-10-31T00:00:00.000","Alameda","CA","Passenger","1","0","1","231","232","0.4310344827586206896551724138"
"2020-11-30T00:00:00.000","Lincoln","WA","Passenger","6","11","17","7790","7807","0.2177532983220187011656205969"
"2019-10-31T00:00:00.000","Jefferson","WA","Passenger","223","137","360","25575","25935","1.388085598611914401388085599"
"2021-05-31T00:00:00.000","Thurston","WA","Passenger","1633","890","2523","200070","202593","1.245353985576994269298544372"
"2019-11-30T00:00:00.000","Fairfax","VA","Passenger","3","3","6","726","732","0.8196721311475409836065573770"
"2021-07-31T00:00:00.000","Hamilton","IN","Passenger","1","0","1","24","25","4.00"
"2021-07-31T00:00:00.000","Hillsborough","FL","Passenger","0","1","1","121","122","0.8196721311475409836065573770"
"2020-10-31T00:00:00.000","Bexar","TX","Passenger","4","5","9","499","508","1.771653543307086614173228346"
"2021-07-31T00:00:00.000","Howard","IN","Passenger","0","1","1","3","4","25.00"
"2021-05-31T00:00:00.000","Goochland","VA","Passenger","3","0","3","117","120","2.500"
"2019-10-31T00:00:00.000","Kitsap","WA","Passenger","1256","675","1931","185168","187099","1.032073928775674910074345667"
"2019-11-30T00:00:00.000","Ferry","WA","Passenger","5","2","7","4580","4587","0.1526051885764115979943318073"
"2021-05-31T00:00:00.000","Walla Walla","WA","Truck","1","0","1","14262","14263","0.007011147724882563275608217065"
"2020-11-30T00:00:00.000","Manassas City","VA","Passenger","0","1","1","5","6","16.66666666666666666666666667"
"2021-05-31T00:00:00.000","El Paso","CO","Passenger","1","0","1","584","585","0.1709401709401709401709401709"
"2021-07-31T00:00:00.000","Island","WA","Truck","7","0","7","21736","21743","0.03219426942004323230464977234"
"2019-10-31T00:00:00.000","Kitsap","WA","Truck","1","0","1","55592","55593","0.001798787617146043566636087277"
"2021-05-31T00:00:00.000","Williams","ND","Passenger","0","1","1","8","9","11.11111111111111111111111111"
"2021-05-31T00:00:00.000","Fairbanks North Star","AK","Passenger","0","1","1","82","83","1.204819277108433734939759036"
"2020-11-30T00:00:00.000","Mason","WA","Truck","0","0","0","21350","21350","0"
"2019-11-30T00:00:00.000","Franklin","WA","Passenger","61","80","141","62024","62165","0.2268157323252634118877181694"
"2021-05-31T00:00:00.000","Ferry","WA","Passenger","9","3","12","4451","4463","0.2688774367017701097916199866"
"2021-07-31T00:00:00.000","King","WA","Passenger","32055","9339","41394","1374777","1416171","2.922952101123381286581917014"
"2020-10-31T00:00:00.000","Chelan","WA","Truck","0","0","0","23277","23277","0"
"2020-11-30T00:00:00.000","Mecklenburg","NC","Passenger","1","0","1","66","67","1.492537313432835820895522388"
"2021-05-31T00:00:00.000","Fresno","CA","Passenger","1","0","1","155","156","0.6410256410256410256410256410"
"2021-07-31T00:00:00.000","Klickitat","WA","Passenger","79","49","128","15507","15635","0.8186760473297089862488007675"
"2021-07-31T00:00:00.000","Klickitat","WA","Truck","1","0","1","8382","8383","0.01192890373374686866276989145"
"2021-06-30T00:00:00.000","Allegheny","PA","Passenger","1","0","1","51","52","1.923076923076923076923076923"
"2019-10-31T00:00:00.000","Lincoln","WA","Passenger","4","11","15","8034","8049","0.1863585538576220648527767425"
"2021-05-31T00:00:00.000","Grays Harbor","WA","Truck","2","0","2","21605","21607","0.009256259545517656315083074929"
"2021-07-31T00:00:00.000","Lincoln","WA","Truck","0","0","0","4793","4793","0"
"2019-10-31T00:00:00.000","Lincoln","WA","Truck","0","0","0","4820","4820","0"
"2019-11-30T00:00:00.000","Grant","WA","Truck","0","0","0","27852","27852","0"
"2019-11-30T00:00:00.000","Grays Harbor","WA","Truck","0","0","0","21231","21231","0"
"2021-05-31T00:00:00.000","Harrison","MS","Passenger","2","0","2","49","51","3.921568627450980392156862745"
"2021-06-30T00:00:00.000","Asotin","WA","Truck","1","0","1","6850","6851","0.01459640928331630418916946431"
"2021-05-31T00:00:00.000","Kern","CA","Passenger","1","1","2","194","196","1.020408163265306122448979592"
"2020-11-30T00:00:00.000","Nassau","FL","Passenger","1","0","1","22","23","4.347826086956521739130434783"
"2019-11-30T00:00:00.000","Harrison","MS","Passenger","1","0","1","62","63","1.587301587301587301587301587"
"2020-10-31T00:00:00.000","Cowlitz","WA","Passenger","170","136","306","73479","73785","0.4147184387070542793250660703"
"2021-05-31T00:00:00.000","King","WA","Passenger","30647","8999","39646","1381293","1420939","2.790126810510514525957834925"
"2020-10-31T00:00:00.000","Cowlitz","WA","Truck","0","0","0","29598","29598","0"
"2021-05-31T00:00:00.000","Kitsap","WA","Passenger","1874","842","2716","182744","185460","1.464466731370645961393292354"
"2021-06-30T00:00:00.000","Boone","MO","Passenger","0","1","1","5","6","16.66666666666666666666666667"
"2020-11-30T00:00:00.000","Okanogan","WA","Passenger","7","7","14","5886","5900","0.2372881355932203389830508475"
"2021-07-31T00:00:00.000","Montgomery","OH","Passenger","0","1","1","61","62","1.612903225806451612903225806"
"2019-11-30T00:00:00.000","Howard","MD","Passenger","0","1","1","87","88","1.136363636363636363636363636"
"2020-11-30T00:00:00.000","Oldham","KY","Passenger","0","1","1","4","5","20.0"
"2021-07-31T00:00:00.000","Montgomery","TX","Passenger","0","1","1","24","25","4.00"
"2020-10-31T00:00:00.000","Denver","CO","Passenger","1","0","1","97","98","1.020408163265306122448979592"
"2020-11-30T00:00:00.000","Orange","CA","Passenger","3","2","5","435","440","1.136363636363636363636363636"
"2019-11-30T00:00:00.000","Island","WA","Passenger","384","269","653","64778","65431","0.9979978909079793981446103529"
"2021-06-30T00:00:00.000","Caddo","LA","Passenger","1","0","1","8","9","11.11111111111111111111111111"
"2019-10-31T00:00:00.000","Mecklenburg","NC","Passenger","1","0","1","81","82","1.219512195121951219512195122"
"2020-10-31T00:00:00.000","El Paso","TX","Passenger","2","0","2","402","404","0.4950495049504950495049504950"
"2020-11-30T00:00:00.000","Pierce","WA","Passenger","3007","1877","4884","564554","569438","0.8576877552955721254991763809"
"2021-07-31T00:00:00.000","Pacific","WA","Truck","0","0","0","8007","8007","0"
"2021-06-30T00:00:00.000","Chaves","NM","Passenger","1","0","1","7","8","12.500"
"2021-05-31T00:00:00.000","Leavenworth","KS","Passenger","0","1","1","111","112","0.8928571428571428571428571429"
"2021-07-31T00:00:00.000","Philadelphia","PA","Passenger","1","0","1","39","40","2.500"
"2021-07-31T00:00:00.000","Pima","AZ","Passenger","1","1","2","198","200","1.00"
"2021-05-31T00:00:00.000","Lewis","WA","Passenger","168","141","309","60362","60671","0.5093042804634833775609434491"
"2021-07-31T00:00:00.000","Polk","FL","Passenger","1","0","1","48","49","2.040816326530612244897959184"
"2020-10-31T00:00:00.000","Franklin","WA","Passenger","79","82","161","62323","62484","0.2576659624863965175084821714"
"2021-05-31T00:00:00.000","Maricopa","AZ","Passenger","2","2","4","832","836","0.4784688995215311004784688995"
"2019-11-30T00:00:00.000","King","WA","Truck","7","1","8","186940","186948","0.004279264822303528253845989259"
"2020-10-31T00:00:00.000","Fulton","GA","Passenger","1","2","3","79","82","3.658536585365853658536585366"
"2021-06-30T00:00:00.000","Davidson","TN","Passenger","1","0","1","37","38","2.631578947368421052631578947"
"2020-11-30T00:00:00.000","Putnam","TN","Passenger","0","1","1","1","2","50.0"
"2021-06-30T00:00:00.000","Dekalb","GA","Passenger","1","0","1","49","50","2.00"
"2019-11-30T00:00:00.000","Kittitas","WA","Passenger","95","48","143","30673","30816","0.4640446521287642782969885774"
"2021-07-31T00:00:00.000","Powhatan","VA","Passenger","1","0","1","1","2","50.0"
"2021-05-31T00:00:00.000","Milwaukee","WI","Passenger","1","0","1","33","34","2.941176470588235294117647059"
"2019-10-31T00:00:00.000","Nassau","NY","Passenger","2","0","2","31","33","6.060606060606060606060606061"
"2021-07-31T00:00:00.000","Prince William","VA","Passenger","1","1","2","195","197","1.015228426395939086294416244"
"2021-05-31T00:00:00.000","Lincoln","WA","Passenger","7","13","20","7832","7852","0.2547121752419765664798777382"
"2020-10-31T00:00:00.000","Grant","WA","Passenger","74","86","160","67237","67397","0.2373992907696188257637580308"
"2020-10-31T00:00:00.000","Grant","WA","Truck","0","0","0","28168","28168","0"
"2020-10-31T00:00:00.000","Grays Harbor","WA","Passenger","134","120","254","49291","49545","0.5126652538096679786053083056"
"2020-11-30T00:00:00.000","Riley","KS","Passenger","1","0","1","59","60","1.666666666666666666666666667"
"2019-11-30T00:00:00.000","Lewis","WA","Truck","0","0","0","26874","26874","0"
"2021-07-31T00:00:00.000","San Francisco","CA","Passenger","0","1","1","73","74","1.351351351351351351351351351"
"2019-11-30T00:00:00.000","Lincoln","WA","Truck","0","0","0","4826","4826","0"
"2021-05-31T00:00:00.000","New Castle","DE","Passenger","1","0","1","19","20","5.00"
"2021-05-31T00:00:00.000","Norfolk City","VA","Passenger","2","1","3","319","322","0.9316770186335403726708074534"
"2021-05-31T00:00:00.000","Manassas City","VA","Passenger","0","1","1","5","6","16.66666666666666666666666667"
"2021-06-30T00:00:00.000","Franklin","WA","Truck","0","0","0","20939","20939","0"
"2021-06-30T00:00:00.000","Fresno","CA","Passenger","1","0","1","154","155","0.6451612903225806451612903226"
"2021-07-31T00:00:00.000","Skamania","WA","Truck","0","0","0","4076","4076","0"
"2021-05-31T00:00:00.000","Mason","WA","Truck","2","0","2","21582","21584","0.009266123054114158636026686434"
"2021-07-31T00:00:00.000","Spokane","WA","Passenger","1160","689","1849","328166","330015","0.5602775631410693453327879036"
"2020-11-30T00:00:00.000","Shelby","OH","Passenger","0","1","1","1","2","50.0"
"2019-11-30T00:00:00.000","Maricopa","AZ","Passenger","5","4","9","1238","1247","0.7217321571772253408179631115"
"2021-05-31T00:00:00.000","Orange","FL","Passenger","1","0","1","94","95","1.052631578947368421052631579"
"2020-10-31T00:00:00.000","Kent","MI","Passenger","0","1","1","18","19","5.263157894736842105263157895"
"2019-10-31T00:00:00.000","Riley","KS","Passenger","1","0","1","63","64","1.562500"
"2020-11-30T00:00:00.000","Stevens","WA","Truck","0","0","0","19170","19170","0"
"2020-10-31T00:00:00.000","Kern","CA","Passenger","1","1","2","212","214","0.9345794392523364485981308411"
"2021-07-31T00:00:00.000","Ventura","CA","Passenger","1","2","3","238","241","1.244813278008298755186721992"
"2020-10-31T00:00:00.000","King","WA","Passenger","26586","8299","34885","1394092","1428977","2.441256927158379735992951601"
"2021-06-30T00:00:00.000","Jefferson","WA","Passenger","340","190","530","25118","25648","2.066437928883343730505302558"
"2021-07-31T00:00:00.000","Vigo","IN","Passenger","1","0","1","3","4","25.00"
"2020-10-31T00:00:00.000","King","WA","Truck","6","1","7","187787","187794","0.003727488631159674962991362876"
"2021-07-31T00:00:00.000","Wahkiakum","WA","Truck","0","0","0","1813","1813","0"
"2020-10-31T00:00:00.000","Klickitat","WA","Truck","0","0","0","8335","8335","0"
"2021-06-30T00:00:00.000","Kent","DE","Passenger","0","1","1","58","59","1.694915254237288135593220339"
"2019-11-30T00:00:00.000","Montgomery","PA","Passenger","1","0","1","24","25","4.00"
"2020-11-30T00:00:00.000","Thurston","WA","Truck","0","0","0","57260","57260","0"
"2021-07-31T00:00:00.000","Walla Walla","WA","Truck","1","0","1","14215","14216","0.007034327518289251547552054024"
"2020-10-31T00:00:00.000","Larimer","CO","Passenger","0","1","1","33","34","2.941176470588235294117647059"
"2020-11-30T00:00:00.000","Tipton","TN","Passenger","1","0","1","12","13","7.692307692307692307692307692"
"2020-10-31T00:00:00.000","Leavenworth","KS","Passenger","0","1","1","120","121","0.8264462809917355371900826446"
"2019-11-30T00:00:00.000","Nassau","NY","Passenger","2","0","2","32","34","5.882352941176470588235294118"
"2021-05-31T00:00:00.000","Nassau","FL","Passenger","1","0","1","15","16","6.2500"
"2021-07-31T00:00:00.000","Whatcom","WA","Truck","12","0","12","44174","44186","0.02715792332412981487348934052"
"2020-10-31T00:00:00.000","Lewis","WA","Passenger","128","122","250","59530","59780","0.4182000669120107059217129475"
"2019-11-30T00:00:00.000","New Castle","DE","Passenger","1","0","1","23","24","4.166666666666666666666666667"
"2021-05-31T00:00:00.000","Queens","NY","Passenger","1","0","1","43","44","2.272727272727272727272727273"
"2021-05-31T00:00:00.000","Saginaw","MI","Passenger","1","0","1","7","8","12.500"
"2021-05-31T00:00:00.000","Okanogan","WA","Passenger","13","5","18","5879","5897","0.3052399525182296082753942683"
"2021-08-31T00:00:00.000","NULL","NULL","Passenger","7","5","12","1440","1452","0.8264462809917355371900826446"
"2021-05-31T00:00:00.000","Oldham","KY","Passenger","0","1","1","4","5","20.0"
"2021-08-31T00:00:00.000","Adams","WA","Passenger","16","16","32","13108","13140","0.2435312024353120243531202435"
"2021-08-31T00:00:00.000","Adams","WA","Truck","0","0","0","5461","5461","0"
"2021-05-31T00:00:00.000","Orange","CA","Passenger","3","2","5","402","407","1.228501228501228501228501229"
"2021-06-30T00:00:00.000","Los Angeles","CA","Passenger","7","7","14","750","764","1.832460732984293193717277487"
"2021-05-31T00:00:00.000","San Diego","CA","Passenger","15","8","23","2508","2531","0.9087317265902805215329909127"
"2019-10-31T00:00:00.000","Shasta","CA","Passenger","1","0","1","42","43","2.325581395348837209302325581"
"2021-08-31T00:00:00.000","Arlington","VA","Passenger","0","1","1","112","113","0.8849557522123893805309734513"
"2021-05-31T00:00:00.000","San Juan","WA","Passenger","426","134","560","14437","14997","3.734080149363205974528238981"
"2019-10-31T00:00:00.000","Shelby","OH","Passenger","0","1","1","1","2","50.0"
"2021-05-31T00:00:00.000","San Juan","WA","Truck","0","0","0","6025","6025","0"
"2021-05-31T00:00:00.000","Philadelphia","PA","Passenger","1","0","1","42","43","2.325581395348837209302325581"
"2021-08-31T00:00:00.000","Bartow","GA","Passenger","0","1","1","2","3","33.33333333333333333333333333"
"2019-11-30T00:00:00.000","Pend Oreille","WA","Truck","0","0","0","5976","5976","0"
"2019-10-31T00:00:00.000","Snohomish","WA","Truck","0","0","0","126621","126621","0"
"2021-06-30T00:00:00.000","Mecklenburg","NC","Passenger","1","0","1","65","66","1.515151515151515151515151515"
"2021-05-31T00:00:00.000","Pierce","WA","Passenger","3613","2028","5641","565572","571213","0.9875475523141104981854404574"
"2020-10-31T00:00:00.000","Montgomery","PA","Passenger","1","0","1","17","18","5.555555555555555555555555556"
"2021-06-30T00:00:00.000","Monterey","CA","Passenger","1","0","1","153","154","0.6493506493506493506493506494"
"2019-10-31T00:00:00.000","Stevens","WA","Truck","0","0","0","19431","19431","0"
"2021-05-31T00:00:00.000","Placer","CA","Passenger","1","0","1","67","68","1.470588235294117647058823529"
"2021-06-30T00:00:00.000","Moore","NC","Passenger","0","1","1","124","125","0.800"
"2021-06-30T00:00:00.000","Nueces","TX","Passenger","1","0","1","66","67","1.492537313432835820895522388"
"2021-05-31T00:00:00.000","Thurston","WA","Truck","17","0","17","57137","57154","0.02974419988102320047590719810"
"2021-05-31T00:00:00.000","Tipton","TN","Passenger","1","0","1","11","12","8.333333333333333333333333333"
"2021-06-30T00:00:00.000","Palm Beach","FL","Passenger","1","0","1","47","48","2.083333333333333333333333333"
"2021-08-31T00:00:00.000","Carroll","MD","Passenger","0","1","1","10","11","9.090909090909090909090909091"
"2021-05-31T00:00:00.000","Riley","KS","Passenger","1","0","1","50","51","1.960784313725490196078431373"
"2021-08-31T00:00:00.000","Columbia","GA","Passenger","1","0","1","107","108","0.9259259259259259259259259259"
"2021-08-31T00:00:00.000","Contra Costa","CA","Passenger","1","0","1","136","137","0.7299270072992700729927007299"
"2021-05-31T00:00:00.000","Wilson","NC","Passenger","1","0","1","0","1","100"
"2021-06-30T00:00:00.000","Saginaw","MI","Passenger","1","0","1","6","7","14.28571428571428571428571429"
"2020-10-31T00:00:00.000","Prince William","VA","Passenger","2","2","4","216","220","1.818181818181818181818181818"
"2019-11-30T00:00:00.000","Sangamon","IL","Passenger","1","0","1","5","6","16.66666666666666666666666667"
"2021-06-30T00:00:00.000","Saint Louis City","MO","Passenger","1","0","1","18","19","5.263157894736842105263157895"
"2021-05-31T00:00:00.000","Yamhill","OR","Passenger","1","0","1","32","33","3.030303030303030303030303030"
"2020-12-31T00:00:00.000","Carson City","NV","Passenger","1","0","1","11","12","8.333333333333333333333333333"
"2019-10-31T00:00:00.000","Walla Walla","WA","Passenger","63","63","126","37063","37189","0.3388098631315711635160934685"
"2021-06-30T00:00:00.000","San Juan","WA","Passenger","430","136","566","14439","15005","3.772075974675108297234255248"
"2020-10-31T00:00:00.000","Saint Clair","IL","Passenger","1","0","1","133","134","0.7462686567164179104477611940"
"2020-12-31T00:00:00.000","Charleston","SC","Passenger","1","0","1","82","83","1.204819277108433734939759036"
"2021-06-30T00:00:00.000","Alameda","CA","Passenger","2","0","2","201","203","0.9852216748768472906403940887"
"2021-05-31T00:00:00.000","Sarasota","FL","Passenger","1","0","1","21","22","4.545454545454545454545454545"
"2021-08-31T00:00:00.000","El Paso","CO","Passenger","1","0","1","543","544","0.1838235294117647058823529412"
"2021-06-30T00:00:00.000","Santa Cruz","CA","Passenger","1","0","1","22","23","4.347826086956521739130434783"
"2019-10-31T00:00:00.000","Whitman","WA","Truck","0","0","0","8843","8843","0"
"2021-06-30T00:00:00.000","Snohomish","WA","Truck","30","0","30","127571","127601","0.02351078753301306416093917759"
"2020-10-31T00:00:00.000","Spokane","WA","Truck","0","0","0","102353","102353","0"
"2020-12-31T00:00:00.000","Clark","WA","Truck","0","0","0","85166","85166","0"
"2021-06-30T00:00:00.000","Bexar","TX","Passenger","2","4","6","434","440","1.363636363636363636363636364"
"2021-08-31T00:00:00.000","Frederick","MD","Passenger","2","1","3","66","69","4.347826086956521739130434783"
"2019-10-31T00:00:00.000","Williamson","TX","Passenger","1","0","1","117","118","0.8474576271186440677966101695"
"2021-05-31T00:00:00.000","Skamania","WA","Truck","0","0","0","4098","4098","0"
"2021-06-30T00:00:00.000","Stevens","WA","Truck","0","0","0","19149","19149","0"
"2021-06-30T00:00:00.000","Boulder","CO","Passenger","0","1","1","27","28","3.571428571428571428571428571"
"2020-10-31T00:00:00.000","Thurston","WA","Passenger","1349","812","2161","200643","202804","1.065560837064357704976233210"
"2021-05-31T00:00:00.000","Suffolk City","VA","Passenger","1","0","1","116","117","0.8547008547008547008547008547"
"2020-12-31T00:00:00.000","Cowlitz","WA","Passenger","188","139","327","73458","73785","0.4431795080300874161414921732"
"2019-11-30T00:00:00.000","NULL","WA","Passenger","0","0","0","4","4","0"
"2020-10-31T00:00:00.000","Ventura","CA","Passenger","1","1","2","268","270","0.7407407407407407407407407407"
"2019-11-30T00:00:00.000","Alexandria City","VA","Passenger","4","0","4","142","146","2.739726027397260273972602740"
"2021-08-31T00:00:00.000","Harris","TX","Passenger","1","0","1","138","139","0.7194244604316546762589928058"
"2020-12-31T00:00:00.000","Cumberland","NC","Passenger","0","3","3","436","439","0.6833712984054669703872437358"
"2021-06-30T00:00:00.000","Thurston","WA","Truck","20","0","20","56954","56974","0.03510373152666128409449924527"
"2021-08-31T00:00:00.000","Hidalgo","TX","Passenger","0","1","1","51","52","1.923076923076923076923076923"
"2021-06-30T00:00:00.000","Chelan","WA","Truck","2","0","2","23281","23283","0.008589958338702057295022119143"
"2019-11-30T00:00:00.000","Wahkiakum","WA","Truck","0","0","0","1795","1795","0"
"2021-08-31T00:00:00.000","Honolulu","HI","Passenger","4","1","5","282","287","1.742160278745644599303135889"
"2019-11-30T00:00:00.000","Walla Walla","WA","Passenger","65","62","127","37043","37170","0.3416733925208501479687920366"
"2021-06-30T00:00:00.000","Clark","NV","Passenger","4","1","5","519","524","0.9541984732824427480916030534"
"2021-06-30T00:00:00.000","Washoe","NV","Passenger","1","0","1","57","58","1.724137931034482758620689655"
"2019-11-30T00:00:00.000","Benton","WA","Passenger","321","319","640","137629","138269","0.4628658629193817847818383007"
"2019-11-30T00:00:00.000","Washtenaw","MI","Passenger","1","0","1","31","32","3.12500"
"2021-08-31T00:00:00.000","Kings","NY","Passenger","1","0","1","48","49","2.040816326530612244897959184"
"2021-06-30T00:00:00.000","Cowlitz","WA","Truck","3","0","3","29460","29463","0.01018226249872721718765909785"
"2021-05-31T00:00:00.000","Whatcom","WA","Truck","9","0","9","44408","44417","0.02026251210122250489677375780"
"2019-11-30T00:00:00.000","Brevard","FL","Passenger","0","1","1","73","74","1.351351351351351351351351351"
"2020-11-30T00:00:00.000","Anchorage","AK","Passenger","1","0","1","136","137","0.7299270072992700729927007299"
"2020-12-31T00:00:00.000","Dupage","IL","Passenger","1","0","1","40","41","2.439024390243902439024390244"
"2021-06-30T00:00:00.000","Wichita","TX","Passenger","1","0","1","35","36","2.777777777777777777777777778"
"2021-08-31T00:00:00.000","Lake","IL","Passenger","1","0","1","148","149","0.6711409395973154362416107383"
"2021-06-30T00:00:00.000","Yakima","WA","Passenger","240","163","403","171219","171622","0.2348183799279812611436762187"
"2019-11-30T00:00:00.000","Williamson","TX","Passenger","1","0","1","118","119","0.8403361344537815126050420168"
"2021-06-30T00:00:00.000","Yamhill","OR","Passenger","1","0","1","31","32","3.12500"
"2021-08-31T00:00:00.000","Liberty","GA","Passenger","1","0","1","97","98","1.020408163265306122448979592"
"2021-06-30T00:00:00.000","Denver","CO","Passenger","1","0","1","87","88","1.136363636363636363636363636"
"2019-11-30T00:00:00.000","Chaves","NM","Passenger","1","0","1","9","10","10.0"
"2021-06-30T00:00:00.000","Alexandria City","VA","Passenger","4","0","4","123","127","3.149606299212598425196850394"
"2021-07-31T00:00:00.000","Benton","WA","Truck","10","0","10","44009","44019","0.02271746291374179331652241078"
"2019-12-31T00:00:00.000","Adams","WA","Passenger","6","8","14","13280","13294","0.1053106664660749210170001504"
"2020-12-31T00:00:00.000","Glacier","MT","Passenger","0","1","1","4","5","20.0"
"2020-11-30T00:00:00.000","Boone","MO","Passenger","0","1","1","7","8","12.500"
"2019-11-30T00:00:00.000","Clackamas","OR","Passenger","1","1","2","186","188","1.063829787234042553191489362"
"2021-06-30T00:00:00.000","Anchorage","AK","Passenger","1","0","1","123","124","0.8064516129032258064516129032"
"2020-11-30T00:00:00.000","Boulder","CO","Passenger","1","1","2","30","32","6.2500"
"2019-11-30T00:00:00.000","Clallam","WA","Passenger","208","155","363","51737","52100","0.6967370441458733205374280230"
"2020-12-31T00:00:00.000","Grant","WA","Passenger","82","86","168","67362","67530","0.2487783207463349622390048867"
"2019-12-31T00:00:00.000","Albemarle","VA","Passenger","1","0","1","31","32","3.12500"
"2021-06-30T00:00:00.000","Bartow","GA","Passenger","0","1","1","2","3","33.33333333333333333333333333"
"2021-08-31T00:00:00.000","Mason","WA","Passenger","253","155","408","48239","48647","0.8386950891113532180812794211"
"2020-11-30T00:00:00.000","Camden","GA","Passenger","1","1","2","133","135","1.481481481481481481481481481"
"2020-12-31T00:00:00.000","Grays Harbor","WA","Passenger","144","125","269","49378","49647","0.5418252865228513303925715552"
"2021-06-30T00:00:00.000","El Paso","TX","Passenger","2","0","2","353","355","0.5633802816901408450704225352"
"2021-07-31T00:00:00.000","Charles","MD","Passenger","1","1","2","59","61","3.278688524590163934426229508"
"2021-07-31T00:00:00.000","Chelan","WA","Truck","4","0","4","23220","23224","0.01722356183258697898725456424"
"2021-08-31T00:00:00.000","Norfolk City","VA","Passenger","1","1","2","296","298","0.6711409395973154362416107383"
"2021-07-31T00:00:00.000","Chesapeake City","VA","Passenger","0","3","3","348","351","0.8547008547008547008547008547"
"2020-11-30T00:00:00.000","Columbia","WA","Passenger","4","3","7","2507","2514","0.2784407319013524264120922832"
"2021-08-31T00:00:00.000","Okanogan","WA","Truck","0","0","0","3912","3912","0"
"2019-12-31T00:00:00.000","Benton","WA","Passenger","326","318","644","137788","138432","0.4652103559870550161812297735"
"2021-06-30T00:00:00.000","Bucks","PA","Passenger","1","0","1","17","18","5.555555555555555555555555556"
"2021-06-30T00:00:00.000","Grant","WA","Truck","1","0","1","28307","28308","0.003532570298148933163769959022"
"2021-07-31T00:00:00.000","Clallam","WA","Truck","3","0","3","22205","22208","0.01350864553314121037463976945"
"2020-11-30T00:00:00.000","Dekalb","GA","Passenger","1","0","1","64","65","1.538461538461538461538461538"
"2021-08-31T00:00:00.000","Orange","FL","Passenger","1","0","1","84","85","1.176470588235294117647058824"
"2021-07-31T00:00:00.000","Clark","WA","Passenger","3099","1477","4576","324678","329254","1.389808476130889829736312998"
"2020-12-31T00:00:00.000","Hennepin","MN","Passenger","1","0","1","71","72","1.388888888888888888888888889"
"2021-08-31T00:00:00.000","Ozaukee","WI","Passenger","0","1","1","3","4","25.00"
"2020-11-30T00:00:00.000","Douglas","NE","Passenger","0","1","1","42","43","2.325581395348837209302325581"
"2020-12-31T00:00:00.000","Howard","IN","Passenger","0","1","1","2","3","33.33333333333333333333333333"
"2021-06-30T00:00:00.000","Camden","GA","Passenger","1","0","1","121","122","0.8196721311475409836065573770"
"2020-11-30T00:00:00.000","Douglas","OR","Passenger","1","0","1","36","37","2.702702702702702702702702703"
"2020-11-30T00:00:00.000","Dupage","IL","Passenger","2","0","2","41","43","4.651162790697674418604651163"
"2019-12-31T00:00:00.000","Bucks","PA","Passenger","1","0","1","20","21","4.761904761904761904761904762"
"2021-06-30T00:00:00.000","Charles","MD","Truck","1","0","1","12","13","7.692307692307692307692307692"
"2021-08-31T00:00:00.000","Pierce","WA","Truck","40","0","40","146154","146194","0.02736090400426830102466585496"
"2019-11-30T00:00:00.000","Duval","FL","Passenger","1","1","2","348","350","0.5714285714285714285714285714"
"2021-06-30T00:00:00.000","Island","WA","Truck","4","0","4","21834","21838","0.01831669566810147449400128217"
"2020-12-31T00:00:00.000","Jefferson","WA","Truck","0","0","0","9776","9776","0"
"2021-07-31T00:00:00.000","Denver","CO","Passenger","1","0","1","83","84","1.190476190476190476190476190"
"2021-06-30T00:00:00.000","Jones","GA","Passenger","1","0","1","1","2","50.0"
"2020-11-30T00:00:00.000","Guadalupe","TX","Passenger","1","0","1","46","47","2.127659574468085106382978723"
"2019-11-30T00:00:00.000","Ferry","WA","Truck","0","0","0","3737","3737","0"
"2021-06-30T00:00:00.000","Kern","CA","Passenger","1","1","2","193","195","1.025641025641025641025641026"
"2020-12-31T00:00:00.000","Klickitat","WA","Truck","0","0","0","8323","8323","0"
"2021-06-30T00:00:00.000","King","WA","Passenger","31056","9199","40255","1378372","1418627","2.837602837109402260072591315"
"2021-06-30T00:00:00.000","Columbia","GA","Passenger","1","0","1","116","117","0.8547008547008547008547008547"
"2020-11-30T00:00:00.000","Hennepin","MN","Passenger","1","0","1","72","73","1.369863013698630136986301370"
"2021-08-31T00:00:00.000","Saint Marys","MD","Passenger","1","1","2","158","160","1.2500"
"2020-12-31T00:00:00.000","Larimer","CO","Passenger","0","1","1","33","34","2.941176470588235294117647059"
"2021-07-31T00:00:00.000","Fresno","CA","Passenger","1","0","1","150","151","0.6622516556291390728476821192"
"2021-08-31T00:00:00.000","San Diego","CA","Passenger","14","9","23","2357","2380","0.9663865546218487394957983193"
"2021-06-30T00:00:00.000","Columbia","WA","Passenger","6","2","8","2505","2513","0.3183446080382013529645841624"
"2019-12-31T00:00:00.000","Clallam","WA","Passenger","210","160","370","51691","52061","0.7107047501968844240410287931"
"2021-08-31T00:00:00.000","San Juan","WA","Truck","0","0","0","6019","6019","0"
"2021-06-30T00:00:00.000","Leavenworth","KS","Passenger","0","1","1","109","110","0.9090909090909090909090909091"
"2019-11-30T00:00:00.000","Goochland","VA","Passenger","3","1","4","179","183","2.185792349726775956284153005"
"2019-12-31T00:00:00.000","Clark","NV","Passenger","2","1","3","622","625","0.4800"
"2021-08-31T00:00:00.000","Santa Clara","CA","Passenger","6","1","7","182","189","3.703703703703703703703703704"
"2021-07-31T00:00:00.000","Glacier","MT","Passenger","0","1","1","4","5","20.0"
"2021-06-30T00:00:00.000","Lewis","WA","Passenger","174","145","319","60107","60426","0.5279184457021811802866315824"
"2021-06-30T00:00:00.000","Cumberland","NC","Truck","1","0","1","90","91","1.098901098901098901098901099"
"2021-07-31T00:00:00.000","Grays Harbor","WA","Passenger","185","148","333","49760","50093","0.6647635398159423472341444912"
"2019-11-30T00:00:00.000","Greene","MO","Passenger","0","1","1","19","20","5.00"
"2021-08-31T00:00:00.000","Sarpy","NE","Passenger","1","0","1","51","52","1.923076923076923076923076923"
"2020-11-30T00:00:00.000","Jefferson","WA","Truck","0","0","0","9778","9778","0"
"2019-12-31T00:00:00.000","Columbia","WA","Truck","0","0","0","1604","1604","0"
"2021-06-30T00:00:00.000","Danville City","VA","Passenger","1","0","1","0","1","100"
"2021-06-30T00:00:00.000","Manassas City","VA","Passenger","0","1","1","5","6","16.66666666666666666666666667"
"2020-11-30T00:00:00.000","Kitsap","WA","Truck","0","0","0","55362","55362","0"
"2021-06-30T00:00:00.000","Douglas","NE","Passenger","1","1","2","39","41","4.878048780487804878048780488"
"2021-08-31T00:00:00.000","Tipton","TN","Passenger","1","0","1","10","11","9.090909090909090909090909091"
"2020-11-30T00:00:00.000","Klamath","OR","Passenger","1","0","1","23","24","4.166666666666666666666666667"
"2021-06-30T00:00:00.000","Douglas","OR","Passenger","1","0","1","26","27","3.703703703703703703703703704"
"2020-12-31T00:00:00.000","Montgomery","MD","Passenger","2","4","6","218","224","2.678571428571428571428571429"
"2021-06-30T00:00:00.000","Fairbanks North Star","AK","Passenger","0","1","1","82","83","1.204819277108433734939759036"
"2021-07-31T00:00:00.000","Kern","CA","Passenger","1","1","2","192","194","1.030927835051546391752577320"
"2021-08-31T00:00:00.000","Wilson","NC","Passenger","1","0","1","0","1","100"
"2021-06-30T00:00:00.000","Okanogan","WA","Passenger","13","5","18","5868","5886","0.3058103975535168195718654434"
"2021-06-30T00:00:00.000","Ferry","WA","Passenger","9","3","12","4437","4449","0.2697235333782872555630478759"
"2021-06-30T00:00:00.000","Oldham","KY","Passenger","0","1","1","4","5","20.0"
"2021-09-30T00:00:00.000","Alameda","CA","Passenger","2","0","2","179","181","1.104972375690607734806629834"
"2019-11-30T00:00:00.000","Jefferson","CO","Passenger","0","1","1","59","60","1.666666666666666666666666667"
"2021-07-31T00:00:00.000","Leavenworth","KS","Passenger","0","1","1","109","110","0.9090909090909090909090909091"
"2020-11-30T00:00:00.000","Los Angeles","CA","Passenger","6","8","14","886","900","1.555555555555555555555555556"
"2021-07-31T00:00:00.000","Lewis","WA","Passenger","176","150","326","59996","60322","0.5404330095155996153973674613"
"2021-06-30T00:00:00.000","Philadelphia","PA","Passenger","1","0","1","41","42","2.380952380952380952380952381"
"2021-07-31T00:00:00.000","Lincoln","WA","Passenger","8","15","23","7788","7811","0.2944565356548457303802330047"
"2021-06-30T00:00:00.000","Pierce","WA","Passenger","3699","2077","5776","564949","570725","1.012046081738140084979631171"
"2021-09-30T00:00:00.000","Bexar","TX","Passenger","2","4","6","399","405","1.481481481481481481481481481"
"2021-06-30T00:00:00.000","Grays Harbor","WA","Truck","3","0","3","21591","21594","0.01389274798555154209502639622"
"2021-06-30T00:00:00.000","Guadalupe","TX","Passenger","1","0","1","36","37","2.702702702702702702702702703"
"2020-11-30T00:00:00.000","Montgomery","MD","Passenger","1","4","5","218","223","2.242152466367713004484304933"
"2021-06-30T00:00:00.000","Harrison","MS","Passenger","2","0","2","51","53","3.773584905660377358490566038"
"2020-11-30T00:00:00.000","Muscogee","GA","Passenger","0","1","1","166","167","0.5988023952095808383233532934"
"2021-09-30T00:00:00.000","Chelan","WA","Truck","8","0","8","23061","23069","0.03467857297672200788937535220"
"2020-12-31T00:00:00.000","Pend Oreille","WA","Passenger","12","4","16","9431","9447","0.1693659362760664761299883561"
"2021-07-31T00:00:00.000","Monterey","CA","Passenger","1","0","1","148","149","0.6711409395973154362416107383"
"2020-11-30T00:00:00.000","Okanogan","NULL","Passenger","45","31","76","20678","20754","0.3661944685361857955092994122"
"2019-11-30T00:00:00.000","Kitsap","WA","Passenger","1269","681","1950","185284","187234","1.041477509426706687887883611"
"2021-06-30T00:00:00.000","San Bernardino","CA","Passenger","0","1","1","356","357","0.2801120448179271708683473389"
"2021-09-30T00:00:00.000","Clark","WA","Truck","38","0","38","84232","84270","0.04509315296072149044737154385"
"2020-12-31T00:00:00.000","Pinellas","FL","Passenger","1","1","2","69","71","2.816901408450704225352112676"
"2020-11-30T00:00:00.000","Pacific","WA","Passenger","43","39","82","15991","16073","0.5101723387046599888010950040"
"2021-06-30T00:00:00.000","San Juan","WA","Truck","0","0","0","6022","6022","0"
"2020-11-30T00:00:00.000","Palm Beach","FL","Passenger","0","1","1","55","56","1.785714285714285714285714286"
"2020-12-31T00:00:00.000","Plaquemines","LA","Passenger","0","1","1","15","16","6.2500"
"2020-12-31T00:00:00.000","Powhatan","VA","Passenger","1","0","1","1","2","50.0"
"2021-07-31T00:00:00.000","Otero","NM","Passenger","0","1","1","32","33","3.030303030303030303030303030"
"2021-09-30T00:00:00.000","Cowlitz","WA","Passenger","260","165","425","72261","72686","0.5847068211209861596455988774"
"2021-07-31T00:00:00.000","Pend Oreille","WA","Passenger","15","7","22","9359","9381","0.2345165760579895533525210532"
"2021-06-30T00:00:00.000","Spokane","WA","Truck","19","0","19","103175","103194","0.01841192317382793573269763746"
"2021-09-30T00:00:00.000","Cowlitz","WA","Truck","8","0","8","29090","29098","0.02749329850848855591449584164"
"2019-12-31T00:00:00.000","Howard","MD","Passenger","0","1","1","88","89","1.123595505617977528089887640"
"2021-07-31T00:00:00.000","Plaquemines","LA","Passenger","0","1","1","18","19","5.263157894736842105263157895"
"2020-11-30T00:00:00.000","Ramsey","MN","Passenger","1","0","1","28","29","3.448275862068965517241379310"
"2021-06-30T00:00:00.000","Thurston","WA","Passenger","1673","909","2582","199730","202312","1.276246589426232749416742457"
"2019-12-31T00:00:00.000","Jefferson","CO","Passenger","0","1","1","58","59","1.694915254237288135593220339"
"2020-12-31T00:00:00.000","Saint Louis","MO","Passenger","1","0","1","58","59","1.694915254237288135593220339"
"2021-09-30T00:00:00.000","El Paso","TX","Passenger","2","0","2","322","324","0.6172839506172839506172839506"
"2021-06-30T00:00:00.000","Kittitas","WA","Passenger","170","67","237","30288","30525","0.7764127764127764127764127764"
"2021-07-31T00:00:00.000","Riley","KS","Passenger","1","0","1","43","44","2.272727272727272727272727273"
"2020-11-30T00:00:00.000","San Bernardino","CA","Passenger","0","1","1","409","410","0.2439024390243902439024390244"
"2021-06-30T00:00:00.000","Klamath","OR","Passenger","1","0","1","18","19","5.263157894736842105263157895"
"2019-12-31T00:00:00.000","Jones","GA","Passenger","1","0","1","1","2","50.0"
"2019-11-30T00:00:00.000","Mason","OR","Passenger","2","0","2","15","17","11.76470588235294117647058824"
"2020-11-30T00:00:00.000","Santa Cruz","CA","Passenger","1","0","1","29","30","3.333333333333333333333333333"
"2020-12-31T00:00:00.000","San Francisco","CA","Passenger","1","1","2","82","84","2.380952380952380952380952381"
"2019-11-30T00:00:00.000","Mason","WA","Truck","0","0","0","21102","21102","0"
"2020-11-30T00:00:00.000","Skagit","WA","Passenger","513","258","771","93200","93971","0.8204658884123825435506698875"
"2020-11-30T00:00:00.000","Skagit","WA","Truck","1","0","1","33492","33493","0.002985698504165049413310243932"
"2021-07-31T00:00:00.000","NULL","WA","Passenger","0","0","0","4","4","0"
"2021-07-31T00:00:00.000","San Juan","WA","Passenger","441","139","580","14382","14962","3.876487100654992648041705654"
"2020-11-30T00:00:00.000","Snohomish","WA","Truck","0","0","0","128294","128294","0"
"2021-09-30T00:00:00.000","Grant","WA","Passenger","126","103","229","67058","67287","0.3403331995779273856762821942"
"2021-07-31T00:00:00.000","Sevier","AR","Passenger","0","1","1","0","1","100"
"2021-09-30T00:00:00.000","Grant","WA","Truck","2","0","2","28122","28124","0.007111363959607452709429668610"
"2021-09-30T00:00:00.000","Grays Harbor","WA","Passenger","194","153","347","49509","49856","0.6960044929396662387676508344"
"2021-07-31T00:00:00.000","Shelby","OH","Passenger","0","1","1","0","1","100"
"2021-07-31T00:00:00.000","Skamania","WA","Passenger","55","38","93","8509","8602","1.081143920018600325505696350"
"2021-07-31T00:00:00.000","Benton","WA","Passenger","552","404","956","137380","138336","0.6910710154984964145269488781"
"2021-06-30T00:00:00.000","Maricopa","AZ","Passenger","2","1","3","794","797","0.3764115432873274780426599749"
"2019-11-30T00:00:00.000","Monroe","IL","Passenger","1","0","1","3","4","25.00"
"2020-11-30T00:00:00.000","Twin Falls","ID","Passenger","0","1","1","17","18","5.555555555555555555555555556"
"2020-12-31T00:00:00.000","Spartanburg","SC","Passenger","0","1","1","37","38","2.631578947368421052631578947"
"2020-12-31T00:00:00.000","Spokane","WA","Passenger","935","584","1519","326991","328510","0.4623907948007670999360750053"
"2021-07-31T00:00:00.000","Thurston","WA","Truck","23","0","23","56753","56776","0.04051007467944201775398055516"
"2021-06-30T00:00:00.000","Maui","HI","Passenger","1","0","1","24","25","4.00"
"2021-07-31T00:00:00.000","Carroll","MD","Passenger","0","1","1","12","13","7.692307692307692307692307692"
"2021-07-31T00:00:00.000","Chaves","NM","Passenger","1","0","1","6","7","14.28571428571428571428571429"
"2020-11-30T00:00:00.000","Washoe","NV","Passenger","1","0","1","71","72","1.388888888888888888888888889"
"2021-09-30T00:00:00.000","Kern","CA","Passenger","1","1","2","176","178","1.123595505617977528089887640"
"2021-06-30T00:00:00.000","Milwaukee","WI","Passenger","1","0","1","32","33","3.030303030303030303030303030"
"2021-09-30T00:00:00.000","King","WA","Passenger","33174","9600","42774","1366823","1409597","3.034484324243028326535882242"
"2020-11-30T00:00:00.000","Westchester","NY","Passenger","0","1","1","21","22","4.545454545454545454545454545"
"2021-09-30T00:00:00.000","King","WA","Truck","149","1","150","183983","184133","0.08146285565325063948341687802"
"2021-09-30T00:00:00.000","Klickitat","WA","Truck","1","0","1","8349","8350","0.01197604790419161676646706587"
"2020-11-30T00:00:00.000","Whitman","WA","Passenger","53","47","100","22434","22534","0.4437738528445903967338244431"
"2021-07-31T00:00:00.000","Wahkiakum","WA","Passenger","15","8","23","3113","3136","0.7334183673469387755102040816"
"2020-11-30T00:00:00.000","Wichita","TX","Passenger","1","0","1","40","41","2.439024390243902439024390244"
"2019-11-30T00:00:00.000","Norfolk City","VA","Passenger","2","1","3","362","365","0.8219178082191780821917808219"
"2020-12-31T00:00:00.000","Ada","ID","Passenger","0","1","1","213","214","0.4672897196261682242990654206"
"2020-12-31T00:00:00.000","Utah","UT","Passenger","0","1","1","99","100","1.00"
"2020-12-31T00:00:00.000","Alameda","CA","Passenger","2","0","2","235","237","0.8438818565400843881856540084"
"2021-09-30T00:00:00.000","Leavenworth","KS","Passenger","0","1","1","104","105","0.9523809523809523809523809524"
"2021-06-30T00:00:00.000","Muscogee","GA","Passenger","0","1","1","143","144","0.6944444444444444444444444444"
"2020-12-31T00:00:00.000","Ventura","CA","Passenger","1","2","3","266","269","1.115241635687732342007434944"
"2021-09-30T00:00:00.000","Lewis","WA","Passenger","197","156","353","59601","59954","0.5887847349634719951963171765"
"2021-07-31T00:00:00.000","Denton","TX","Passenger","1","0","1","48","49","2.040816326530612244897959184"
"2019-11-30T00:00:00.000","Nueces","TX","Passenger","1","1","2","88","90","2.222222222222222222222222222"
"2021-06-30T00:00:00.000","New Castle","DE","Passenger","1","0","1","17","18","5.555555555555555555555555556"
"2020-12-31T00:00:00.000","Anne Arundel","MD","Passenger","1","3","4","384","388","1.030927835051546391752577320"
"2021-06-30T00:00:00.000","Norfolk City","VA","Passenger","2","1","3","310","313","0.9584664536741214057507987220"
"2020-12-31T00:00:00.000","Asotin","WA","Passenger","17","14","31","12694","12725","0.2436149312377210216110019646"
"2019-11-30T00:00:00.000","Orange","CA","Passenger","6","1","7","505","512","1.367187500"
"2021-07-31T00:00:00.000","Duval","FL","Passenger","0","1","1","276","277","0.3610108303249097472924187726"
"2021-07-31T00:00:00.000","Whatcom","WA","Passenger","1540","638","2178","151707","153885","1.415342625986938298079734867"
"2021-07-31T00:00:00.000","Whitman","WA","Truck","2","0","2","8647","8649","0.02312406058503873280147993988"
"2021-07-31T00:00:00.000","Ferry","WA","Truck","0","0","0","3653","3653","0"
"2019-11-30T00:00:00.000","Osceola","FL","Passenger","1","0","1","38","39","2.564102564102564102564102564"
"2021-06-30T00:00:00.000","Orange","FL","Passenger","1","0","1","90","91","1.098901098901098901098901099"
"2019-12-31T00:00:00.000","Multnomah","OR","Passenger","4","6","10","684","694","1.440922190201729106628242075"
"2020-12-31T00:00:00.000","Whitman","WA","Passenger","53","47","100","22370","22470","0.4450378282153983088562527815"
"2021-07-31T00:00:00.000","Yamhill","OR","Passenger","1","0","1","30","31","3.225806451612903225806451613"
"2021-07-31T00:00:00.000","Greene","MO","Passenger","0","1","1","18","19","5.263157894736842105263157895"
"2021-09-30T00:00:00.000","Montgomery","PA","Passenger","2","0","2","12","14","14.28571428571428571428571429"
"2021-06-30T00:00:00.000","Pacific","WA","Passenger","54","56","110","16194","16304","0.6746810598626104023552502453"
"2021-09-30T00:00:00.000","Montgomery","TX","Passenger","0","1","1","21","22","4.545454545454545454545454545"
"2021-06-30T00:00:00.000","Pend Oreille","WA","Truck","1","0","1","5831","5832","0.01714677640603566529492455418"
"2021-06-30T00:00:00.000","Pennington","SD","Passenger","1","0","1","25","26","3.846153846153846153846153846"
"2021-07-31T00:00:00.000","Harris","TX","Passenger","1","0","1","145","146","0.6849315068493150684931506849"
"2020-12-31T00:00:00.000","Yakima","WA","Truck","0","0","0","62654","62654","0"
"2021-08-31T00:00:00.000","Alexandria City","VA","Passenger","4","0","4","120","124","3.225806451612903225806451613"
"2021-07-31T00:00:00.000","Honolulu","HI","Passenger","4","0","4","294","298","1.342281879194630872483221477"
"2020-12-31T00:00:00.000","Cascade","MT","Passenger","0","1","1","55","56","1.785714285714285714285714286"
"2021-06-30T00:00:00.000","Placer","CA","Passenger","1","0","1","65","66","1.515151515151515151515151515"
"2019-12-31T00:00:00.000","Osceola","FL","Passenger","1","0","1","37","38","2.631578947368421052631578947"
"2021-06-30T00:00:00.000","Queens","NY","Passenger","1","0","1","42","43","2.325581395348837209302325581"
"2021-09-30T00:00:00.000","Prince William","VA","Passenger","1","1","2","194","196","1.020408163265306122448979592"
"2021-01-31T00:00:00.000","Alexandria City","VA","Passenger","4","0","4","133","137","2.919708029197080291970802920"
"2021-08-31T00:00:00.000","Boulder","CO","Passenger","0","1","1","18","19","5.263157894736842105263157895"
"2020-12-31T00:00:00.000","Cowlitz","WA","Truck","0","0","0","29594","29594","0"
"2021-01-31T00:00:00.000","Anchorage","AK","Passenger","1","0","1","135","136","0.7352941176470588235294117647"
"2021-07-31T00:00:00.000","Kings","NY","Passenger","1","0","1","48","49","2.040816326530612244897959184"
"2021-09-30T00:00:00.000","Saint Clair","IL","Passenger","1","0","1","120","121","0.8264462809917355371900826446"
"2021-01-31T00:00:00.000","Bartow","GA","Passenger","0","1","1","3","4","25.00"
"2019-12-31T00:00:00.000","Pierce","WA","Truck","0","0","0","144924","144924","0"
"2021-06-30T00:00:00.000","San Diego","CA","Passenger","15","8","23","2444","2467","0.9323064450749898662342926632"
"2020-12-31T00:00:00.000","Fairbanks North Star","AK","Passenger","0","1","1","88","89","1.123595505617977528089887640"
"2021-09-30T00:00:00.000","Spokane","WA","Truck","36","0","36","102534","102570","0.03509798186604270254460368529"
"2021-06-30T00:00:00.000","Sarasota","FL","Passenger","1","0","1","21","22","4.545454545454545454545454545"
"2019-11-30T00:00:00.000","Saginaw","MI","Passenger","1","0","1","10","11","9.090909090909090909090909091"
"2020-12-31T00:00:00.000","Ferry","WA","Passenger","9","3","12","4484","4496","0.2669039145907473309608540925"
"2021-06-30T00:00:00.000","Skagit","WA","Passenger","614","290","904","92728","93632","0.9654818865345181134654818865"
"2020-12-31T00:00:00.000","Franklin","WA","Passenger","91","87","178","62575","62753","0.2836517776042579637626886364"
"2021-09-30T00:00:00.000","Thurston","WA","Passenger","1820","933","2753","197904","200657","1.371993002985193638896225898"
"2020-12-31T00:00:00.000","Franklin","WA","Truck","0","0","0","20913","20913","0"
"2021-08-31T00:00:00.000","Douglas","OR","Passenger","1","0","1","25","26","3.846153846153846153846153846"
"2021-06-30T00:00:00.000","Skamania","WA","Truck","0","0","0","4085","4085","0"
"2020-12-31T00:00:00.000","Fresno","CA","Passenger","1","0","1","156","157","0.6369426751592356687898089172"
"2019-11-30T00:00:00.000","Santa Barbara","CA","Passenger","1","0","1","90","91","1.098901098901098901098901099"
"2021-09-30T00:00:00.000","Ventura","CA","Passenger","1","2","3","232","235","1.276595744680851063829787234"
"2019-12-31T00:00:00.000","Riverside","CA","Passenger","2","1","3","599","602","0.4983388704318936877076411960"
"2019-11-30T00:00:00.000","Santa Rosa","FL","Passenger","1","0","1","83","84","1.190476190476190476190476190"
"2021-07-31T00:00:00.000","Nueces","TX","Passenger","1","0","1","62","63","1.587301587301587301587301587"
"2019-11-30T00:00:00.000","Sarasota","FL","Passenger","1","0","1","22","23","4.347826086956521739130434783"
"2020-12-31T00:00:00.000","Grant","WA","Truck","0","0","0","28256","28256","0"
"2021-08-31T00:00:00.000","Glacier","MT","Passenger","0","1","1","4","5","20.0"
"2020-12-31T00:00:00.000","Grays Harbor","WA","Truck","0","0","0","21544","21544","0"
"2021-10-31T00:00:00.000","NULL","NULL","Truck","2","0","2","258","260","0.7692307692307692307692307692"
"2021-06-30T00:00:00.000","Virginia Beach City","VA","Passenger","2","0","2","543","545","0.3669724770642201834862385321"
"2021-01-31T00:00:00.000","Camden","GA","Passenger","1","1","2","129","131","1.526717557251908396946564885"
"2021-10-31T00:00:00.000","NULL","WA","Passenger","0","0","0","4","4","0"
"2021-06-30T00:00:00.000","Wahkiakum","WA","Truck","0","0","0","1818","1818","0"
"2021-10-31T00:00:00.000","Adams","WA","Truck","0","0","0","5418","5418","0"
"2021-08-31T00:00:00.000","Hennepin","MN","Passenger","1","0","1","55","56","1.785714285714285714285714286"
"2021-10-31T00:00:00.000","Albemarle","VA","Passenger","1","0","1","22","23","4.347826086956521739130434783"
"2020-12-31T00:00:00.000","Harrison","MS","Passenger","2","0","2","55","57","3.508771929824561403508771930"
"2021-10-31T00:00:00.000","Alexandria City","VA","Passenger","5","0","5","121","126","3.968253968253968253968253968"
"2019-12-31T00:00:00.000","San Juan","WA","Truck","0","0","0","6091","6091","0"
"2021-07-31T00:00:00.000","Saginaw","MI","Passenger","1","0","1","6","7","14.28571428571428571428571429"
"2021-10-31T00:00:00.000","Bartow","GA","Passenger","0","1","1","2","3","33.33333333333333333333333333"
"2021-08-31T00:00:00.000","Jefferson","WA","Truck","0","0","0","9679","9679","0"
"2019-12-31T00:00:00.000","Santa Clara","CA","Passenger","5","2","7","309","316","2.215189873417721518987341772"
"2021-10-31T00:00:00.000","Benton","WA","Passenger","598","424","1022","135925","136947","0.7462741060410231695473431327"
"2019-11-30T00:00:00.000","Suffolk City","VA","Passenger","1","0","1","121","122","0.8196721311475409836065573770"
"2021-07-31T00:00:00.000","Santa Barbara","CA","Passenger","1","0","1","72","73","1.369863013698630136986301370"
"2021-06-30T00:00:00.000","Whatcom","WA","Truck","11","0","11","44331","44342","0.02480718055117044788236886022"
"2021-07-31T00:00:00.000","NULL","NULL","Passenger","7","5","12","1493","1505","0.7973421926910299003322259136"
"2020-12-31T00:00:00.000","King","WA","Truck","7","1","8","187904","187912","0.004257311933245348886712929456"
"2021-01-31T00:00:00.000","Columbia","GA","Passenger","1","0","1","128","129","0.7751937984496124031007751938"
"2021-10-31T00:00:00.000","Carroll","MD","Passenger","0","1","1","9","10","10.0"
"2021-07-31T00:00:00.000","Adams","WA","Passenger","16","15","31","13150","13181","0.2351870116076170245049692740"
"2021-07-31T00:00:00.000","Spartanburg","SC","Passenger","0","1","1","33","34","2.941176470588235294117647059"
"2019-12-31T00:00:00.000","Stafford","VA","Passenger","1","0","1","88","89","1.123595505617977528089887640"
"2021-01-31T00:00:00.000","Columbia","WA","Passenger","5","3","8","2516","2524","0.3169572107765451664025356577"
"2021-08-31T00:00:00.000","Lincoln","WA","Passenger","9","15","24","7752","7776","0.3086419753086419753086419753"
"2021-07-31T00:00:00.000","Anne Arundel","MD","Passenger","3","4","7","360","367","1.907356948228882833787465940"
"2020-12-31T00:00:00.000","Lewis","WA","Truck","0","0","0","27174","27174","0"
"2021-10-31T00:00:00.000","Clallam","WA","Passenger","373","237","610","50473","51083","1.194135035138891607775580917"
"2021-07-31T00:00:00.000","Asotin","WA","Passenger","22","18","40","12763","12803","0.3124267749746153245333125049"
"2021-08-31T00:00:00.000","Manassas City","VA","Passenger","0","1","1","5","6","16.66666666666666666666666667"
"2021-08-31T00:00:00.000","Mason","WA","Truck","6","0","6","21367","21373","0.02807280213353296214850512329"
"2020-12-31T00:00:00.000","Maricopa","AZ","Passenger","4","4","8","995","1003","0.7976071784646061814556331007"
"2021-01-31T00:00:00.000","Douglas","NE","Passenger","1","1","2","43","45","4.444444444444444444444444444"
"2021-07-31T00:00:00.000","Williams","ND","Passenger","0","1","1","8","9","11.11111111111111111111111111"
"2021-07-31T00:00:00.000","Wilson","NC","Passenger","1","0","1","0","1","100"
"2021-01-31T00:00:00.000","Douglas","OR","Passenger","1","0","1","34","35","2.857142857142857142857142857"
"2019-11-30T00:00:00.000","Yakima","WA","Passenger","130","125","255","170377","170632","0.1494444183974869895447512776"
"2021-08-31T00:00:00.000","Montgomery","MD","Passenger","3","4","7","189","196","3.571428571428571428571428571"
"2021-07-31T00:00:00.000","Yakima","WA","Passenger","250","168","418","170894","171312","0.2439992528252545063976837583"
"2020-12-31T00:00:00.000","Monterey","CA","Passenger","1","0","1","165","166","0.6024096385542168674698795181"
"2021-07-31T00:00:00.000","Calvert","MD","Passenger","0","2","2","83","85","2.352941176470588235294117647"
"2020-12-31T00:00:00.000","Montgomery","PA","Passenger","1","0","1","17","18","5.555555555555555555555555556"
"2021-01-31T00:00:00.000","Fairbanks North Star","AK","Passenger","0","1","1","87","88","1.136363636363636363636363636"
"2021-08-31T00:00:00.000","Allegheny","PA","Passenger","1","0","1","47","48","2.083333333333333333333333333"
"2021-10-31T00:00:00.000","Greene","MO","Passenger","0","1","1","15","16","6.2500"
"2019-12-31T00:00:00.000","Allegheny","PA","Passenger","1","0","1","64","65","1.538461538461538461538461538"
"2021-08-31T00:00:00.000","Okanogan","NULL","Truck","2","0","2","12919","12921","0.01547867812088847612413899853"
"2021-08-31T00:00:00.000","Anchorage","AK","Passenger","1","0","1","121","122","0.8196721311475409836065573770"
"2021-08-31T00:00:00.000","Okanogan","WA","Passenger","13","6","19","5855","5874","0.3234593122233571671773918965"
"2021-01-31T00:00:00.000","Ferry","WA","Passenger","9","3","12","4460","4472","0.2683363148479427549194991055"
"2020-12-31T00:00:00.000","New Castle","DE","Passenger","1","0","1","23","24","4.166666666666666666666666667"
"2021-08-31T00:00:00.000","Oldham","KY","Passenger","0","1","1","4","5","20.0"
"2019-12-31T00:00:00.000","Arapahoe","CO","Passenger","1","0","1","127","128","0.7812500"
"2021-08-31T00:00:00.000","Arapahoe","CO","Passenger","1","0","1","85","86","1.162790697674418604651162791"
"2021-08-31T00:00:00.000","Orange","CA","Passenger","3","1","4","372","376","1.063829787234042553191489362"
"2021-08-31T00:00:00.000","Bay","FL","Passenger","1","0","1","26","27","3.703703703703703703703703704"
"2021-10-31T00:00:00.000","Harris","TX","Passenger","1","0","1","125","126","0.7936507936507936507936507937"
"2021-07-31T00:00:00.000","Clallam","WA","Passenger","355","223","578","50818","51396","1.124601136275196513347342206"
"2021-08-31T00:00:00.000","Bell","TX","Passenger","0","1","1","305","306","0.3267973856209150326797385621"
"2021-08-31T00:00:00.000","Pend Oreille","WA","Passenger","16","7","23","9295","9318","0.2468340845675037561708521142"
"2021-10-31T00:00:00.000","Honolulu","HI","Passenger","4","1","5","266","271","1.845018450184501845018450185"
"2019-12-31T00:00:00.000","Bay","FL","Passenger","1","0","1","35","36","2.777777777777777777777777778"
"2021-07-31T00:00:00.000","Columbia","WA","Truck","1","0","1","1562","1563","0.06397952655150351887396033269"
"2021-07-31T00:00:00.000","Contra Costa","CA","Passenger","1","0","1","135","136","0.7352941176470588235294117647"
"2021-08-31T00:00:00.000","Pierce","WA","Passenger","3994","2094","6088","561269","567357","1.073045719009371524454620283"
"2021-08-31T00:00:00.000","Benton","WA","Truck","16","0","16","43858","43874","0.03646806764826548753247937275"
"2021-08-31T00:00:00.000","Pinellas","FL","Passenger","0","1","1","56","57","1.754385964912280701754385965"
"2021-08-31T00:00:00.000","Plaquemines","LA","Passenger","0","1","1","18","19","5.263157894736842105263157895"
"2021-01-31T00:00:00.000","Guadalupe","TX","Passenger","1","0","1","42","43","2.325581395348837209302325581"
"2019-12-31T00:00:00.000","Boone","MO","Passenger","0","1","1","8","9","11.11111111111111111111111111"
"2021-08-31T00:00:00.000","Boone","MO","Passenger","0","1","1","6","7","14.28571428571428571428571429"
"2021-10-31T00:00:00.000","Kings","NY","Passenger","1","0","1","48","49","2.040816326530612244897959184"
"2020-12-31T00:00:00.000","San Juan","WA","Passenger","368","115","483","14385","14868","3.248587570621468926553672316"
"2021-08-31T00:00:00.000","Bucks","PA","Passenger","1","0","1","16","17","5.882352941176470588235294118"
"2020-01-31T00:00:00.000","Asotin","WA","Truck","0","0","0","6927","6927","0"
"2020-12-31T00:00:00.000","San Mateo","CA","Passenger","0","1","1","97","98","1.020408163265306122448979592"
"2021-08-31T00:00:00.000","Camden","GA","Passenger","1","0","1","114","115","0.8695652173913043478260869565"
"2021-01-31T00:00:00.000","Harrison","MS","Passenger","2","0","2","55","57","3.508771929824561403508771930"
"2021-08-31T00:00:00.000","Riley","KS","Passenger","1","0","1","44","45","2.222222222222222222222222222"
"2019-12-31T00:00:00.000","Calvert","MD","Passenger","0","2","2","93","95","2.105263157894736842105263158"
"2021-07-31T00:00:00.000","Douglas","WA","Passenger","102","52","154","28724","28878","0.5332779278343375580026317612"
"2021-08-31T00:00:00.000","Charles","MD","Passenger","1","1","2","58","60","3.333333333333333333333333333"
"2021-08-31T00:00:00.000","Charles","MD","Truck","1","0","1","12","13","7.692307692307692307692307692"
"2020-01-31T00:00:00.000","Boone","MO","Passenger","0","1","1","8","9","11.11111111111111111111111111"
"2021-10-31T00:00:00.000","Mason","WA","Passenger","267","159","426","47742","48168","0.8844045839561534628799202790"
"2021-10-31T00:00:00.000","Mason","WA","Truck","7","0","7","21191","21198","0.03302198320596282668176243042"
"2020-12-31T00:00:00.000","Thurston","WA","Truck","0","0","0","57340","57340","0"
"2021-07-31T00:00:00.000","Flathead","MT","Passenger","1","0","1","29","30","3.333333333333333333333333333"
"2021-08-31T00:00:00.000","Clallam","WA","Truck","3","0","3","22147","22150","0.01354401805869074492099322799"
"2020-01-31T00:00:00.000","Broward","FL","Passenger","0","1","1","114","115","0.8695652173913043478260869565"
"2019-12-31T00:00:00.000","Charles","MD","Passenger","0","1","1","77","78","1.282051282051282051282051282"
"2021-08-31T00:00:00.000","Spartanburg","SC","Passenger","0","1","1","33","34","2.941176470588235294117647059"
"2020-01-31T00:00:00.000","Caddo","LA","Passenger","1","0","1","15","16","6.2500"
"2021-07-31T00:00:00.000","Franklin","WA","Passenger","139","101","240","62561","62801","0.3821595197528701772264772854"
"2021-10-31T00:00:00.000","Montgomery","AL","Passenger","0","1","1","31","32","3.12500"
"2021-08-31T00:00:00.000","Columbia","WA","Passenger","7","2","9","2479","2488","0.3617363344051446945337620579"
"2019-12-31T00:00:00.000","Chelan","WA","Passenger","203","82","285","55726","56011","0.5088286229490635767974147935"
"2020-01-31T00:00:00.000","Cascade","MT","Passenger","0","1","1","59","60","1.666666666666666666666666667"
"2021-08-31T00:00:00.000","Cumberland","NC","Truck","1","0","1","89","90","1.111111111111111111111111111"
"2021-10-31T00:00:00.000","Norfolk City","VA","Passenger","1","1","2","291","293","0.6825938566552901023890784983"
"2021-08-31T00:00:00.000","Danville City","VA","Passenger","1","0","1","0","1","100"
"2021-08-31T00:00:00.000","Davidson","TN","Passenger","1","0","1","34","35","2.857142857142857142857142857"
"2021-08-31T00:00:00.000","Dekalb","GA","Passenger","1","0","1","48","49","2.040816326530612244897959184"
"2020-01-31T00:00:00.000","Chaves","NM","Passenger","1","0","1","10","11","9.090909090909090909090909091"
"2021-10-31T00:00:00.000","Orange","CA","Passenger","3","1","4","364","368","1.086956521739130434782608696"
"2021-01-31T00:00:00.000","Kittitas","WA","Passenger","141","55","196","30460","30656","0.6393528183716075156576200418"
"2021-08-31T00:00:00.000","District Of Columbia","DC","Passenger","3","2","5","194","199","2.512562814070351758793969849"
"2021-01-31T00:00:00.000","Albemarle","VA","Passenger","1","0","1","23","24","4.166666666666666666666666667"
"2021-01-31T00:00:00.000","Klamath","OR","Passenger","1","0","1","22","23","4.347826086956521739130434783"
"2019-12-31T00:00:00.000","Clark","WA","Truck","0","0","0","83435","83435","0"
"2019-12-31T00:00:00.000","Clay","FL","Passenger","0","1","1","84","85","1.176470588235294117647058824"
"2021-07-31T00:00:00.000","Howard","MD","Passenger","0","1","1","68","69","1.449275362318840579710144928"
"2021-08-31T00:00:00.000","Douglas","NE","Passenger","1","1","2","34","36","5.555555555555555555555555556"
"2021-08-31T00:00:00.000","Douglas","WA","Truck","2","0","2","12735","12737","0.01570228468242129229802936327"
"2021-01-31T00:00:00.000","Benton","WA","Passenger","468","370","838","137623","138461","0.6052245758733506185857389445"
"2021-07-31T00:00:00.000","Island","WA","Passenger","640","327","967","63872","64839","1.491386356976511050448032820"
"2021-01-31T00:00:00.000","Benton","WA","Truck","0","0","0","44197","44197","0"
"2021-08-31T00:00:00.000","Erie","NY","Passenger","1","0","1","28","29","3.448275862068965517241379310"
"2020-01-31T00:00:00.000","Columbia","WA","Truck","0","0","0","1604","1604","0"
"2020-01-31T00:00:00.000","Cook","IL","Passenger","1","0","1","212","213","0.4694835680751173708920187793"
"2021-09-30T00:00:00.000","Anne Arundel","MD","Passenger","3","4","7","340","347","2.017291066282420749279538905"
"2021-09-30T00:00:00.000","Asotin","WA","Passenger","21","18","39","12714","12753","0.3058103975535168195718654434"
"2021-01-31T00:00:00.000","Bucks","PA","Passenger","1","0","1","19","20","5.00"
"2021-10-31T00:00:00.000","Saint Marys","MD","Truck","1","0","1","41","42","2.380952380952380952380952381"
"2021-10-31T00:00:00.000","San Diego","CA","Passenger","13","10","23","2268","2291","1.003928415539065910082933217"
"2019-12-31T00:00:00.000","Davidson","TN","Passenger","1","0","1","65","66","1.515151515151515151515151515"
"2021-07-31T00:00:00.000","King","WA","Truck","97","1","98","185458","185556","0.05281424475629998491021578391"
"2021-08-31T00:00:00.000","Guadalupe","TX","Passenger","1","0","1","31","32","3.12500"
"2020-01-31T00:00:00.000","Dekalb","GA","Passenger","1","0","1","75","76","1.315789473684210526315789474"
"2019-12-31T00:00:00.000","Dekalb","GA","Passenger","1","0","1","75","76","1.315789473684210526315789474"
"2021-01-31T00:00:00.000","Charles","MD","Passenger","1","1","2","62","64","3.12500"
"2020-01-31T00:00:00.000","Denton","TX","Passenger","1","0","1","61","62","1.612903225806451612903225806"
"2021-07-31T00:00:00.000","Kitsap","WA","Truck","17","0","17","54853","54870","0.03098232185164935301622015673"
"2021-01-31T00:00:00.000","Chesapeake City","VA","Passenger","0","3","3","379","382","0.7853403141361256544502617801"
"2021-09-30T00:00:00.000","Calvert","MD","Passenger","0","2","2","81","83","2.409638554216867469879518072"
"2021-01-31T00:00:00.000","Maricopa","AZ","Passenger","3","3","6","974","980","0.6122448979591836734693877551"
"2021-10-31T00:00:00.000","Spartanburg","SC","Passenger","0","1","1","31","32","3.12500"
"2019-12-31T00:00:00.000","Douglas","WA","Passenger","68","38","106","28833","28939","0.3662877086284944192957600470"
"2021-07-31T00:00:00.000","Lake","IL","Passenger","1","0","1","149","150","0.6666666666666666666666666667"
"2021-10-31T00:00:00.000","Stafford","VA","Passenger","2","0","2","79","81","2.469135802469135802469135802"
"2021-01-31T00:00:00.000","Clallam","WA","Passenger","298","195","493","50862","51355","0.9599844221594781423425177685"
"2019-12-31T00:00:00.000","Douglas","WA","Truck","0","0","0","12613","12613","0"
"2021-09-30T00:00:00.000","Charles","MD","Truck","1","0","1","12","13","7.692307692307692307692307692"
"2021-01-31T00:00:00.000","Clallam","WA","Truck","1","0","1","22321","22322","0.004479885314935937639996416092"
"2020-01-31T00:00:00.000","Duval","FL","Passenger","1","1","2","347","349","0.5730659025787965616045845272"
"2019-12-31T00:00:00.000","Dupage","IL","Passenger","2","0","2","52","54","3.703703703703703703703703704"
"2021-01-31T00:00:00.000","Maui","HI","Passenger","1","0","1","25","26","3.846153846153846153846153846"
"2021-07-31T00:00:00.000","Lewis","WA","Truck","2","0","2","26919","26921","0.007429144534006909104416626425"
"2021-01-31T00:00:00.000","Milwaukee","WI","Passenger","1","0","1","34","35","2.857142857142857142857142857"
"2021-08-31T00:00:00.000","Kent","DE","Passenger","0","1","1","55","56","1.785714285714285714285714286"
"2021-10-31T00:00:00.000","Williams","ND","Passenger","0","1","1","8","9","11.11111111111111111111111111"
"2020-01-31T00:00:00.000","Ferry","WA","Truck","0","0","0","3737","3737","0"
"2021-08-31T00:00:00.000","Kittitas","WA","Passenger","181","71","252","30016","30268","0.8325624421831637372802960222"
"2019-12-31T00:00:00.000","Fairfax","VA","Passenger","3","3","6","726","732","0.8196721311475409836065573770"
"2021-08-31T00:00:00.000","Kittitas","WA","Truck","4","0","4","14821","14825","0.02698145025295109612141652614"
"2020-01-31T00:00:00.000","Franklin","WA","Truck","0","0","0","20454","20454","0"
"2021-08-31T00:00:00.000","Klamath","OR","Passenger","1","0","1","16","17","5.882352941176470588235294118"
"2021-09-30T00:00:00.000","Douglas","WA","Passenger","105","54","159","28627","28786","0.5523518376988814006808865421"
"2021-11-30T00:00:00.000","Alameda","CA","Passenger","2","0","2","170","172","1.162790697674418604651162791"
"2020-01-31T00:00:00.000","Garfield","WA","Passenger","0","1","1","1339","1340","0.07462686567164179104477611940"
"2021-01-31T00:00:00.000","Glacier","MT","Passenger","0","1","1","5","6","16.66666666666666666666666667"
"2021-09-30T00:00:00.000","Fairbanks North Star","AK","Passenger","0","1","1","74","75","1.333333333333333333333333333"
"2021-09-30T00:00:00.000","Fairfax","VA","Passenger","5","7","12","596","608","1.973684210526315789473684211"
"2021-11-30T00:00:00.000","Anne Arundel","MD","Passenger","3","4","7","325","332","2.108433734939759036144578313"
"2021-01-31T00:00:00.000","Muscogee","GA","Passenger","0","1","1","160","161","0.6211180124223602484472049689"
"2021-08-31T00:00:00.000","Los Angeles","CA","Passenger","7","5","12","708","720","1.666666666666666666666666667"
"2021-11-30T00:00:00.000","Asotin","WA","Passenger","22","18","40","12638","12678","0.3155071777882946837040542672"
"2021-09-30T00:00:00.000","Ferry","WA","Passenger","10","3","13","4401","4414","0.2945174444947893067512460353"
"2021-01-31T00:00:00.000","New Castle","DE","Passenger","1","0","1","23","24","4.166666666666666666666666667"
"2021-09-30T00:00:00.000","Franklin","WA","Passenger","144","105","249","62288","62537","0.3981642867422485888354094376"
"2021-01-31T00:00:00.000","Norfolk City","VA","Passenger","2","1","3","333","336","0.8928571428571428571428571429"
"2021-01-31T00:00:00.000","Howard","MD","Passenger","0","1","1","73","74","1.351351351351351351351351351"
"2021-08-31T00:00:00.000","Muscogee","GA","Passenger","0","1","1","137","138","0.7246376811594202898550724638"
"2021-09-30T00:00:00.000","Grays Harbor","WA","Truck","8","0","8","21378","21386","0.03740764986439726924155989900"
"2021-01-31T00:00:00.000","Orange","FL","Passenger","1","0","1","99","100","1.00"
"2021-07-31T00:00:00.000","Montgomery","PA","Passenger","1","0","1","14","15","6.666666666666666666666666667"
"2021-09-30T00:00:00.000","Harrison","MS","Passenger","2","0","2","47","49","4.081632653061224489795918367"
"2021-09-30T00:00:00.000","Hillsborough","FL","Passenger","0","1","1","116","117","0.8547008547008547008547008547"
"2021-01-31T00:00:00.000","Lincoln","WA","Passenger","7","12","19","7788","7807","0.2433713334187267836556936083"
"2021-01-31T00:00:00.000","Pacific","WA","Passenger","44","42","86","16040","16126","0.5333002604489644053081979412"
"2021-09-30T00:00:00.000","Howard","IN","Passenger","0","1","1","4","5","20.0"
"2021-07-31T00:00:00.000","Multnomah","OR","Passenger","2","6","8","527","535","1.495327102803738317757009346"
"2021-08-31T00:00:00.000","Otero","NM","Passenger","0","1","1","30","31","3.225806451612903225806451613"
"2021-09-30T00:00:00.000","Island","WA","Passenger","671","341","1012","63524","64536","1.568117019957852981281765216"
"2021-08-31T00:00:00.000","Pacific","WA","Passenger","57","57","114","16148","16262","0.7010207846513343992128889435"
"2019-12-31T00:00:00.000","Island","WA","Passenger","395","270","665","64730","65395","1.016897316308586283354996559"
"2021-01-31T00:00:00.000","Pend Oreille","WA","Truck","0","0","0","5869","5869","0"
"2021-08-31T00:00:00.000","Pacific","WA","Truck","0","0","0","7992","7992","0"
"2019-12-31T00:00:00.000","Island","WA","Truck","1","0","1","21866","21867","0.004573101019801527415740613710"
"2021-01-31T00:00:00.000","Pennington","SD","Passenger","1","0","1","32","33","3.030303030303030303030303030"
"2021-08-31T00:00:00.000","Palm Beach","FL","Passenger","1","0","1","43","44","2.272727272727272727272727273"
"2021-11-30T00:00:00.000","Cowlitz","WA","Truck","9","0","9","28878","28887","0.03115588326929068439090248209"
"2021-08-31T00:00:00.000","Pend Oreille","WA","Truck","1","0","1","5772","5773","0.01732201628269530573358738957"
"2021-01-31T00:00:00.000","Mason","WA","Truck","0","0","0","21467","21467","0"
"2021-08-31T00:00:00.000","Pennington","SD","Passenger","1","0","1","24","25","4.00"
"2021-01-31T00:00:00.000","Philadelphia","PA","Passenger","1","0","1","54","55","1.818181818181818181818181818"
"2021-08-31T00:00:00.000","Pima","AZ","Passenger","0","1","1","190","191","0.5235602094240837696335078534"
"2021-07-31T00:00:00.000","Okanogan","WA","Truck","0","0","0","3916","3916","0"
"2021-11-30T00:00:00.000","El Paso","TX","Passenger","2","0","2","307","309","0.6472491909385113268608414239"
"2021-08-31T00:00:00.000","Polk","FL","Passenger","1","0","1","47","48","2.083333333333333333333333333"
"2021-01-31T00:00:00.000","Placer","CA","Passenger","1","0","1","70","71","1.408450704225352112676056338"
"2021-09-30T00:00:00.000","Kittitas","WA","Passenger","186","71","257","29897","30154","0.8522915699409696889301585196"
"2021-11-30T00:00:00.000","Fairbanks North Star","AK","Passenger","0","1","1","68","69","1.449275362318840579710144928"
"2019-12-31T00:00:00.000","Jefferson","NY","Passenger","0","1","1","227","228","0.4385964912280701754385964912"
"2021-01-31T00:00:00.000","Nassau","FL","Passenger","1","0","1","19","20","5.00"
"2021-11-30T00:00:00.000","Ferry","WA","Passenger","13","3","16","4415","4431","0.3610923042202663055743624464"
"2019-12-31T00:00:00.000","Jefferson","WA","Truck","0","0","0","9850","9850","0"
"2021-08-31T00:00:00.000","Saint Louis City","MO","Passenger","1","0","1","17","18","5.555555555555555555555555556"
"2021-11-30T00:00:00.000","Franklin","WA","Passenger","160","108","268","61999","62267","0.4304045481555237926991825526"
"2021-07-31T00:00:00.000","Pierce","WA","Truck","35","0","35","146732","146767","0.02384732262702106059264003489"
"2021-09-30T00:00:00.000","Lewis","WA","Truck","4","0","4","26727","26731","0.01496389959223373611163069096"
"2021-11-30T00:00:00.000","Fresno","CA","Passenger","1","0","1","136","137","0.7299270072992700729927007299"
"2021-09-30T00:00:00.000","Lincoln","WA","Truck","0","0","0","4786","4786","0"
"2019-12-31T00:00:00.000","Juneau","AK","Passenger","0","1","1","21","22","4.545454545454545454545454545"
"2021-01-31T00:00:00.000","Orange","CA","Passenger","3","2","5","426","431","1.160092807424593967517401392"
"2021-07-31T00:00:00.000","Platte","MO","Passenger","1","0","1","15","16","6.2500"
"2021-08-31T00:00:00.000","Sevier","AR","Passenger","0","1","1","0","1","100"
"2019-12-31T00:00:00.000","Kent","DE","Passenger","0","1","1","69","70","1.428571428571428571428571429"
"2021-11-30T00:00:00.000","Grant","WA","Truck","7","0","7","27889","27896","0.02509320332664181244622885001"
"2021-09-30T00:00:00.000","Maricopa","AZ","Passenger","2","1","3","707","710","0.4225352112676056338028169014"
"2021-11-30T00:00:00.000","Grays Harbor","WA","Truck","9","0","9","21275","21284","0.04228528472091712084194700244"
"2021-01-31T00:00:00.000","Pend Oreille","WA","Passenger","12","3","15","9425","9440","0.1588983050847457627118644068"
"2021-08-31T00:00:00.000","Skagit","WA","Passenger","645","302","947","92088","93035","1.017896490568065781695060999"
"2021-08-31T00:00:00.000","Skamania","WA","Passenger","56","41","97","8464","8561","1.133045204999415956079897208"
"2021-01-31T00:00:00.000","San Diego","CA","Passenger","13","8","21","2665","2686","0.7818317200297840655249441549"
"2021-01-31T00:00:00.000","Plaquemines","LA","Passenger","0","1","1","15","16","6.2500"
"2021-09-30T00:00:00.000","Milwaukee","WI","Passenger","1","0","1","30","31","3.225806451612903225806451613"
"2019-12-31T00:00:00.000","Kitsap","WA","Truck","1","0","1","55716","55717","0.001794784356659547355385250462"
"2021-01-31T00:00:00.000","Sarasota","FL","Passenger","1","0","1","19","20","5.00"
"2021-11-30T00:00:00.000","Harrison","MS","Passenger","2","0","2","44","46","4.347826086956521739130434783"
"2019-12-31T00:00:00.000","Kootenai","ID","Passenger","1","1","2","195","197","1.015228426395939086294416244"
"2021-09-30T00:00:00.000","New Castle","DE","Passenger","1","0","1","15","16","6.2500"
"2021-07-31T00:00:00.000","Riverside","CA","Passenger","4","1","5","461","466","1.072961373390557939914163090"
"2021-08-31T00:00:00.000","Travis","TX","Passenger","1","0","1","97","98","1.020408163265306122448979592"
"2021-01-31T00:00:00.000","Riley","KS","Passenger","1","0","1","59","60","1.666666666666666666666666667"
"2021-08-31T00:00:00.000","Vigo","IN","Passenger","1","0","1","3","4","25.00"
"2020-01-31T00:00:00.000","Los Angeles","CA","Passenger","8","9","17","1008","1025","1.658536585365853658536585366"
"2021-08-31T00:00:00.000","Virginia Beach City","VA","Passenger","2","0","2","521","523","0.3824091778202676864244741874"
"2021-01-31T00:00:00.000","Sacramento","CA","Passenger","2","0","2","212","214","0.9345794392523364485981308411"
"2021-07-31T00:00:00.000","Saint Clair","IL","Passenger","1","0","1","127","128","0.7812500"
"2021-01-31T00:00:00.000","Skagit","WA","Passenger","547","265","812","93098","93910","0.8646576509423916515813012459"
"2021-08-31T00:00:00.000","Wahkiakum","WA","Passenger","16","8","24","3090","3114","0.7707129094412331406551059730"
"2021-08-31T00:00:00.000","Wahkiakum","WA","Truck","0","0","0","1810","1810","0"
"2021-01-31T00:00:00.000","Skamania","WA","Truck","0","0","0","4130","4130","0"
"2021-08-31T00:00:00.000","Wake","NC","Passenger","1","0","1","94","95","1.052631578947368421052631579"
"2021-11-30T00:00:00.000","Kern","CA","Passenger","1","1","2","171","173","1.156069364161849710982658960"
"2021-09-30T00:00:00.000","Pend Oreille","WA","Truck","1","0","1","5711","5712","0.01750700280112044817927170868"
"2021-09-30T00:00:00.000","Philadelphia","PA","Passenger","1","0","1","38","39","2.564102564102564102564102564"
"2021-07-31T00:00:00.000","Saint Marys","MD","Passenger","1","1","2","161","163","1.226993865030674846625766871"
"2021-09-30T00:00:00.000","Placer","CA","Passenger","1","0","1","58","59","1.694915254237288135593220339"
"2021-11-30T00:00:00.000","King","WA","Truck","186","1","187","182201","182388","0.1025286751321358861328596180"
"2021-01-31T00:00:00.000","Suffolk City","VA","Passenger","1","0","1","118","119","0.8403361344537815126050420168"
"2021-07-31T00:00:00.000","Santa Clara","CA","Passenger","6","1","7","188","195","3.589743589743589743589743590"
"2020-01-31T00:00:00.000","Mason","OR","Passenger","2","0","2","18","20","10.0"
"2019-12-31T00:00:00.000","Lincoln","WA","Truck","0","0","0","4817","4817","0"
"2021-09-30T00:00:00.000","Powhatan","VA","Passenger","1","0","1","1","2","50.0"
"2021-08-31T00:00:00.000","Whatcom","WA","Passenger","1581","645","2226","151082","153308","1.451979022621128708221358311"
"2021-01-31T00:00:00.000","Spartanburg","SC","Passenger","0","1","1","36","37","2.702702702702702702702702703"
"2021-01-31T00:00:00.000","Twin Falls","ID","Passenger","0","1","1","17","18","5.555555555555555555555555556"
"2019-12-31T00:00:00.000","Los Angeles","CA","Passenger","7","8","15","1019","1034","1.450676982591876208897485493"
"2021-09-30T00:00:00.000","Queens","NY","Passenger","1","0","1","38","39","2.564102564102564102564102564"
"2021-09-30T00:00:00.000","NULL","CA","Passenger","1","4","5","211","216","2.314814814814814814814814815"
"2021-01-31T00:00:00.000","Stafford","VA","Passenger","2","0","2","86","88","2.272727272727272727272727273"
"2021-11-30T00:00:00.000","Lewis","WA","Truck","6","0","6","26546","26552","0.02259716782163302199457667972"
"2021-01-31T00:00:00.000","Virginia Beach City","VA","Passenger","2","0","2","582","584","0.3424657534246575342465753425"
"2021-09-30T00:00:00.000","Albemarle","VA","Passenger","1","0","1","22","23","4.347826086956521739130434783"
"2020-01-31T00:00:00.000","Monroe","IL","Passenger","1","0","1","3","4","25.00"
"2021-01-31T00:00:00.000","Wahkiakum","WA","Truck","0","0","0","1806","1806","0"
"2021-09-30T00:00:00.000","Bell","TX","Passenger","0","1","1","292","293","0.3412969283276450511945392491"
"2021-09-30T00:00:00.000","San Francisco","CA","Passenger","0","1","1","68","69","1.449275362318840579710144928"
"2020-01-31T00:00:00.000","Moore","NC","Passenger","0","1","1","167","168","0.5952380952380952380952380952"
"2021-09-30T00:00:00.000","Benton","WA","Truck","19","0","19","43807","43826","0.04335326062154885227946880847"
"2021-01-31T00:00:00.000","Washtenaw","MI","Passenger","1","0","1","22","23","4.347826086956521739130434783"
"2021-09-30T00:00:00.000","Sarasota","FL","Passenger","1","0","1","21","22","4.545454545454545454545454545"
"2021-09-30T00:00:00.000","Bradley","TN","Passenger","0","1","1","0","1","100"
"2021-01-31T00:00:00.000","Wahkiakum","WA","Passenger","7","7","14","3090","3104","0.4510309278350515463917525773"
"2021-09-30T00:00:00.000","Skamania","WA","Truck","0","0","0","4057","4057","0"
"2020-01-31T00:00:00.000","Nueces","TX","Passenger","1","0","1","84","85","1.176470588235294117647058824"
"2021-11-30T00:00:00.000","Monterey","CA","Passenger","1","0","1","135","136","0.7352941176470588235294117647"
"2021-11-30T00:00:00.000","Montgomery","PA","Passenger","2","0","2","10","12","16.66666666666666666666666667"
"2020-01-31T00:00:00.000","Okanogan","NULL","Passenger","30","22","52","20854","20906","0.2487324213144551803310054530"
"2019-12-31T00:00:00.000","Montgomery","MD","Passenger","0","4","4","265","269","1.486988847583643122676579926"
"2021-01-31T00:00:00.000","Whatcom","WA","Truck","3","0","3","44451","44454","0.006748549061951680388716425968"
"2021-09-30T00:00:00.000","Spokane","WA","Passenger","1220","734","1954","326510","328464","0.5948901553899361878318476302"
"2021-11-30T00:00:00.000","New Castle","DE","Passenger","1","0","1","13","14","7.142857142857142857142857143"
"2021-02-28T00:00:00.000","NULL","NULL","Passenger","7","5","12","1655","1667","0.7198560287942411517696460708"
"2021-07-31T00:00:00.000","Walla Walla","WA","Passenger","114","79","193","36864","37057","0.5208192784089375826429554470"
"2021-09-30T00:00:00.000","Carson City","NV","Passenger","1","0","1","9","10","10.0"
"2021-02-28T00:00:00.000","Adams","WA","Passenger","10","10","20","13244","13264","0.1507840772014475271411338963"
"2021-02-28T00:00:00.000","Adams","WA","Truck","0","0","0","5487","5487","0"
"2019-12-31T00:00:00.000","Nassau","NY","Passenger","2","0","2","32","34","5.882352941176470588235294118"
"2021-02-28T00:00:00.000","Arlington","VA","Passenger","0","1","1","121","122","0.8196721311475409836065573770"
"2021-02-28T00:00:00.000","Alameda","CA","Passenger","2","0","2","224","226","0.8849557522123893805309734513"
"2021-02-28T00:00:00.000","Bartow","GA","Passenger","0","1","1","3","4","25.00"
"2021-07-31T00:00:00.000","Williamson","TX","Passenger","1","0","1","71","72","1.388888888888888888888888889"
"2021-02-28T00:00:00.000","Albemarle","VA","Passenger","1","0","1","23","24","4.166666666666666666666666667"
"2019-12-31T00:00:00.000","Otero","NM","Passenger","0","1","1","36","37","2.702702702702702702702702703"
"2021-09-30T00:00:00.000","Cumberland","NC","Passenger","0","2","2","374","376","0.5319148936170212765957446809"
"2019-12-31T00:00:00.000","Pacific","WA","Truck","0","0","0","7910","7910","0"
"2021-02-28T00:00:00.000","Asotin","WA","Truck","0","0","0","6836","6836","0"
"2021-08-31T00:00:00.000","NULL","NULL","Truck","2","0","2","269","271","0.7380073800738007380073800738"
"2021-11-30T00:00:00.000","San Juan","WA","Passenger","466","143","609","14116","14725","4.135823429541595925297113752"
"2019-12-31T00:00:00.000","Palm Beach","FL","Passenger","0","1","1","68","69","1.449275362318840579710144928"
"2019-12-31T00:00:00.000","Pima","AZ","Passenger","2","1","3","324","327","0.9174311926605504587155963303"
"2021-09-30T00:00:00.000","Wahkiakum","WA","Truck","0","0","0","1820","1820","0"
"2021-09-30T00:00:00.000","District Of Columbia","DC","Passenger","3","1","4","192","196","2.040816326530612244897959184"
"2020-01-31T00:00:00.000","Ramsey","MN","Passenger","1","0","1","34","35","2.857142857142857142857142857"
"2021-08-31T00:00:00.000","Alameda","CA","Passenger","2","0","2","188","190","1.052631578947368421052631579"
"2021-09-30T00:00:00.000","Walla Walla","WA","Passenger","127","84","211","36530","36741","0.5742903023869791241392449852"
"2021-08-31T00:00:00.000","Albemarle","VA","Passenger","1","0","1","23","24","4.166666666666666666666666667"
"2019-12-31T00:00:00.000","Polk","FL","Passenger","1","0","1","67","68","1.470588235294117647058823529"
"2021-02-28T00:00:00.000","Bexar","TX","Passenger","3","5","8","473","481","1.663201663201663201663201663"
"2019-12-31T00:00:00.000","Powhatan","VA","Passenger","1","0","1","0","1","100"
"2021-02-28T00:00:00.000","Carroll","MD","Passenger","0","1","1","15","16","6.2500"
"2021-08-31T00:00:00.000","Asotin","WA","Truck","2","0","2","6778","6780","0.02949852507374631268436578171"
"2020-01-31T00:00:00.000","Saginaw","MI","Passenger","1","0","1","10","11","9.090909090909090909090909091"
"2021-02-28T00:00:00.000","Broward","FL","Passenger","1","0","1","94","95","1.052631578947368421052631579"
"2021-11-30T00:00:00.000","Thurston","WA","Truck","41","0","41","55797","55838","0.07342669866399226333321394033"
"2021-09-30T00:00:00.000","Garfield","WA","Passenger","0","3","3","1356","1359","0.2207505518763796909492273731"
"2021-08-31T00:00:00.000","Bexar","TX","Passenger","2","4","6","410","416","1.442307692307692307692307692"
"2021-09-30T00:00:00.000","Glacier","MT","Passenger","0","1","1","4","5","20.0"
"2021-09-30T00:00:00.000","Whatcom","WA","Truck","18","0","18","43869","43887","0.04101442340556429010868822202"
"2020-01-31T00:00:00.000","San Bernardino","CA","Passenger","0","1","1","455","456","0.2192982456140350877192982456"
"2021-02-28T00:00:00.000","Columbia","GA","Passenger","1","0","1","126","127","0.7874015748031496062992125984"
"2021-09-30T00:00:00.000","Williamson","TX","Passenger","1","0","1","67","68","1.470588235294117647058823529"
"2020-01-31T00:00:00.000","San Mateo","CA","Passenger","1","1","2","117","119","1.680672268907563025210084034"
"2021-02-28T00:00:00.000","Contra Costa","CA","Passenger","1","0","1","155","156","0.6410256410256410256410256410"
"2021-11-30T00:00:00.000","Yamhill","OR","Passenger","1","0","1","27","28","3.571428571428571428571428571"
"2021-09-30T00:00:00.000","Harnett","NC","Passenger","0","1","1","130","131","0.7633587786259541984732824427"
"2020-01-31T00:00:00.000","Santa Barbara","CA","Passenger","1","0","1","91","92","1.086956521739130434782608696"
"2021-12-31T00:00:00.000","NULL","WA","Passenger","0","0","0","3","3","0"
"2020-01-31T00:00:00.000","Santa Cruz","CA","Passenger","1","0","1","33","34","2.941176470588235294117647059"
"2021-02-28T00:00:00.000","Chelan","WA","Passenger","309","88","397","55401","55798","0.7114950356643607297752607620"
"2021-12-31T00:00:00.000","Albemarle","VA","Passenger","2","0","2","21","23","8.695652173913043478260869565"
"2021-08-31T00:00:00.000","Chelan","WA","Passenger","369","101","470","54997","55467","0.8473506769791046928804514396"
"2019-12-31T00:00:00.000","San Bernardino","CA","Passenger","0","1","1","452","453","0.2207505518763796909492273731"
"2021-10-31T00:00:00.000","NULL","NULL","Passenger","6","6","12","1364","1376","0.8720930232558139534883720930"
"2019-12-31T00:00:00.000","San Francisco","CA","Passenger","2","1","3","93","96","3.12500"
"2021-10-31T00:00:00.000","Adams","WA","Passenger","16","16","32","13013","13045","0.2453047144499808355691835952"
"2021-02-28T00:00:00.000","Dekalb","IN","Passenger","1","0","1","0","1","100"
"2021-08-31T00:00:00.000","Clark","NV","Passenger","4","1","5","490","495","1.010101010101010101010101010"
"2021-12-31T00:00:00.000","Benton","WA","Passenger","637","444","1081","134989","136070","0.7944440361578599250385830822"
"2019-12-31T00:00:00.000","Santa Cruz","CA","Passenger","1","0","1","34","35","2.857142857142857142857142857"
"2021-12-31T00:00:00.000","Benton","WA","Truck","27","0","27","43294","43321","0.06232543108423166593568938852"
"2020-01-31T00:00:00.000","Skagit","WA","Truck","1","0","1","33510","33511","0.002984094774850049237563785026"
"2021-02-28T00:00:00.000","Clark","NV","Passenger","4","1","5","557","562","0.8896797153024911032028469751"
"2021-09-30T00:00:00.000","Kittitas","WA","Truck","4","0","4","14768","14772","0.02707825616030327646899539670"
"2021-02-28T00:00:00.000","El Dorado","CA","Passenger","1","0","1","27","28","3.571428571428571428571428571"
"2021-02-28T00:00:00.000","El Paso","CO","Passenger","1","0","1","610","611","0.1636661211129296235679214403"
"2021-08-31T00:00:00.000","Cowlitz","WA","Truck","7","0","7","29227","29234","0.02394472189915851405897242936"
"2021-02-28T00:00:00.000","Frederick","MD","Passenger","2","1","3","70","73","4.109589041095890410958904110"
"2019-12-31T00:00:00.000","Skamania","WA","Passenger","29","19","48","8991","9039","0.5310321938267507467640225689"
"2021-02-28T00:00:00.000","Cook","IL","Passenger","1","0","1","167","168","0.5952380952380952380952380952"
"2021-09-30T00:00:00.000","Missoula","MT","Passenger","1","0","1","33","34","2.941176470588235294117647059"
"2019-12-31T00:00:00.000","Spokane","WA","Passenger","686","504","1190","322174","323364","0.3680063334199230588439034648"
"2021-10-31T00:00:00.000","Calvert","MD","Passenger","0","2","2","80","82","2.439024390243902439024390244"
"2021-12-31T00:00:00.000","Clallam","WA","Passenger","388","236","624","50029","50653","1.231911239215841115037608829"
"2021-02-28T00:00:00.000","Cowlitz","WA","Truck","0","0","0","29591","29591","0"
"2021-08-31T00:00:00.000","El Paso","TX","Passenger","2","0","2","329","331","0.6042296072507552870090634441"
"2020-01-31T00:00:00.000","Tuolumne","CA","Passenger","0","1","1","9","10","10.0"
"2021-02-28T00:00:00.000","Harris","TX","Passenger","1","0","1","171","172","0.5813953488372093023255813953"
"2021-08-31T00:00:00.000","Garfield","WA","Passenger","0","3","3","1366","1369","0.2191380569758948137326515705"
"2020-01-31T00:00:00.000","Valencia","NM","Passenger","1","0","1","3","4","25.00"
"2021-10-31T00:00:00.000","Clark","NV","Passenger","4","1","5","456","461","1.084598698481561822125813449"
"2021-08-31T00:00:00.000","Grant","WA","Truck","2","0","2","28224","28226","0.007085665698292354566711542549"
"2021-10-31T00:00:00.000","Columbia","GA","Passenger","1","0","1","101","102","0.9803921568627450980392156863"
"2021-10-31T00:00:00.000","Columbia","WA","Truck","1","0","1","1533","1534","0.06518904823989569752281616688"
"2021-09-30T00:00:00.000","Pend Oreille","WA","Passenger","17","7","24","9259","9283","0.2585371108477862759883658300"
"2021-02-28T00:00:00.000","Hidalgo","TX","Passenger","0","1","1","57","58","1.724137931034482758620689655"
"2021-02-28T00:00:00.000","Douglas","WA","Truck","1","0","1","12756","12757","0.007838833581563063416163674845"
"2019-12-31T00:00:00.000","Vigo","IN","Passenger","1","0","1","4","5","20.0"
"2021-09-30T00:00:00.000","Plaquemines","LA","Passenger","0","1","1","18","19","5.263157894736842105263157895"
"2021-02-28T00:00:00.000","Honolulu","HI","Passenger","4","0","4","347","351","1.139601139601139601139601140"
"2021-02-28T00:00:00.000","El Paso","TX","Passenger","2","0","2","379","381","0.5249343832020997375328083990"
"2021-12-31T00:00:00.000","Glacier","MT","Passenger","0","1","1","4","5","20.0"
"2019-12-31T00:00:00.000","Walla Walla","WA","Passenger","64","61","125","37056","37181","0.3361932169656545009547887362"
"2020-01-31T00:00:00.000","Washoe","NV","Passenger","1","0","1","82","83","1.204819277108433734939759036"
"2021-09-30T00:00:00.000","Sacramento","CA","Passenger","2","0","2","184","186","1.075268817204301075268817204"
"2019-12-31T00:00:00.000","Walla Walla","WA","Truck","0","0","0","14086","14086","0"
"2021-09-30T00:00:00.000","Saint Louis","MO","Passenger","1","0","1","41","42","2.380952380952380952380952381"
"2021-02-28T00:00:00.000","Fulton","GA","Passenger","0","2","2","73","75","2.666666666666666666666666667"
"2020-01-31T00:00:00.000","Westchester","NY","Passenger","0","1","1","27","28","3.571428571428571428571428571"
"2021-12-31T00:00:00.000","Howard","MD","Passenger","0","1","1","61","62","1.612903225806451612903225806"
"2021-02-28T00:00:00.000","Garfield","WA","Passenger","0","2","2","1365","1367","0.1463057790782735918068763716"
"2021-10-31T00:00:00.000","Douglas","WA","Passenger","105","55","160","28525","28685","0.5577828133170646679449189472"
"2021-08-31T00:00:00.000","Island","WA","Truck","9","0","9","21683","21692","0.04148995021205974552830536603"
"2021-02-28T00:00:00.000","Kings","NY","Passenger","1","0","1","50","51","1.960784313725490196078431373"
"2019-12-31T00:00:00.000","Wayne","MI","Passenger","0","1","1","57","58","1.724137931034482758620689655"
"2021-02-28T00:00:00.000","Grant","WA","Truck","0","0","0","28336","28336","0"
"2021-02-28T00:00:00.000","Lake","IL","Passenger","2","0","2","153","155","1.290322580645161290322580645"
"2020-01-31T00:00:00.000","Yakima","WA","Passenger","133","124","257","170646","170903","0.1503776996307847141360888925"
"2019-12-31T00:00:00.000","Westchester","NY","Passenger","0","1","1","28","29","3.448275862068965517241379310"
"2021-09-30T00:00:00.000","Snohomish","WA","Passenger","6588","2198","8786","540049","548835","1.600845427132015997522023923"
"2019-12-31T00:00:00.000","Whatcom","WA","Passenger","1045","501","1546","154195","155741","0.9926737339557341997290373119"
"2021-09-30T00:00:00.000","Spartanburg","SC","Passenger","0","1","1","32","33","3.030303030303030303030303030"
"2021-12-31T00:00:00.000","Kings","CA","Passenger","1","0","1","291","292","0.3424657534246575342465753425"
"2020-02-29T00:00:00.000","NULL","CA","Passenger","1","2","3","223","226","1.327433628318584070796460177"
"2021-09-30T00:00:00.000","Stafford","VA","Passenger","2","0","2","80","82","2.439024390243902439024390244"
"2019-12-31T00:00:00.000","Whitman","WA","Passenger","43","49","92","23091","23183","0.3968425139110555148168916879"
"2021-10-31T00:00:00.000","Howard","MD","Passenger","0","1","1","62","63","1.587301587301587301587301587"
"2021-09-30T00:00:00.000","Stevens","WA","Passenger","55","41","96","30389","30485","0.3149089716253895358372970313"
"2021-02-28T00:00:00.000","Liberty","GA","Passenger","1","0","1","114","115","0.8695652173913043478260869565"
"2021-10-31T00:00:00.000","Island","WA","Passenger","685","343","1028","63201","64229","1.600523128181973874729483567"
"2021-12-31T00:00:00.000","Lincoln","WA","Passenger","9","16","25","7649","7674","0.3257753453218660411780036487"
"2020-02-29T00:00:00.000","Allegheny","PA","Passenger","1","0","1","61","62","1.612903225806451612903225806"
"2019-12-31T00:00:00.000","Williamson","TX","Passenger","1","0","1","116","117","0.8547008547008547008547008547"
"2021-09-30T00:00:00.000","Travis","TX","Passenger","1","0","1","93","94","1.063829787234042553191489362"
"2020-02-29T00:00:00.000","Arlington","VA","Passenger","0","2","2","140","142","1.408450704225352112676056338"
"2021-12-31T00:00:00.000","Mason","WA","Truck","10","0","10","20960","20970","0.04768717215069146399618502623"
"2021-10-31T00:00:00.000","Kings","CA","Passenger","1","0","1","298","299","0.3344481605351170568561872910"
"2021-10-31T00:00:00.000","Kittitas","WA","Passenger","197","70","267","29727","29994","0.8901780356071214242848569714"
"2021-09-30T00:00:00.000","Wahkiakum","WA","Passenger","16","8","24","3074","3098","0.7746933505487411233053582957"
"2021-02-28T00:00:00.000","Mason","WA","Passenger","209","145","354","48504","48858","0.7245486921282082770477710917"
"2021-02-28T00:00:00.000","Island","WA","Truck","0","0","0","21831","21831","0"
"2021-08-31T00:00:00.000","Missoula","MT","Passenger","1","0","1","34","35","2.857142857142857142857142857"
"2020-02-29T00:00:00.000","Bell","TX","Passenger","0","1","1","405","406","0.2463054187192118226600985222"
"2020-01-31T00:00:00.000","Ada","ID","Passenger","0","1","1","256","257","0.3891050583657587548638132296"
"2021-10-31T00:00:00.000","Lake","IL","Passenger","1","0","1","145","146","0.6849315068493150684931506849"
"2021-08-31T00:00:00.000","Montgomery","AL","Passenger","0","1","1","30","31","3.225806451612903225806451613"
"2020-01-31T00:00:00.000","Alameda","CA","Passenger","3","0","3","259","262","1.145038167938931297709923664"
"2021-09-30T00:00:00.000","Yakima","WA","Truck","5","0","5","61981","61986","0.008066337560094214822701900429"
"2021-02-28T00:00:00.000","Norfolk City","VA","Passenger","2","1","3","329","332","0.9036144578313253012048192771"
"2021-02-28T00:00:00.000","Jones","GA","Passenger","1","0","1","1","2","50.0"
"2021-10-31T00:00:00.000","Lincoln","WA","Truck","0","0","0","4794","4794","0"
"2021-12-31T00:00:00.000","Orange","CA","Passenger","3","1","4","345","349","1.146131805157593123209169054"
"2021-10-31T00:00:00.000","Anchorage","AK","Passenger","1","0","1","116","117","0.8547008547008547008547008547"
"2021-02-28T00:00:00.000","Okanogan","WA","Truck","0","0","0","3970","3970","0"
"2021-12-31T00:00:00.000","Pend Oreille","WA","Passenger","17","9","26","9020","9046","0.2874198540791510059694892770"
"2021-02-28T00:00:00.000","Orange","FL","Passenger","1","0","1","98","99","1.010101010101010101010101010"
"2021-02-28T00:00:00.000","Ozaukee","WI","Passenger","0","1","1","3","4","25.00"
"2021-12-31T00:00:00.000","Plaquemines","LA","Passenger","0","1","1","18","19","5.263157894736842105263157895"
"2021-08-31T00:00:00.000","Sacramento","CA","Passenger","2","0","2","184","186","1.075268817204301075268817204"
"2020-02-29T00:00:00.000","Bryan","GA","Passenger","1","0","1","58","59","1.694915254237288135593220339"
"2021-10-31T00:00:00.000","Multnomah","OR","Passenger","2","5","7","492","499","1.402805611222444889779559118"
"2021-10-31T00:00:00.000","Boulder","CO","Passenger","0","1","1","16","17","5.882352941176470588235294118"
"2021-02-28T00:00:00.000","Pierce","WA","Truck","5","0","5","147598","147603","0.003387465024423622826094320576"
"2021-12-31T00:00:00.000","Riley","KS","Passenger","1","0","1","41","42","2.380952380952380952380952381"
"2021-10-31T00:00:00.000","Okanogan","WA","Truck","0","0","0","3853","3853","0"
"2021-08-31T00:00:00.000","San Bernardino","CA","Passenger","0","1","1","342","343","0.2915451895043731778425655977"
"2020-02-29T00:00:00.000","Carson City","NV","Passenger","1","0","1","9","10","10.0"
"2021-12-31T00:00:00.000","Sacramento","CA","Passenger","1","0","1","168","169","0.5917159763313609467455621302"
"2021-10-31T00:00:00.000","Orange","FL","Passenger","1","0","1","80","81","1.234567901234567901234567901"
"2021-10-31T00:00:00.000","Charles","MD","Truck","1","0","1","12","13","7.692307692307692307692307692"
"2021-08-31T00:00:00.000","Santa Cruz","CA","Passenger","1","0","1","23","24","4.166666666666666666666666667"
"2021-10-31T00:00:00.000","Pend Oreille","WA","Truck","1","0","1","5670","5671","0.01763357432551578204902133662"
"2021-08-31T00:00:00.000","Snohomish","WA","Passenger","6458","2180","8638","541361","549999","1.570548310087836523339133344"
"2021-12-31T00:00:00.000","Spartanburg","SC","Passenger","0","1","1","29","30","3.333333333333333333333333333"
"2021-02-28T00:00:00.000","Missoula","MT","Passenger","1","0","1","48","49","2.040816326530612244897959184"
"2020-02-29T00:00:00.000","Clackamas","OR","Passenger","1","1","2","181","183","1.092896174863387978142076503"
"2021-10-31T00:00:00.000","Pierce","WA","Truck","55","0","55","144900","144955","0.03794280983753578696836949398"
"2021-10-31T00:00:00.000","Columbia","WA","Passenger","7","2","9","2447","2456","0.3664495114006514657980456026"
"2021-12-31T00:00:00.000","Stafford","VA","Passenger","2","0","2","75","77","2.597402597402597402597402597"
"2021-08-31T00:00:00.000","Spokane","WA","Truck","29","0","29","102757","102786","0.02821395909948825715564376472"
"2021-02-28T00:00:00.000","Saint Marys","MD","Passenger","1","0","1","172","173","0.5780346820809248554913294798"
"2021-08-31T00:00:00.000","Stafford","VA","Passenger","2","0","2","83","85","2.352941176470588235294117647"
"2021-02-28T00:00:00.000","Montgomery","AL","Passenger","0","1","1","32","33","3.030303030303030303030303030"
"2021-02-28T00:00:00.000","San Diego","CA","Passenger","13","8","21","2631","2652","0.7918552036199095022624434389"
"2020-02-29T00:00:00.000","Cochise","AZ","Passenger","0","1","1","108","109","0.9174311926605504587155963303"
"2021-02-28T00:00:00.000","San Juan","WA","Truck","0","0","0","6011","6011","0"
"2021-08-31T00:00:00.000","Stevens","WA","Passenger","52","43","95","30488","30583","0.3106300886113200143870777883"
"2021-02-28T00:00:00.000","Moore","NC","Passenger","0","1","1","134","135","0.7407407407407407407407407407"
"2021-10-31T00:00:00.000","Douglas","NE","Passenger","1","1","2","32","34","5.882352941176470588235294118"
"2021-02-28T00:00:00.000","Santa Clara","CA","Passenger","5","2","7","217","224","3.12500"
"2021-10-31T00:00:00.000","Riverside","CA","Passenger","3","0","3","417","420","0.7142857142857142857142857143"
"2020-01-31T00:00:00.000","Chelan","WA","Truck","0","0","0","23169","23169","0"
"2021-10-31T00:00:00.000","Douglas","OR","Passenger","1","0","1","22","23","4.347826086956521739130434783"
"2021-02-28T00:00:00.000","Sarpy","NE","Passenger","1","0","1","60","61","1.639344262295081967213114754"
"2021-08-31T00:00:00.000","Thurston","WA","Passenger","1791","934","2725","198604","201329","1.353505952942695786498716032"
"2021-10-31T00:00:00.000","Sacramento","CA","Passenger","2","0","2","180","182","1.098901098901098901098901099"
"2021-12-31T00:00:00.000","Wahkiakum","WA","Passenger","17","10","27","3034","3061","0.8820646847435478601764129369"
"2021-10-31T00:00:00.000","Saint Marys","MD","Passenger","1","1","2","151","153","1.307189542483660130718954248"
"2020-02-29T00:00:00.000","Cumberland","NC","Passenger","0","2","2","486","488","0.4098360655737704918032786885"
"2020-01-31T00:00:00.000","Clark","NV","Passenger","2","1","3","625","628","0.4777070063694267515923566879"
"2021-10-31T00:00:00.000","San Juan","WA","Truck","0","0","0","5960","5960","0"
"2021-12-31T00:00:00.000","Williams","ND","Passenger","0","1","1","8","9","11.11111111111111111111111111"
"2021-10-31T00:00:00.000","Santa Clara","CA","Passenger","4","1","5","167","172","2.906976744186046511627906977"
"2021-10-31T00:00:00.000","Guadalupe","TX","Passenger","1","0","1","30","31","3.225806451612903225806451613"
"2021-10-31T00:00:00.000","Hamilton","IN","Passenger","1","0","1","21","22","4.545454545454545454545454545"
"2021-02-28T00:00:00.000","Tipton","TN","Passenger","1","0","1","11","12","8.333333333333333333333333333"
"2020-01-31T00:00:00.000","Cochise","AZ","Passenger","0","1","1","109","110","0.9090909090909090909090909091"
"2021-08-31T00:00:00.000","Walla Walla","WA","Truck","3","0","3","14172","14175","0.02116402116402116402116402116"
"2021-02-28T00:00:00.000","Tulsa","OK","Passenger","0","1","1","34","35","2.857142857142857142857142857"
"2020-02-29T00:00:00.000","Davidson","TN","Passenger","1","0","1","61","62","1.612903225806451612903225806"
"2022-01-31T00:00:00.000","Anchorage","AK","Passenger","1","0","1","104","105","0.9523809523809523809523809524"
"2021-08-31T00:00:00.000","Wichita","TX","Passenger","1","0","1","34","35","2.857142857142857142857142857"
"2020-02-29T00:00:00.000","Deschutes","OR","Passenger","2","0","2","114","116","1.724137931034482758620689655"
"2020-01-31T00:00:00.000","Columbia","GA","Passenger","1","1","2","151","153","1.307189542483660130718954248"
"2021-09-30T00:00:00.000","NULL","NULL","Truck","2","0","2","260","262","0.7633587786259541984732824427"
"2021-09-30T00:00:00.000","Adams","WA","Truck","0","0","0","5439","5439","0"
"2022-01-31T00:00:00.000","Baltimore","MD","Passenger","1","0","1","29","30","3.333333333333333333333333333"
"2021-03-31T00:00:00.000","NULL","CA","Passenger","1","4","5","201","206","2.427184466019417475728155340"
"2021-03-31T00:00:00.000","Allegheny","PA","Passenger","1","0","1","54","55","1.818181818181818181818181818"
"2020-01-31T00:00:00.000","Cowlitz","WA","Truck","0","0","0","29832","29832","0"
"2021-02-28T00:00:00.000","Sacramento","CA","Passenger","2","0","2","214","216","0.9259259259259259259259259259"
"2021-10-31T00:00:00.000","Walla Walla","WA","Passenger","131","84","215","36323","36538","0.5884284854124473151239805134"
"2021-09-30T00:00:00.000","Allegheny","PA","Passenger","1","0","1","48","49","2.040816326530612244897959184"
"2021-03-31T00:00:00.000","Bell","TX","Passenger","0","1","1","340","341","0.2932551319648093841642228739"
"2022-01-31T00:00:00.000","Boone","MO","Passenger","0","1","1","6","7","14.28571428571428571428571429"
"2021-10-31T00:00:00.000","King","WA","Passenger","34028","9776","43804","1361561","1405365","3.116912688162861605348076834"
"2022-01-31T00:00:00.000","Boulder","CO","Passenger","0","1","1","13","14","7.142857142857142857142857143"
"2021-09-30T00:00:00.000","Asotin","WA","Truck","2","0","2","6762","6764","0.02956830277942046126552335896"
"2021-10-31T00:00:00.000","Klickitat","WA","Passenger","88","48","136","15340","15476","0.8787800465236495218402688033"
"2020-02-29T00:00:00.000","El Paso","CO","Passenger","1","0","1","694","695","0.1438848920863309352517985612"
"2021-03-31T00:00:00.000","Bradley","TN","Passenger","1","1","2","0","2","100"
"2021-10-31T00:00:00.000","Williamson","TX","Passenger","1","0","1","66","67","1.492537313432835820895522388"
"2021-02-28T00:00:00.000","San Bernardino","CA","Passenger","0","1","1","389","390","0.2564102564102564102564102564"
"2021-09-30T00:00:00.000","Bay","FL","Passenger","1","0","1","24","25","4.00"
"2020-01-31T00:00:00.000","Dekalb","IN","Passenger","1","0","1","1","2","50.0"
"2022-01-31T00:00:00.000","Columbia","WA","Passenger","6","2","8","2419","2427","0.3296250515039142974866089823"
"2021-03-31T00:00:00.000","Bryan","GA","Passenger","1","0","1","57","58","1.724137931034482758620689655"
"2022-01-31T00:00:00.000","Columbia","WA","Truck","2","0","2","1531","1533","0.1304631441617742987606001305"
"2021-09-30T00:00:00.000","Boone","MO","Passenger","0","1","1","6","7","14.28571428571428571428571429"
"2021-11-30T00:00:00.000","Asotin","WA","Truck","2","0","2","6713","6715","0.02978406552494415487714072971"
"2020-01-31T00:00:00.000","Deschutes","OR","Passenger","2","0","2","118","120","1.666666666666666666666666667"
"2021-03-31T00:00:00.000","Carson City","NV","Passenger","1","0","1","11","12","8.333333333333333333333333333"
"2021-09-30T00:00:00.000","Caddo","LA","Passenger","1","0","1","6","7","14.28571428571428571428571429"
"2021-02-28T00:00:00.000","Santa Cruz","CA","Passenger","1","0","1","30","31","3.225806451612903225806451613"
"2022-01-31T00:00:00.000","Dekalb","GA","Passenger","1","0","1","39","40","2.500"
"2021-11-30T00:00:00.000","Bay","FL","Passenger","1","0","1","21","22","4.545454545454545454545454545"
"2020-02-29T00:00:00.000","Frederick","MD","Passenger","2","1","3","84","87","3.448275862068965517241379310"
"2021-11-30T00:00:00.000","Bexar","TX","Passenger","2","3","5","380","385","1.298701298701298701298701299"
"2022-01-31T00:00:00.000","Douglas","NE","Passenger","1","2","3","28","31","9.677419354838709677419354839"
"2022-01-31T00:00:00.000","Douglas","OR","Passenger","1","0","1","21","22","4.545454545454545454545454545"
"2021-09-30T00:00:00.000","Charles","MD","Passenger","1","1","2","56","58","3.448275862068965517241379310"
"2020-02-29T00:00:00.000","Garfield","WA","Truck","0","0","0","991","991","0"
"2021-11-30T00:00:00.000","Caddo","LA","Passenger","1","0","1","6","7","14.28571428571428571428571429"
"2021-09-30T00:00:00.000","Chelan","WA","Passenger","380","103","483","54886","55369","0.8723292817280427676136466254"
"2020-01-31T00:00:00.000","El Paso","CO","Passenger","1","1","2","696","698","0.2865329512893982808022922636"
"2021-09-30T00:00:00.000","Clallam","WA","Truck","3","0","3","22079","22082","0.01358572593062222624762249796"
"2022-01-31T00:00:00.000","Dupage","IL","Passenger","1","0","1","29","30","3.333333333333333333333333333"
"2021-02-28T00:00:00.000","Spokane","WA","Truck","3","0","3","102875","102878","0.002916075351387079842143120978"
"2020-01-31T00:00:00.000","El Paso","TX","Passenger","2","0","2","455","457","0.4376367614879649890590809628"
"2021-03-31T00:00:00.000","Clackamas","OR","Passenger","2","0","2","135","137","1.459854014598540145985401460"
"2021-10-31T00:00:00.000","Montgomery","OH","Passenger","0","1","1","58","59","1.694915254237288135593220339"
"2021-11-30T00:00:00.000","Chaves","NM","Passenger","1","0","1","5","6","16.66666666666666666666666667"
"2020-02-29T00:00:00.000","Goochland","VA","Passenger","2","1","3","176","179","1.675977653631284916201117318"
"2021-02-28T00:00:00.000","Stafford","VA","Passenger","2","0","2","87","89","2.247191011235955056179775281"
"2021-10-31T00:00:00.000","Montgomery","TX","Passenger","0","1","1","19","20","5.00"
"2021-10-31T00:00:00.000","Muscogee","GA","Passenger","0","1","1","133","134","0.7462686567164179104477611940"
"2021-11-30T00:00:00.000","Chelan","WA","Passenger","404","112","516","54411","54927","0.9394286962695941886503905183"
"2021-02-28T00:00:00.000","Stevens","WA","Passenger","41","41","82","30931","31013","0.2644052494115370973462741431"
"2020-01-31T00:00:00.000","Fairbanks North Star","AK","Passenger","0","1","1","100","101","0.9900990099009900990099009901"
"2022-01-31T00:00:00.000","Guadalupe","TX","Passenger","1","0","1","30","31","3.225806451612903225806451613"
"2021-10-31T00:00:00.000","Okanogan","NULL","Passenger","53","38","91","20665","20756","0.4384274426671805742917710542"
"2021-09-30T00:00:00.000","Davidson","TN","Passenger","1","0","1","35","36","2.777777777777777777777777778"
"2020-01-31T00:00:00.000","Ferry","WA","Passenger","5","2","7","4545","4552","0.1537785588752196836555360281"
"2020-02-29T00:00:00.000","Harnett","NC","Passenger","0","1","1","190","191","0.5235602094240837696335078534"
"2021-10-31T00:00:00.000","Oldham","KY","Passenger","0","1","1","4","5","20.0"
"2021-02-28T00:00:00.000","Thurston","WA","Passenger","1476","853","2329","200286","202615","1.149470670976976038299237470"
"2021-09-30T00:00:00.000","Dekalb","GA","Passenger","1","0","1","45","46","2.173913043478260869565217391"
"2021-03-31T00:00:00.000","Cumberland","NC","Passenger","0","2","2","426","428","0.4672897196261682242990654206"
"2021-09-30T00:00:00.000","Douglas","WA","Truck","2","0","2","12721","12723","0.01571956299614870706594356677"
"2020-01-31T00:00:00.000","Fresno","CA","Passenger","1","0","1","175","176","0.5681818181818181818181818182"
"2022-01-31T00:00:00.000","Hennepin","MN","Passenger","1","0","1","45","46","2.173913043478260869565217391"
"2021-11-30T00:00:00.000","Coryell","TX","Passenger","1","0","1","87","88","1.136363636363636363636363636"
"2020-02-29T00:00:00.000","Hidalgo","TX","Passenger","0","1","1","79","80","1.2500"
"2021-10-31T00:00:00.000","Pacific","WA","Passenger","57","61","118","16077","16195","0.7286199444272923741895646805"
"2021-09-30T00:00:00.000","Erie","NY","Passenger","1","0","1","25","26","3.846153846153846153846153846"
"2021-02-28T00:00:00.000","Walla Walla","WA","Truck","0","0","0","14224","14224","0"
"2021-10-31T00:00:00.000","Philadelphia","PA","Passenger","1","0","1","36","37","2.702702702702702702702702703"
"2021-09-30T00:00:00.000","Franklin","WA","Truck","6","0","6","20812","20818","0.02882121241233547891247958497"
"2021-03-31T00:00:00.000","District Of Columbia","DC","Passenger","2","2","4","200","204","1.960784313725490196078431373"
"2021-09-30T00:00:00.000","Frederick","MD","Passenger","2","1","3","66","69","4.347826086956521739130434783"
"2022-01-31T00:00:00.000","Jefferson","WA","Truck","3","0","3","9449","9452","0.03173931443080829454083791790"
"2021-10-31T00:00:00.000","Pierce","WA","Passenger","4200","2126","6326","557439","563765","1.122098746818266476280010288"
"2021-11-30T00:00:00.000","Denton","TX","Passenger","1","0","1","41","42","2.380952380952380952380952381"
"2021-02-28T00:00:00.000","Westchester","NY","Passenger","0","1","1","18","19","5.263157894736842105263157895"
"2020-01-31T00:00:00.000","Grant","WA","Truck","0","0","0","27935","27935","0"
"2021-02-28T00:00:00.000","Wichita","TX","Passenger","1","0","1","38","39","2.564102564102564102564102564"
"2020-01-31T00:00:00.000","Grays Harbor","WA","Truck","0","0","0","21307","21307","0"
"2021-03-31T00:00:00.000","Duval","FL","Passenger","0","1","1","300","301","0.3322259136212624584717607973"
"2021-10-31T00:00:00.000","Prince William","VA","Passenger","1","1","2","191","193","1.036269430051813471502590674"
"2021-11-30T00:00:00.000","Douglas","WA","Truck","4","0","4","12592","12596","0.03175611305176246427437281677"
"2021-03-31T00:00:00.000","NULL","WA","Passenger","0","0","0","2","2","0"
"2021-11-30T00:00:00.000","Duval","FL","Passenger","0","1","1","251","252","0.3968253968253968253968253968"
"2021-10-31T00:00:00.000","Saint Clair","IL","Passenger","1","0","1","115","116","0.8620689655172413793103448276"
"2021-09-30T00:00:00.000","Island","WA","Truck","9","0","9","21611","21620","0.04162812210915818686401480111"
"2021-03-31T00:00:00.000","Flathead","MT","Passenger","1","0","1","36","37","2.702702702702702702702702703"
"2020-02-29T00:00:00.000","Jefferson","WA","Passenger","241","152","393","25609","26002","1.511422198292439043150526883"
"2021-11-30T00:00:00.000","Ferry","WA","Truck","0","0","0","3549","3549","0"
"2020-01-31T00:00:00.000","Harrison","MS","Passenger","1","0","1","63","64","1.562500"
"2021-10-31T00:00:00.000","Skagit","WA","Truck","11","0","11","32766","32777","0.03356011837569027061659090216"
"2021-10-31T00:00:00.000","Skamania","WA","Truck","0","0","0","4016","4016","0"
"2021-11-30T00:00:00.000","Franklin","WA","Truck","8","0","8","20695","20703","0.03864174274259769115587112979"
"2020-02-29T00:00:00.000","Kent","DE","Passenger","0","1","1","66","67","1.492537313432835820895522388"
"2021-10-31T00:00:00.000","Snohomish","WA","Truck","73","0","73","125647","125720","0.05806554247534202990773146675"
"2021-03-31T00:00:00.000","Garfield","WA","Truck","0","0","0","1029","1029","0"
"2022-01-31T00:00:00.000","Los Angeles","CA","Passenger","2","4","6","619","625","0.9600"
"2021-11-30T00:00:00.000","Garfield","WA","Passenger","0","3","3","1341","1344","0.2232142857142857142857142857"
"2020-02-29T00:00:00.000","Kitsap","WA","Passenger","1354","692","2046","185382","187428","1.091619181765798066457519688"
"2020-02-29T00:00:00.000","Kittitas","WA","Truck","0","0","0","15050","15050","0"
"2021-03-31T00:00:00.000","Goochland","VA","Passenger","3","1","4","132","136","2.941176470588235294117647059"
"2022-01-31T00:00:00.000","Marin","CA","Passenger","0","1","1","26","27","3.703703703703703703703703704"
"2021-11-30T00:00:00.000","Hamilton","IN","Passenger","1","0","1","21","22","4.545454545454545454545454545"
"2020-02-29T00:00:00.000","Kootenai","ID","Passenger","1","1","2","196","198","1.010101010101010101010101010"
"2021-09-30T00:00:00.000","Kent","DE","Passenger","0","1","1","52","53","1.886792452830188679245283019"
"2021-10-31T00:00:00.000","Virginia Beach City","VA","Passenger","2","0","2","495","497","0.4024144869215291750503018109"
"2022-01-31T00:00:00.000","Montgomery","MD","Passenger","3","5","8","172","180","4.444444444444444444444444444"
"2022-01-31T00:00:00.000","Muscogee","GA","Passenger","0","1","1","127","128","0.7812500"
"2021-03-31T00:00:00.000","Harnett","NC","Passenger","0","1","1","154","155","0.6451612903225806451612903226"
"2021-11-30T00:00:00.000","Island","WA","Truck","11","0","11","21423","21434","0.05132033218251376317999440142"
"2021-10-31T00:00:00.000","Wahkiakum","WA","Truck","0","0","0","1823","1823","0"
"2021-03-31T00:00:00.000","Carroll","MD","Passenger","0","1","1","13","14","7.142857142857142857142857143"
"2021-09-30T00:00:00.000","Liberty","GA","Passenger","1","0","1","96","97","1.030927835051546391752577320"
"2020-01-31T00:00:00.000","Jones","GA","Passenger","1","0","1","1","2","50.0"
"2020-02-29T00:00:00.000","Liberty","GA","Passenger","1","0","1","124","125","0.800"
"2022-01-31T00:00:00.000","Okanogan","NULL","Passenger","56","37","93","20305","20398","0.4559270516717325227963525836"
"2021-10-31T00:00:00.000","Washoe","NV","Passenger","1","0","1","49","50","2.00"
"2021-03-31T00:00:00.000","Chaves","NM","Passenger","1","0","1","7","8","12.500"
"2022-01-31T00:00:00.000","Oldham","KY","Passenger","0","1","1","4","5","20.0"
"2020-01-31T00:00:00.000","Kern","CA","Passenger","1","1","2","229","231","0.8658008658008658008658008658"
"2021-11-30T00:00:00.000","Klickitat","WA","Passenger","89","49","138","15248","15386","0.8969192772650461458468737814"
"2021-09-30T00:00:00.000","Los Angeles","CA","Passenger","4","5","9","696","705","1.276595744680851063829787234"
"2021-10-31T00:00:00.000","Whatcom","WA","Truck","23","0","23","43685","43708","0.05262194563924224398279491169"
"2022-01-31T00:00:00.000","Pacific","WA","Passenger","62","63","125","15824","15949","0.7837481973791460279641356825"
"2021-03-31T00:00:00.000","Clark","WA","Passenger","2707","1310","4017","324927","328944","1.221180504888370056909382752"
"2022-01-31T00:00:00.000","Pierce","WA","Passenger","4517","2164","6681","546609","553290","1.207504202136311879846012037"
"2021-03-31T00:00:00.000","Kent","DE","Passenger","0","1","1","59","60","1.666666666666666666666666667"
"2022-01-31T00:00:00.000","Pinellas","FL","Passenger","0","1","1","50","51","1.960784313725490196078431373"
"2021-03-31T00:00:00.000","Kitsap","WA","Passenger","1755","812","2567","182668","185235","1.385807217858396091451399574"
"2021-09-30T00:00:00.000","Mason","WA","Passenger","262","155","417","47989","48406","0.8614634549436020328058505144"
"2020-02-29T00:00:00.000","Manassas City","VA","Passenger","0","1","1","5","6","16.66666666666666666666666667"
"2021-03-31T00:00:00.000","Kittitas","WA","Truck","1","0","1","15020","15021","0.006657346381732241528526729246"
"2021-09-30T00:00:00.000","Monterey","CA","Passenger","1","0","1","145","146","0.6849315068493150684931506849"
"2021-11-30T00:00:00.000","Bryan","GA","Passenger","1","0","1","52","53","1.886792452830188679245283019"
"2021-11-30T00:00:00.000","Montgomery","TX","Passenger","0","1","1","18","19","5.263157894736842105263157895"
"2021-11-30T00:00:00.000","Moore","NC","Passenger","0","1","1","110","111","0.9009009009009009009009009009"
"2021-09-30T00:00:00.000","Montgomery","AL","Passenger","0","1","1","31","32","3.12500"
"2022-01-31T00:00:00.000","San Bernardino","CA","Passenger","1","2","3","305","308","0.9740259740259740259740259740"
"2021-11-30T00:00:00.000","Camden","GA","Passenger","1","0","1","108","109","0.9174311926605504587155963303"
"2020-02-29T00:00:00.000","Mecklenburg","NC","Passenger","1","0","1","72","73","1.369863013698630136986301370"
"2021-09-30T00:00:00.000","Moore","NC","Passenger","0","1","1","114","115","0.8695652173913043478260869565"
"2021-11-30T00:00:00.000","Nueces","TX","Passenger","1","0","1","56","57","1.754385964912280701754385965"
"2022-01-31T00:00:00.000","Santa Cruz","CA","Passenger","1","0","1","20","21","4.761904761904761904761904762"
"2020-01-31T00:00:00.000","Manassas City","VA","Passenger","0","1","1","5","6","16.66666666666666666666666667"
"2021-03-31T00:00:00.000","El Paso","CO","Passenger","1","0","1","601","602","0.1661129568106312292358803987"
"2022-01-31T00:00:00.000","Skagit","WA","Truck","23","0","23","32051","32074","0.07170917253850470786306665835"
"2021-11-30T00:00:00.000","Pima","AZ","Passenger","0","1","1","175","176","0.5681818181818181818181818182"
"2021-11-30T00:00:00.000","Chesapeake City","VA","Passenger","1","2","3","324","327","0.9174311926605504587155963303"
"2021-11-30T00:00:00.000","Polk","FL","Passenger","1","0","1","44","45","2.222222222222222222222222222"
"2021-09-30T00:00:00.000","Otero","NM","Passenger","0","1","1","31","32","3.12500"
"2021-11-30T00:00:00.000","Clark","WA","Passenger","3435","1533","4968","319078","324046","1.533115668763076847114298587"
"2021-03-31T00:00:00.000","Ferry","WA","Truck","0","0","0","3678","3678","0"
"2021-11-30T00:00:00.000","Prince William","VA","Passenger","1","1","2","188","190","1.052631578947368421052631579"
"2021-09-30T00:00:00.000","Ozaukee","WI","Passenger","0","1","1","3","4","25.00"
"2021-09-30T00:00:00.000","Pacific","WA","Truck","0","0","0","7991","7991","0"
"2021-11-30T00:00:00.000","Saginaw","MI","Passenger","1","0","1","5","6","16.66666666666666666666666667"
"2021-09-30T00:00:00.000","Palm Beach","FL","Passenger","1","0","1","41","42","2.380952380952380952380952381"
"2021-11-30T00:00:00.000","Saint Clair","IL","Passenger","1","0","1","112","113","0.8849557522123893805309734513"
"2021-03-31T00:00:00.000","Maui","HI","Passenger","1","0","1","25","26","3.846153846153846153846153846"
"2022-01-31T00:00:00.000","Virginia Beach City","VA","Passenger","2","0","2","465","467","0.4282655246252676659528907923"
"2021-03-31T00:00:00.000","Fresno","CA","Passenger","1","0","1","156","157","0.6369426751592356687898089172"
"2020-01-31T00:00:00.000","New Castle","DE","Passenger","1","0","1","22","23","4.347826086956521739130434783"
"2021-09-30T00:00:00.000","Pima","AZ","Passenger","0","1","1","186","187","0.5347593582887700534759358289"
"2021-03-31T00:00:00.000","Mecklenburg","NC","Passenger","1","0","1","69","70","1.428571428571428571428571429"
"2020-01-31T00:00:00.000","Okanogan","WA","Passenger","3","8","11","6087","6098","0.1803870121351262709084945884"
"2021-11-30T00:00:00.000","Cumberland","NC","Truck","1","0","1","84","85","1.176470588235294117647058824"
"2021-11-30T00:00:00.000","Danville City","VA","Passenger","1","0","1","0","1","100"
"2020-02-29T00:00:00.000","Okanogan","WA","Passenger","4","8","12","6057","6069","0.1977261492832427088482451804"
"2021-09-30T00:00:00.000","Polk","FL","Passenger","1","0","1","46","47","2.127659574468085106382978723"
"2022-01-31T00:00:00.000","Washoe","NV","Passenger","1","0","1","44","45","2.222222222222222222222222222"
"2021-03-31T00:00:00.000","Greene","MO","Passenger","0","1","1","20","21","4.761904761904761904761904762"
"2021-11-30T00:00:00.000","District Of Columbia","DC","Passenger","3","1","4","179","183","2.185792349726775956284153005"
"2021-11-30T00:00:00.000","Spokane","WA","Truck","45","0","45","101977","102022","0.04410813353982474368273509635"
"2020-02-29T00:00:00.000","Ozaukee","WI","Passenger","0","1","1","3","4","25.00"
"2021-11-30T00:00:00.000","Stevens","WA","Passenger","58","43","101","30115","30216","0.3342599947047921630924013768"
"2022-01-31T00:00:00.000","Whitman","WA","Passenger","71","59","130","21555","21685","0.5994927369149181461839981554"
"2021-03-31T00:00:00.000","Hamilton","IN","Passenger","1","0","1","28","29","3.448275862068965517241379310"
"2020-02-29T00:00:00.000","Palm Beach","FL","Passenger","0","1","1","67","68","1.470588235294117647058823529"
"2022-01-31T00:00:00.000","Wichita","TX","Passenger","1","0","1","33","34","2.941176470588235294117647059"
"2021-11-30T00:00:00.000","Douglas","NE","Passenger","1","1","2","30","32","6.2500"
"2022-02-28T00:00:00.000","NULL","CA","Passenger","1","5","6","203","209","2.870813397129186602870813397"
"2021-11-30T00:00:00.000","Thurston","WA","Passenger","1904","965","2869","196372","199241","1.439964665907117510954070698"
"2021-09-30T00:00:00.000","Saint Louis City","MO","Passenger","1","0","1","18","19","5.263157894736842105263157895"
"2021-09-30T00:00:00.000","Saint Marys","MD","Truck","1","0","1","42","43","2.325581395348837209302325581"
"2022-02-28T00:00:00.000","Bell","TX","Passenger","0","1","1","254","255","0.3921568627450980392156862745"
"2020-02-29T00:00:00.000","Pinal","AZ","Passenger","1","0","1","158","159","0.6289308176100628930817610063"
"2021-09-30T00:00:00.000","Santa Cruz","CA","Passenger","1","0","1","23","24","4.166666666666666666666666667"
"2021-09-30T00:00:00.000","Sarpy","NE","Passenger","1","0","1","50","51","1.960784313725490196078431373"
"2021-11-30T00:00:00.000","Garfield","WA","Truck","0","0","0","993","993","0"
"2021-09-30T00:00:00.000","Sevier","AR","Passenger","0","1","1","0","1","100"
"2021-11-30T00:00:00.000","Walla Walla","WA","Truck","7","0","7","14022","14029","0.04989664266875757359754793642"
"2022-02-28T00:00:00.000","Bradley","TN","Passenger","0","1","1","0","1","100"
"2020-01-31T00:00:00.000","Putnam","TN","Passenger","0","1","1","2","3","33.33333333333333333333333333"
"2020-02-29T00:00:00.000","Putnam","TN","Passenger","0","1","1","2","3","33.33333333333333333333333333"
"2021-09-30T00:00:00.000","Skamania","WA","Passenger","57","42","99","8419","8518","1.162244658370509509274477577"
"2022-02-28T00:00:00.000","Bryan","GA","Passenger","1","0","1","48","49","2.040816326530612244897959184"
"2022-02-28T00:00:00.000","Carson City","NV","Passenger","1","0","1","6","7","14.28571428571428571428571429"
"2021-03-31T00:00:00.000","Jefferson","WA","Passenger","309","184","493","25224","25717","1.917019870124820157872224599"
"2021-11-30T00:00:00.000","Yakima","WA","Passenger","285","175","460","168090","168550","0.2729160486502521506971225156"
"2021-03-31T00:00:00.000","Platte","MO","Passenger","1","0","1","18","19","5.263157894736842105263157895"
"2021-12-31T00:00:00.000","NULL","NULL","Truck","2","0","2","248","250","0.800"
"2021-12-31T00:00:00.000","Adams","WA","Truck","0","0","0","5365","5365","0"
"2021-09-30T00:00:00.000","Vigo","IN","Passenger","1","0","1","3","4","25.00"
"2021-11-30T00:00:00.000","Jefferson","WA","Passenger","379","195","574","24660","25234","2.274708726321629547435999049"
"2022-02-28T00:00:00.000","Clackamas","OR","Passenger","1","0","1","99","100","1.00"
"2021-03-31T00:00:00.000","Kent","MI","Passenger","0","1","1","18","19","5.263157894736842105263157895"
"2021-09-30T00:00:00.000","Wake","NC","Passenger","1","0","1","88","89","1.123595505617977528089887640"
"2020-01-31T00:00:00.000","San Diego","CA","Passenger","9","9","18","2795","2813","0.6398862424457874155705652328"
"2021-09-30T00:00:00.000","Walla Walla","WA","Truck","3","0","3","14133","14136","0.02122241086587436332767402377"
"2021-11-30T00:00:00.000","Kittitas","WA","Passenger","200","72","272","29571","29843","0.9114365177763629661897262340"
"2021-12-31T00:00:00.000","Bay","FL","Passenger","1","0","1","22","23","4.347826086956521739130434783"
"2022-02-28T00:00:00.000","Coryell","TX","Passenger","1","0","1","77","78","1.282051282051282051282051282"
"2021-11-30T00:00:00.000","Klamath","OR","Passenger","1","0","1","16","17","5.882352941176470588235294118"
"2020-02-29T00:00:00.000","Saint Louis","MO","Passenger","1","0","1","61","62","1.612903225806451612903225806"
"2021-03-31T00:00:00.000","Klickitat","WA","Passenger","68","46","114","15350","15464","0.7371960682876357992757371961"
"2022-02-28T00:00:00.000","Cumberland","NC","Passenger","0","2","2","329","331","0.6042296072507552870090634441"
"2020-01-31T00:00:00.000","San Juan","WA","Passenger","269","87","356","14709","15065","2.363093262529040823099900431"
"2022-02-28T00:00:00.000","Cumberland","NC","Truck","1","0","1","71","72","1.388888888888888888888888889"
"2020-01-31T00:00:00.000","San Juan","WA","Truck","0","0","0","6090","6090","0"
"2021-11-30T00:00:00.000","Lincoln","WA","Passenger","9","16","25","7657","7682","0.3254360843530330643061702682"
"2021-09-30T00:00:00.000","Whatcom","WA","Passenger","1593","654","2247","150726","152973","1.468886666274440587554666510"
"2021-12-31T00:00:00.000","Carroll","MD","Passenger","0","1","1","9","10","10.0"
"2021-03-31T00:00:00.000","Saint Louis","MO","Passenger","1","0","1","56","57","1.754385964912280701754385965"
"2021-09-30T00:00:00.000","Wichita","TX","Passenger","1","0","1","35","36","2.777777777777777777777777778"
"2022-02-28T00:00:00.000","District Of Columbia","DC","Passenger","3","1","4","166","170","2.352941176470588235294117647"
"2021-12-31T00:00:00.000","Charles","MD","Passenger","1","1","2","55","57","3.508771929824561403508771930"
"2021-03-31T00:00:00.000","Saint Louis City","MO","Passenger","1","0","1","19","20","5.00"
"2021-11-30T00:00:00.000","Mecklenburg","NC","Passenger","1","0","1","62","63","1.587301587301587301587301587"
"2020-01-31T00:00:00.000","Shelby","TN","Passenger","0","1","1","92","93","1.075268817204301075268817204"
"2021-12-31T00:00:00.000","Chelan","WA","Passenger","408","112","520","54118","54638","0.9517185841355832936783923277"
"2022-02-28T00:00:00.000","Duval","FL","Passenger","0","1","1","220","221","0.4524886877828054298642533937"
"2021-12-31T00:00:00.000","Chesapeake City","VA","Passenger","1","2","3","319","322","0.9316770186335403726708074534"
"2021-12-31T00:00:00.000","Clallam","WA","Truck","4","0","4","21914","21918","0.01824984031389725339903275846"
"2021-11-30T00:00:00.000","Muscogee","GA","Passenger","0","1","1","132","133","0.7518796992481203007518796992"
"2022-02-28T00:00:00.000","Flathead","MT","Passenger","1","0","1","25","26","3.846153846153846153846153846"
"2020-01-31T00:00:00.000","Spokane","WA","Truck","1","0","1","99824","99825","0.001001753067868770348109191084"
"2021-03-31T00:00:00.000","Monroe","IL","Passenger","1","0","1","2","3","33.33333333333333333333333333"
"2021-12-31T00:00:00.000","Clark","WA","Passenger","3525","1557","5082","317153","322235","1.577109873229165050351451580"
"2021-03-31T00:00:00.000","Montgomery","OH","Passenger","0","1","1","62","63","1.587301587301587301587301587"
"2022-02-28T00:00:00.000","Garfield","WA","Passenger","0","3","3","1322","1325","0.2264150943396226415094339623"
"2021-03-31T00:00:00.000","Snohomish","WA","Passenger","5578","2017","7595","545839","553434","1.372340694644709215552351319"
"2020-02-29T00:00:00.000","Stevens","WA","Truck","0","0","0","19389","19389","0"
"2022-02-28T00:00:00.000","Garfield","WA","Truck","0","0","0","985","985","0"
"2021-11-30T00:00:00.000","Pend Oreille","WA","Truck","0","0","0","5645","5645","0"
"2021-11-30T00:00:00.000","Pennington","SD","Passenger","1","0","1","24","25","4.00"
"2021-10-31T00:00:00.000","Bryan","GA","Passenger","1","0","1","52","53","1.886792452830188679245283019"
"2020-02-29T00:00:00.000","Sumter","FL","Passenger","0","1","1","8","9","11.11111111111111111111111111"
"2022-02-28T00:00:00.000","Goochland","VA","Passenger","2","0","2","58","60","3.333333333333333333333333333"
"2021-03-31T00:00:00.000","Stevens","WA","Passenger","41","42","83","30952","31035","0.2674399871113259223457386821"
"2020-01-31T00:00:00.000","Thurston","WA","Truck","0","0","0","56991","56991","0"
"2021-03-31T00:00:00.000","Nueces","TX","Passenger","1","0","1","72","73","1.369863013698630136986301370"
"2020-01-31T00:00:00.000","Tipton","TN","Passenger","1","0","1","12","13","7.692307692307692307692307692"
"2021-03-31T00:00:00.000","Okanogan","NULL","Passenger","47","31","78","20841","20919","0.3728667718342176968306324394"
"2021-11-30T00:00:00.000","Riley","KS","Passenger","1","0","1","43","44","2.272727272727272727272727273"
"2020-02-29T00:00:00.000","Tipton","TN","Passenger","1","0","1","12","13","7.692307692307692307692307692"
"2021-03-31T00:00:00.000","Sumter","FL","Passenger","0","1","1","8","9","11.11111111111111111111111111"
"2021-12-31T00:00:00.000","Douglas","WA","Truck","4","0","4","12524","12528","0.03192848020434227330779054917"
"2020-02-29T00:00:00.000","Travis","TX","Passenger","1","2","3","158","161","1.863354037267080745341614907"
"2021-10-31T00:00:00.000","Chelan","WA","Truck","7","0","7","22957","22964","0.03048249433896533704929454799"
"2021-11-30T00:00:00.000","Sacramento","CA","Passenger","2","0","2","180","182","1.098901098901098901098901099"
"2021-12-31T00:00:00.000","El Paso","CO","Passenger","1","0","1","504","505","0.1980198019801980198019801980"
"2021-10-31T00:00:00.000","Chesapeake City","VA","Passenger","1","2","3","331","334","0.8982035928143712574850299401"
"2021-12-31T00:00:00.000","Erie","NY","Passenger","1","0","1","23","24","4.166666666666666666666666667"
"2021-03-31T00:00:00.000","Travis","TX","Passenger","1","0","1","129","130","0.7692307692307692307692307692"
"2021-10-31T00:00:00.000","Clackamas","OR","Passenger","1","0","1","111","112","0.8928571428571428571428571429"
"2021-12-31T00:00:00.000","Frederick","MD","Passenger","2","1","3","66","69","4.347826086956521739130434783"
"2021-11-30T00:00:00.000","Shelby","OH","Passenger","0","1","1","0","1","100"
"2022-02-28T00:00:00.000","Kitsap","WA","Passenger","2287","957","3244","175944","179188","1.810389088555037167667477733"
"2021-10-31T00:00:00.000","Clark","WA","Passenger","3340","1514","4854","320473","325327","1.492037242528286923618390112"
"2022-02-28T00:00:00.000","Kittitas","WA","Truck","6","0","6","14237","14243","0.04212595661026469142736782981"
"2021-12-31T00:00:00.000","Greene","MO","Passenger","0","1","1","13","14","7.142857142857142857142857143"
"2021-11-30T00:00:00.000","Skagit","WA","Passenger","683","314","997","90785","91782","1.086269638927022727767971933"
"2021-12-31T00:00:00.000","Hamilton","IN","Passenger","1","0","1","18","19","5.263157894736842105263157895"
"2021-11-30T00:00:00.000","Snohomish","WA","Passenger","6923","2246","9169","535939","545108","1.682051997035449855808390264"
"2021-03-31T00:00:00.000","Prince William","VA","Passenger","1","1","2","207","209","0.9569377990430622009569377990"
"2021-11-30T00:00:00.000","Snohomish","WA","Truck","83","0","83","125062","125145","0.06632306524431659275240720764"
"2021-03-31T00:00:00.000","Ramsey","MN","Passenger","1","0","1","24","25","4.00"
"2021-11-30T00:00:00.000","Stevens","WA","Truck","2","0","2","18731","18733","0.01067634655420914962899695724"
"2021-12-31T00:00:00.000","Island","WA","Truck","12","0","12","21308","21320","0.05628517823639774859287054409"
"2022-02-28T00:00:00.000","Mecklenburg","NC","Passenger","1","0","1","49","50","2.00"
"2021-03-31T00:00:00.000","Yakima","WA","Truck","1","0","1","62713","62714","0.001594540294033230219727652518"
"2020-02-29T00:00:00.000","Yakima","WA","Truck","0","0","0","61918","61918","0"
"2020-02-29T00:00:00.000","NULL","WA","Passenger","0","0","0","4","4","0"
"2021-03-31T00:00:00.000","Saginaw","MI","Passenger","2","0","2","8","10","20.0"
"2021-10-31T00:00:00.000","El Paso","CO","Passenger","1","0","1","528","529","0.1890359168241965973534971645"
"2020-03-31T00:00:00.000","NULL","CA","Passenger","1","2","3","223","226","1.327433628318584070796460177"
"2021-04-30T00:00:00.000","NULL","WA","Passenger","0","0","0","2","2","0"
"2021-12-31T00:00:00.000","Klickitat","WA","Passenger","89","50","139","15168","15307","0.9080812700071862546547331286"
"2021-03-31T00:00:00.000","San Juan","WA","Passenger","397","126","523","14420","14943","3.499966539516830623034196614"
"2021-04-30T00:00:00.000","Adams","WA","Truck","0","0","0","5513","5513","0"
"2021-10-31T00:00:00.000","Fresno","CA","Passenger","1","0","1","138","139","0.7194244604316546762589928058"
"2021-03-31T00:00:00.000","San Mateo","CA","Passenger","0","1","1","90","91","1.098901098901098901098901099"
"2021-04-30T00:00:00.000","Albemarle","VA","Passenger","1","0","1","22","23","4.347826086956521739130434783"
"2021-10-31T00:00:00.000","Garfield","WA","Truck","0","0","0","1004","1004","0"
"2021-11-30T00:00:00.000","Virginia Beach City","VA","Passenger","2","0","2","482","484","0.4132231404958677685950413223"
"2020-02-29T00:00:00.000","Benton","WA","Passenger","349","330","679","137920","138599","0.4899025245492391719997979783"
"2021-03-31T00:00:00.000","Santa Barbara","CA","Passenger","1","0","1","75","76","1.315789473684210526315789474"
"2021-04-30T00:00:00.000","Alexandria City","VA","Passenger","4","0","4","134","138","2.898550724637681159420289855"
"2022-02-28T00:00:00.000","Platte","MO","Passenger","1","0","1","14","15","6.666666666666666666666666667"
"2021-10-31T00:00:00.000","Goochland","VA","Passenger","2","0","2","87","89","2.247191011235955056179775281"
"2020-03-31T00:00:00.000","Bell","TX","Passenger","0","1","1","402","403","0.2481389578163771712158808933"
"2021-11-30T00:00:00.000","Whitman","WA","Truck","5","0","5","8497","8502","0.05880969183721477299458950835"
"2021-12-31T00:00:00.000","Liberty","GA","Passenger","1","0","1","91","92","1.086956521739130434782608696"
"2021-04-30T00:00:00.000","Bartow","GA","Passenger","0","1","1","3","4","25.00"
"2021-03-31T00:00:00.000","Skagit","WA","Truck","2","0","2","33475","33477","0.005974250978283597693939122383"
"2021-03-31T00:00:00.000","Snohomish","WA","Truck","5","0","5","128171","128176","0.003900886281363125702159530645"
"2021-04-30T00:00:00.000","Benton","WA","Passenger","507","387","894","137943","138837","0.6439205687244754640333628644"
"2020-03-31T00:00:00.000","Bryan","GA","Passenger","1","0","1","59","60","1.666666666666666666666666667"
"2021-12-31T00:00:00.000","Mason","WA","Passenger","280","161","441","47209","47650","0.9254984260230849947534102833"
"2021-12-31T00:00:00.000","Adams","WA","Passenger","17","16","33","12912","12945","0.2549246813441483198146002317"
"2022-02-28T00:00:00.000","Saint Louis City","MO","Passenger","1","0","1","16","17","5.882352941176470588235294118"
"2021-03-31T00:00:00.000","Stevens","WA","Truck","0","0","0","19184","19184","0"
"2021-10-31T00:00:00.000","Jefferson","WA","Passenger","370","191","561","24736","25297","2.217654267304423449420879946"
"2021-12-31T00:00:00.000","Montgomery","AL","Passenger","0","1","1","29","30","3.333333333333333333333333333"
"2020-03-31T00:00:00.000","Carson City","NV","Passenger","1","0","1","9","10","10.0"
"2020-02-29T00:00:00.000","Cascade","MT","Passenger","0","1","1","58","59","1.694915254237288135593220339"
"2021-10-31T00:00:00.000","Kern","CA","Passenger","1","1","2","174","176","1.136363636363636363636363636"
"2022-02-28T00:00:00.000","Snohomish","WA","Passenger","7433","2284","9717","523241","532958","1.823220591491261975615339295"
"2021-03-31T00:00:00.000","Tipton","TN","Passenger","1","0","1","11","12","8.333333333333333333333333333"
"2020-02-29T00:00:00.000","Chaves","NM","Passenger","1","0","1","9","10","10.0"
"2021-10-31T00:00:00.000","Kitsap","WA","Passenger","2118","910","3028","180818","183846","1.647030666971269432024629309"
"2022-02-28T00:00:00.000","Stevens","WA","Passenger","62","41","103","29170","29273","0.3518600758378027533904963618"
"2021-12-31T00:00:00.000","Otero","NM","Passenger","0","1","1","29","30","3.333333333333333333333333333"
"2021-04-30T00:00:00.000","Carroll","MD","Passenger","0","1","1","12","13","7.692307692307692307692307692"
"2021-10-31T00:00:00.000","Leavenworth","KS","Passenger","0","1","1","99","100","1.00"
"2021-12-31T00:00:00.000","Clark","WA","Truck","59","0","59","83035","83094","0.07100392326762461790261631405"
"2021-12-31T00:00:00.000","Ozaukee","WI","Passenger","0","1","1","2","3","33.33333333333333333333333333"
"2020-02-29T00:00:00.000","Clallam","WA","Passenger","220","164","384","51659","52043","0.7378513921180562227388889956"
"2020-03-31T00:00:00.000","Chelan","WA","Truck","0","0","0","23150","23150","0"
"2021-12-31T00:00:00.000","Pacific","WA","Truck","2","0","2","7936","7938","0.02519526329050138573948097758"
"2021-10-31T00:00:00.000","Lewis","WA","Passenger","205","164","369","59457","59826","0.6167886871928592919466452713"
"2021-10-31T00:00:00.000","Lincoln","WA","Passenger","9","16","25","7702","7727","0.3235408308528536301281221690"
"2021-12-31T00:00:00.000","Columbia","WA","Truck","2","0","2","1543","1545","0.1294498381877022653721682848"
"2021-03-31T00:00:00.000","Washoe","NV","Passenger","1","0","1","65","66","1.515151515151515151515151515"
"2020-03-31T00:00:00.000","Clackamas","OR","Passenger","1","1","2","176","178","1.123595505617977528089887640"
"2021-12-31T00:00:00.000","Cowlitz","WA","Passenger","281","168","449","71076","71525","0.6277525340789933589653967144"
"2021-10-31T00:00:00.000","Manassas City","VA","Passenger","0","1","1","5","6","16.66666666666666666666666667"
"2021-12-31T00:00:00.000","Pima","AZ","Passenger","0","1","1","170","171","0.5847953216374269005847953216"
"2020-03-31T00:00:00.000","Clark","WA","Truck","0","0","0","84071","84071","0"
"2021-10-31T00:00:00.000","Mecklenburg","NC","Passenger","1","0","1","63","64","1.562500"
"2022-02-28T00:00:00.000","Yakima","WA","Truck","6","0","6","59676","59682","0.01005328239670252337388157233"
"2021-03-31T00:00:00.000","Whitman","WA","Truck","2","0","2","8698","8700","0.02298850574712643678160919540"
"2021-03-31T00:00:00.000","Williams","ND","Passenger","0","1","1","12","13","7.692307692307692307692307692"
"2020-02-29T00:00:00.000","Denton","TX","Passenger","1","0","1","63","64","1.562500"
"2021-12-31T00:00:00.000","Franklin","WA","Passenger","167","109","276","61734","62010","0.4450895016932752781809385583"
"2021-03-31T00:00:00.000","Yakima","WA","Passenger","206","145","351","171283","171634","0.2045049349196546138876912500"
"2021-03-31T00:00:00.000","Yamhill","OR","Passenger","1","0","1","33","34","2.941176470588235294117647059"
"2021-12-31T00:00:00.000","Grant","WA","Passenger","136","102","238","66268","66506","0.3578624485008871380025862328"
"2021-12-31T00:00:00.000","Saint Marys","MD","Truck","1","0","1","41","42","2.380952380952380952380952381"
"2020-03-31T00:00:00.000","Cowlitz","WA","Passenger","143","129","272","74515","74787","0.3636995734552796609036329843"
"2021-10-31T00:00:00.000","Okanogan","WA","Passenger","13","6","19","5815","5834","0.3256770654782310593075077134"
"2021-12-31T00:00:00.000","Grays Harbor","WA","Passenger","201","160","361","48994","49355","0.7314355181845810961402086921"
"2021-12-31T00:00:00.000","Sarpy","NE","Passenger","1","0","1","46","47","2.127659574468085106382978723"
"2021-12-31T00:00:00.000","Shelby","OH","Passenger","0","1","1","0","1","100"
"2020-02-29T00:00:00.000","Duval","FL","Passenger","1","1","2","342","344","0.5813953488372093023255813953"
"2020-03-31T00:00:00.000","Cumberland","NC","Passenger","0","2","2","489","491","0.4073319755600814663951120163"
"2021-12-31T00:00:00.000","Skamania","WA","Passenger","63","43","106","8224","8330","1.272509003601440576230492197"
"2021-12-31T00:00:00.000","Hennepin","MN","Passenger","1","0","1","47","48","2.083333333333333333333333333"
"2020-02-29T00:00:00.000","Ferry","WA","Truck","0","0","0","3733","3733","0"
"2021-12-31T00:00:00.000","Hidalgo","TX","Passenger","0","1","1","51","52","1.923076923076923076923076923"
"2021-12-31T00:00:00.000","Tipton","TN","Passenger","1","0","1","11","12","8.333333333333333333333333333"
"2021-10-31T00:00:00.000","Riley","KS","Passenger","1","0","1","43","44","2.272727272727272727272727273"
"2021-04-30T00:00:00.000","Frederick","MD","Passenger","2","1","3","69","72","4.166666666666666666666666667"
"2020-03-31T00:00:00.000","Denver","CO","Passenger","1","0","1","112","113","0.8849557522123893805309734513"
"2021-12-31T00:00:00.000","Vigo","IN","Passenger","1","0","1","3","4","25.00"
"2021-04-30T00:00:00.000","Bryan","GA","Passenger","1","0","1","56","57","1.754385964912280701754385965"
"2021-12-31T00:00:00.000","Wake","NC","Passenger","1","0","1","80","81","1.234567901234567901234567901"
"2020-02-29T00:00:00.000","Greene","MO","Passenger","0","1","1","19","20","5.00"
"2021-04-30T00:00:00.000","Greene","MO","Passenger","0","1","1","20","21","4.761904761904761904761904762"
"2021-10-31T00:00:00.000","San Juan","WA","Passenger","463","143","606","14181","14787","4.098194359910732400081152364"
"2021-12-31T00:00:00.000","King","WA","Truck","205","1","206","181104","181310","0.1136175610832276212012575148"
"2020-02-29T00:00:00.000","Guilford","NC","Passenger","1","0","1","27","28","3.571428571428571428571428571"
"2021-12-31T00:00:00.000","Klickitat","WA","Truck","2","0","2","8242","8244","0.02426006792819019893255701116"
"2021-12-31T00:00:00.000","Walla Walla","WA","Truck","7","0","7","13961","13968","0.05011454753722794959908361970"
"2021-10-31T00:00:00.000","Shelby","OH","Passenger","0","1","1","0","1","100"
"2021-12-31T00:00:00.000","Lake","IL","Passenger","1","0","1","141","142","0.7042253521126760563380281690"
"2021-12-31T00:00:00.000","Whatcom","WA","Passenger","1677","678","2355","148305","150660","1.563122262046993229788928714"
"2020-02-29T00:00:00.000","Harris","TX","Passenger","1","0","1","213","214","0.4672897196261682242990654206"
"2021-10-31T00:00:00.000","Stevens","WA","Truck","2","0","2","18804","18806","0.01063490375412102520472189727"
"2021-12-31T00:00:00.000","Whitman","WA","Truck","5","0","5","8457","8462","0.05908768612621129756558733160"
"2021-04-30T00:00:00.000","Harris","TX","Passenger","1","0","1","165","166","0.6024096385542168674698795181"
"2021-12-31T00:00:00.000","Wilson","NC","Passenger","1","0","1","0","1","100"
"2021-04-30T00:00:00.000","Chelan","WA","Truck","2","0","2","23362","23364","0.008560178051703475432288991611"
"2021-10-31T00:00:00.000","Thurston","WA","Truck","36","0","36","55999","56035","0.06424556081020790577317747836"
"2021-04-30T00:00:00.000","Chesapeake City","VA","Passenger","0","3","3","363","366","0.8196721311475409836065573770"
"2020-03-31T00:00:00.000","Garfield","WA","Truck","0","0","0","1000","1000","0"
"2020-02-29T00:00:00.000","Honolulu","HI","Passenger","3","0","3","424","427","0.7025761124121779859484777518"
"2021-04-30T00:00:00.000","Honolulu","HI","Passenger","4","0","4","329","333","1.201201201201201201201201201"
"2021-10-31T00:00:00.000","Tipton","TN","Passenger","1","0","1","10","11","9.090909090909090909090909091"
"2022-01-31T00:00:00.000","NULL","CA","Passenger","1","5","6","206","212","2.830188679245283018867924528"
"2021-04-30T00:00:00.000","Clackamas","OR","Passenger","1","0","1","132","133","0.7518796992481203007518796992"
"2022-01-31T00:00:00.000","Allegheny","PA","Passenger","1","0","1","38","39","2.564102564102564102564102564"
"2020-03-31T00:00:00.000","Goochland","VA","Passenger","2","1","3","174","177","1.694915254237288135593220339"
"2020-03-31T00:00:00.000","Grant","WA","Passenger","61","76","137","67172","67309","0.2035389026727480723231662928"
"2022-01-31T00:00:00.000","Bell","TX","Passenger","0","1","1","262","263","0.3802281368821292775665399240"
"2021-12-31T00:00:00.000","Montgomery","PA","Passenger","2","0","2","10","12","16.66666666666666666666666667"
"2020-03-31T00:00:00.000","Grays Harbor","WA","Passenger","121","112","233","49143","49376","0.4718891769280622164614387557"
"2021-12-31T00:00:00.000","Montgomery","TX","Passenger","0","1","1","17","18","5.555555555555555555555555556"
"2021-10-31T00:00:00.000","Whitman","WA","Truck","2","0","2","8531","8533","0.02343841556310793390366811204"
"2021-12-31T00:00:00.000","Multnomah","OR","Passenger","2","4","6","455","461","1.301518438177874186550976139"
"2022-01-31T00:00:00.000","Bradley","TN","Passenger","0","1","1","0","1","100"
"2021-10-31T00:00:00.000","Wilson","NC","Passenger","1","0","1","0","1","100"
"2021-12-31T00:00:00.000","Okanogan","NULL","Truck","2","0","2","12641","12643","0.01581903029344301194336787155"
"2021-10-31T00:00:00.000","Yamhill","OR","Passenger","1","0","1","27","28","3.571428571428571428571428571"
"2021-04-30T00:00:00.000","Kings","NY","Passenger","1","0","1","50","51","1.960784313725490196078431373"
"2022-01-31T00:00:00.000","Bryan","GA","Passenger","1","0","1","49","50","2.00"
"2021-11-30T00:00:00.000","Alexandria City","VA","Passenger","5","0","5","118","123","4.065040650406504065040650407"
"2020-03-31T00:00:00.000","Harnett","NC","Passenger","0","1","1","187","188","0.5319148936170212765957446809"
"2021-11-30T00:00:00.000","Anchorage","AK","Passenger","1","0","1","110","111","0.9009009009009009009009009009"
"2021-12-31T00:00:00.000","Pierce","WA","Truck","78","0","78","143420","143498","0.05435615827398291265383489665"
"2021-04-30T00:00:00.000","Denver","CO","Passenger","1","0","1","90","91","1.098901098901098901098901099"
"2022-01-31T00:00:00.000","Carson City","NV","Passenger","1","0","1","7","8","12.500"
"2021-11-30T00:00:00.000","Bartow","GA","Passenger","0","1","1","2","3","33.33333333333333333333333333"
"2021-04-30T00:00:00.000","Deschutes","OR","Passenger","1","0","1","89","90","1.111111111111111111111111111"
"2021-12-31T00:00:00.000","Pinellas","FL","Passenger","0","1","1","51","52","1.923076923076923076923076923"
"2021-11-30T00:00:00.000","Boulder","CO","Passenger","0","1","1","16","17","5.882352941176470588235294118"
"2022-01-31T00:00:00.000","Clackamas","OR","Passenger","1","0","1","100","101","0.9900990099009900990099009901"
"2021-12-31T00:00:00.000","Prince William","VA","Passenger","1","1","2","184","186","1.075268817204301075268817204"
"2021-12-31T00:00:00.000","Riverside","CA","Passenger","3","0","3","391","394","0.7614213197969543147208121827"
"2021-04-30T00:00:00.000","El Paso","CO","Passenger","1","0","1","597","598","0.1672240802675585284280936455"
"2021-04-30T00:00:00.000","Mason","WA","Passenger","224","144","368","48719","49087","0.7496893271130849308370851753"
"2021-11-30T00:00:00.000","Charles","MD","Truck","1","0","1","12","13","7.692307692307692307692307692"
"2021-12-31T00:00:00.000","Saint Clair","IL","Passenger","1","0","1","111","112","0.8928571428571428571428571429"
"2021-11-30T00:00:00.000","Chelan","WA","Truck","8","0","8","22873","22881","0.03496350683973602552335999301"
"2022-01-31T00:00:00.000","Davidson","TN","Passenger","1","0","1","28","29","3.448275862068965517241379310"
"2021-11-30T00:00:00.000","Clackamas","OR","Passenger","1","0","1","105","106","0.9433962264150943396226415094"
"2020-03-31T00:00:00.000","Kern","CA","Passenger","1","1","2","224","226","0.8849557522123893805309734513"
"2020-02-29T00:00:00.000","Monroe","IL","Passenger","1","0","1","3","4","25.00"
"2021-04-30T00:00:00.000","Fresno","CA","Passenger","1","0","1","156","157","0.6369426751592356687898089172"
"2021-11-30T00:00:00.000","Columbia","WA","Passenger","6","2","8","2454","2462","0.3249390739236393176279447604"
"2020-03-31T00:00:00.000","King","WA","Passenger","24454","8048","32502","1417355","1449857","2.241738323158766692163434049"
"2021-04-30T00:00:00.000","Garfield","WA","Truck","0","0","0","1023","1023","0"
"2020-03-31T00:00:00.000","Kitsap","WA","Passenger","1383","706","2089","184985","187074","1.116670408501448624608443717"
"2021-04-30T00:00:00.000","Montgomery","AL","Passenger","0","1","1","31","32","3.12500"
"2022-01-31T00:00:00.000","El Paso","CO","Passenger","1","0","1","492","493","0.2028397565922920892494929006"
"2021-04-30T00:00:00.000","Goochland","VA","Passenger","3","0","3","126","129","2.325581395348837209302325581"
"2020-03-31T00:00:00.000","Klickitat","WA","Truck","0","0","0","8526","8526","0"
"2021-12-31T00:00:00.000","Ventura","CA","Passenger","1","1","2","212","214","0.9345794392523364485981308411"
"2021-11-30T00:00:00.000","Douglas","OR","Passenger","1","0","1","23","24","4.166666666666666666666666667"
"2020-02-29T00:00:00.000","Nueces","TX","Passenger","1","0","1","83","84","1.190476190476190476190476190"
"2022-01-31T00:00:00.000","Frederick","MD","Passenger","2","1","3","66","69","4.347826086956521739130434783"
"2021-04-30T00:00:00.000","Norfolk City","VA","Passenger","2","1","3","321","324","0.9259259259259259259259259259"
"2020-03-31T00:00:00.000","Larimer","CO","Passenger","0","1","1","39","40","2.500"
"2022-01-31T00:00:00.000","Garfield","WA","Truck","0","0","0","982","982","0"
"2021-04-30T00:00:00.000","Orange","CA","Passenger","3","2","5","414","419","1.193317422434367541766109785"
"2021-11-30T00:00:00.000","Goochland","VA","Passenger","2","0","2","79","81","2.469135802469135802469135802"
"2022-01-31T00:00:00.000","Goochland","VA","Passenger","2","0","2","63","65","3.076923076923076923076923077"
"2022-01-31T00:00:00.000","NULL","NULL","Truck","2","0","2","239","241","0.8298755186721991701244813278"
"2022-01-31T00:00:00.000","Adams","WA","Truck","1","0","1","5331","5332","0.01875468867216804201050262566"
"2021-11-30T00:00:00.000","Guadalupe","TX","Passenger","1","0","1","30","31","3.225806451612903225806451613"
"2022-01-31T00:00:00.000","Albemarle","VA","Passenger","2","0","2","21","23","8.695652173913043478260869565"
"2020-03-31T00:00:00.000","Lewis","WA","Passenger","114","118","232","60427","60659","0.3824659160223544733675134770"
"2020-02-29T00:00:00.000","Osceola","FL","Passenger","1","0","1","35","36","2.777777777777777777777777778"
"2022-01-31T00:00:00.000","Harnett","NC","Passenger","0","1","1","117","118","0.8474576271186440677966101695"
"2022-01-31T00:00:00.000","Alexandria City","VA","Passenger","5","0","5","112","117","4.273504273504273504273504274"
"2022-01-31T00:00:00.000","Hidalgo","TX","Passenger","0","1","1","51","52","1.923076923076923076923076923"
"2021-04-30T00:00:00.000","Jefferson","WA","Passenger","317","187","504","25244","25748","1.957433587074724250427217648"
"2022-01-31T00:00:00.000","Asotin","WA","Truck","2","0","2","6640","6642","0.03011141222523336344474555857"
"2021-04-30T00:00:00.000","Kern","CA","Passenger","1","1","2","199","201","0.9950248756218905472636815920"
"2022-01-31T00:00:00.000","Jefferson","WA","Passenger","385","195","580","24302","24882","2.331002331002331002331002331"
"2022-01-31T00:00:00.000","Bartow","GA","Passenger","0","1","1","2","3","33.33333333333333333333333333"
"2022-01-31T00:00:00.000","Kent","DE","Passenger","0","1","1","43","44","2.272727272727272727272727273"
"2022-01-31T00:00:00.000","Kitsap","WA","Passenger","2257","956","3213","177933","181146","1.773707396243913749130535590"
"2022-01-31T00:00:00.000","Kittitas","WA","Truck","6","0","6","14410","14416","0.04162042175360710321864594895"
"2021-04-30T00:00:00.000","Kitsap","WA","Passenger","1815","825","2640","183101","185741","1.421334008108064455343731325"
"2021-11-30T00:00:00.000","King","WA","Passenger","34798","9916","44714","1356616","1401330","3.190825858291765679747097400"
"2021-11-30T00:00:00.000","Kitsap","WA","Passenger","2157","931","3088","180278","183366","1.684063566855360317616133853"
"2022-01-31T00:00:00.000","Caddo","LA","Passenger","1","0","1","5","6","16.66666666666666666666666667"
"2022-01-31T00:00:00.000","Liberty","GA","Passenger","1","0","1","90","91","1.098901098901098901098901099"
"2021-04-30T00:00:00.000","Leavenworth","KS","Passenger","0","1","1","112","113","0.8849557522123893805309734513"
"2020-02-29T00:00:00.000","Saginaw","MI","Passenger","1","0","1","10","11","9.090909090909090909090909091"
"2021-04-30T00:00:00.000","San Diego","CA","Passenger","15","8","23","2563","2586","0.8894044856921887084300077340"
"2021-11-30T00:00:00.000","Leavenworth","KS","Passenger","0","1","1","99","100","1.00"
"2021-04-30T00:00:00.000","Lewis","WA","Passenger","157","141","298","60457","60755","0.4904946094971607275121389186"
"2022-01-31T00:00:00.000","Manassas City","VA","Passenger","0","1","1","5","6","16.66666666666666666666666667"
"2021-11-30T00:00:00.000","Lewis","WA","Passenger","210","169","379","59244","59623","0.6356607349512771916877714976"
"2021-04-30T00:00:00.000","Lincoln","WA","Passenger","7","13","20","7857","7877","0.2539037704709914942236892218"
"2020-02-29T00:00:00.000","San Mateo","CA","Passenger","0","1","1","117","118","0.8474576271186440677966101695"
"2022-01-31T00:00:00.000","Coryell","TX","Passenger","1","0","1","79","80","1.2500"
"2022-01-31T00:00:00.000","Mecklenburg","NC","Passenger","1","0","1","51","52","1.923076923076923076923076923"
"2020-02-29T00:00:00.000","Santa Barbara","CA","Passenger","1","0","1","91","92","1.086956521739130434782608696"
"2021-11-30T00:00:00.000","Maricopa","AZ","Passenger","2","0","2","660","662","0.3021148036253776435045317221"
"2021-04-30T00:00:00.000","Spartanburg","SC","Passenger","0","1","1","35","36","2.777777777777777777777777778"
"2021-04-30T00:00:00.000","Manassas City","VA","Passenger","0","1","1","5","6","16.66666666666666666666666667"
"2021-04-30T00:00:00.000","Stafford","VA","Passenger","2","0","2","87","89","2.247191011235955056179775281"
"2022-01-31T00:00:00.000","Ferry","WA","Passenger","14","3","17","4329","4346","0.3911642890013805798435342844"
"2022-01-31T00:00:00.000","Franklin","WA","Truck","8","0","8","20548","20556","0.03891807744697411947849776221"
"2021-11-30T00:00:00.000","Mason","WA","Truck","9","0","9","21104","21113","0.04262776488419457206460474589"
"2021-04-30T00:00:00.000","Mason","WA","Truck","2","0","2","21584","21586","0.009265264523302140276104882794"
"2022-01-31T00:00:00.000","Okanogan","NULL","Truck","2","0","2","12549","12551","0.01593498526013863437176320612"
"2021-04-30T00:00:00.000","Mecklenburg","NC","Passenger","1","0","1","68","69","1.449275362318840579710144928"
"2022-01-31T00:00:00.000","Garfield","WA","Passenger","0","3","3","1333","1336","0.2245508982035928143712574850"
"2021-11-30T00:00:00.000","Milwaukee","WI","Passenger","1","0","1","29","30","3.333333333333333333333333333"
"2022-01-31T00:00:00.000","Okanogan","WA","Passenger","13","6","19","5670","5689","0.3339778519950782211284935841"
"2020-02-29T00:00:00.000","Spartanburg","SC","Passenger","0","1","1","37","38","2.631578947368421052631578947"
"2022-01-31T00:00:00.000","Ozaukee","WI","Passenger","0","1","1","2","3","33.33333333333333333333333333"
"2020-03-31T00:00:00.000","Oklahoma","OK","Passenger","0","2","2","115","117","1.709401709401709401709401709"
"2022-01-31T00:00:00.000","Palm Beach","FL","Passenger","1","0","1","31","32","3.12500"
"2022-01-31T00:00:00.000","Harrison","MS","Passenger","2","0","2","41","43","4.651162790697674418604651163"
"2021-11-30T00:00:00.000","Norfolk City","VA","Passenger","1","1","2","286","288","0.6944444444444444444444444444"
"2021-04-30T00:00:00.000","Nassau","FL","Passenger","1","0","1","17","18","5.555555555555555555555555556"
"2021-04-30T00:00:00.000","Williams","ND","Passenger","0","1","1","10","11","9.090909090909090909090909091"
"2021-11-30T00:00:00.000","Oldham","KY","Passenger","0","1","1","4","5","20.0"
"2021-11-30T00:00:00.000","Orange","CA","Passenger","3","1","4","357","361","1.108033240997229916897506925"
"2021-04-30T00:00:00.000","Okanogan","WA","Passenger","12","5","17","5877","5894","0.2884289107567017305734645402"
"2021-05-31T00:00:00.000","NULL","CA","Passenger","1","4","5","213","218","2.293577981651376146788990826"
"2020-03-31T00:00:00.000","Placer","CA","Passenger","1","0","1","83","84","1.190476190476190476190476190"
"2021-04-30T00:00:00.000","Oldham","KY","Passenger","0","1","1","4","5","20.0"
"2021-05-31T00:00:00.000","Allegheny","PA","Passenger","1","0","1","54","55","1.818181818181818181818181818"
"2021-11-30T00:00:00.000","Pacific","WA","Passenger","59","66","125","16004","16129","0.7750015500031000062000124000"
"2022-01-31T00:00:00.000","Saint Louis City","MO","Passenger","1","0","1","16","17","5.882352941176470588235294118"
"2021-05-31T00:00:00.000","Anchorage","AK","Passenger","1","0","1","128","129","0.7751937984496124031007751938"
"2021-11-30T00:00:00.000","Philadelphia","PA","Passenger","1","0","1","33","34","2.941176470588235294117647059"
"2020-03-31T00:00:00.000","Powhatan","VA","Passenger","1","0","1","0","1","100"
"2021-11-30T00:00:00.000","Pierce","WA","Passenger","4316","2141","6457","555170","561627","1.149695438431556887400356464"
"2020-02-29T00:00:00.000","Williams","ND","Passenger","0","1","1","14","15","6.666666666666666666666666667"
"2022-01-31T00:00:00.000","Sarpy","NE","Passenger","1","0","1","45","46","2.173913043478260869565217391"
"2021-11-30T00:00:00.000","Placer","CA","Passenger","1","0","1","55","56","1.785714285714285714285714286"
"2021-05-31T00:00:00.000","Bell","TX","Passenger","0","1","1","326","327","0.3058103975535168195718654434"
"2022-01-31T00:00:00.000","Snohomish","WA","Truck","104","0","104","123151","123255","0.08437791570321690803618514462"
"2020-02-29T00:00:00.000","Yakima","WA","Passenger","135","125","260","170360","170620","0.1523854178877036689719845270"
"2021-04-30T00:00:00.000","Putnam","TN","Passenger","0","1","1","0","1","100"
"2022-01-31T00:00:00.000","Stevens","WA","Truck","2","0","2","18456","18458","0.01083541012027305233503088092"
"2021-11-30T00:00:00.000","Queens","NY","Passenger","1","0","1","37","38","2.631578947368421052631578947"
"2022-01-31T00:00:00.000","Maricopa","AZ","Passenger","1","0","1","601","602","0.1661129568106312292358803987"
"2022-01-31T00:00:00.000","Tipton","TN","Passenger","1","0","1","11","12","8.333333333333333333333333333"
"2021-04-30T00:00:00.000","Riley","KS","Passenger","1","0","1","53","54","1.851851851851851851851851852"
"2022-01-31T00:00:00.000","Mason","WA","Passenger","285","160","445","46848","47293","0.9409426342164802402046814539"
"2020-03-31T00:00:00.000","Allegheny","PA","Passenger","1","0","1","61","62","1.612903225806451612903225806"
"2020-03-31T00:00:00.000","Saint Louis","MO","Passenger","1","0","1","63","64","1.562500"
"2022-01-31T00:00:00.000","Mason","WA","Truck","12","0","12","20771","20783","0.05773949862868690756868594524"
"2020-03-31T00:00:00.000","Arapahoe","CO","Passenger","1","0","1","129","130","0.7692307692307692307692307692"
"2021-11-30T00:00:00.000","Sarasota","FL","Passenger","1","0","1","21","22","4.545454545454545454545454545"
"2021-05-31T00:00:00.000","Boone","MO","Passenger","0","1","1","5","6","16.66666666666666666666666667"
"2020-03-31T00:00:00.000","San Francisco","CA","Passenger","2","1","3","89","92","3.260869565217391304347826087"
"2020-03-31T00:00:00.000","Bay","FL","Passenger","1","0","1","33","34","2.941176470588235294117647059"
"2021-11-30T00:00:00.000","Skamania","WA","Truck","0","0","0","3978","3978","0"
"2022-01-31T00:00:00.000","Montgomery","AL","Passenger","0","1","1","30","31","3.225806451612903225806451613"
"2021-05-31T00:00:00.000","Camden","GA","Passenger","1","0","1","123","124","0.8064516129032258064516129032"
"2021-11-30T00:00:00.000","Suffolk City","VA","Passenger","1","0","1","104","105","0.9523809523809523809523809524"
"2020-03-31T00:00:00.000","Sarasota","FL","Passenger","1","0","1","21","22","4.545454545454545454545454545"
"2021-04-30T00:00:00.000","San Juan","WA","Passenger","409","128","537","14403","14940","3.594377510040160642570281124"
"2022-01-31T00:00:00.000","Wilson","NC","Passenger","1","0","1","0","1","100"
"2022-01-31T00:00:00.000","Yakima","WA","Truck","6","0","6","60473","60479","0.009920798955009176739033383488"
"2022-01-31T00:00:00.000","Moore","NC","Passenger","0","1","1","110","111","0.9009009009009009009009009009"
"2021-11-30T00:00:00.000","Wahkiakum","WA","Truck","0","0","0","1807","1807","0"
"2022-01-31T00:00:00.000","Norfolk City","VA","Passenger","1","1","2","273","275","0.7272727272727272727272727273"
"2021-04-30T00:00:00.000","Shelby","OH","Passenger","0","1","1","1","2","50.0"
"2022-02-28T00:00:00.000","Anchorage","AK","Passenger","1","0","1","100","101","0.9900990099009900990099009901"
"2022-02-28T00:00:00.000","Anne Arundel","MD","Passenger","3","4","7","312","319","2.194357366771159874608150470"
"2020-03-31T00:00:00.000","Benton","WA","Truck","0","0","0","43672","43672","0"
"2020-03-31T00:00:00.000","Skamania","WA","Truck","0","0","0","4241","4241","0"
"2022-02-28T00:00:00.000","Asotin","WA","Passenger","20","19","39","12310","12349","0.3158150457526925257105838529"
"2022-01-31T00:00:00.000","Orange","CA","Passenger","3","1","4","334","338","1.183431952662721893491124260"
"2020-03-31T00:00:00.000","Spokane","WA","Passenger","747","509","1256","324658","325914","0.3853777376854016703793025154"
"2021-04-30T00:00:00.000","Stevens","WA","Truck","0","0","0","19201","19201","0"
"2021-11-30T00:00:00.000","Whatcom","WA","Truck","26","0","26","43408","43434","0.05986093843532716305198692269"
"2021-12-31T00:00:00.000","NULL","NULL","Passenger","5","6","11","1284","1295","0.8494208494208494208494208494"
"2022-01-31T00:00:00.000","Placer","CA","Passenger","1","0","1","53","54","1.851851851851851851851851852"
"2021-05-31T00:00:00.000","Columbia","WA","Passenger","6","3","9","2522","2531","0.3555906756222836823389964441"
"2020-03-31T00:00:00.000","Boone","MO","Passenger","0","1","1","9","10","10.0"
"2021-04-30T00:00:00.000","Thurston","WA","Truck","11","0","11","57317","57328","0.01918783142617917945855428412"
"2020-03-31T00:00:00.000","Suffolk City","VA","Passenger","1","0","1","119","120","0.8333333333333333333333333333"
"2022-01-31T00:00:00.000","Queens","NY","Passenger","1","0","1","36","37","2.702702702702702702702702703"
"2021-12-31T00:00:00.000","Anne Arundel","MD","Passenger","3","4","7","318","325","2.153846153846153846153846154"
"2022-02-28T00:00:00.000","Camden","GA","Passenger","1","0","1","100","101","0.9900990099009900990099009901"
"2020-03-31T00:00:00.000","Bucks","PA","Passenger","1","0","1","19","20","5.00"
"2021-04-30T00:00:00.000","Tipton","TN","Passenger","1","0","1","11","12","8.333333333333333333333333333"
"2021-12-31T00:00:00.000","Asotin","WA","Passenger","20","18","38","12554","12592","0.3017789072426937738246505718"
"2021-05-31T00:00:00.000","Cumberland","NC","Truck","1","0","1","92","93","1.075268817204301075268817204"
"2021-05-31T00:00:00.000","Danville City","VA","Passenger","1","0","1","0","1","100"
"2020-03-31T00:00:00.000","Camden","GA","Passenger","1","1","2","150","152","1.315789473684210526315789474"
"2021-05-31T00:00:00.000","Davidson","TN","Passenger","1","0","1","39","40","2.500"
"2022-01-31T00:00:00.000","Saint Marys","MD","Truck","1","0","1","41","42","2.380952380952380952380952381"
"2022-01-31T00:00:00.000","Salt Lake","UT","Passenger","2","0","2","107","109","1.834862385321100917431192661"
"2021-05-31T00:00:00.000","Dekalb","GA","Passenger","1","0","1","49","50","2.00"
"2022-02-28T00:00:00.000","Columbia","WA","Passenger","6","1","7","2392","2399","0.2917882451021258857857440600"
"2022-01-31T00:00:00.000","San Diego","CA","Passenger","12","10","22","2089","2111","1.042160113690194220748460445"
"2022-02-28T00:00:00.000","Danville City","VA","Passenger","1","0","1","0","1","100"
"2021-05-31T00:00:00.000","District Of Columbia","DC","Passenger","3","2","5","196","201","2.487562189054726368159203980"
"2021-12-31T00:00:00.000","Calvert","MD","Passenger","0","2","2","76","78","2.564102564102564102564102564"
"2022-02-28T00:00:00.000","Douglas","NE","Passenger","1","2","3","27","30","10.0"
"2020-03-31T00:00:00.000","Ventura","CA","Passenger","0","2","2","295","297","0.6734006734006734006734006734"
"2022-01-31T00:00:00.000","Sarasota","FL","Passenger","1","0","1","19","20","5.00"
"2022-02-28T00:00:00.000","Douglas","OR","Passenger","1","0","1","20","21","4.761904761904761904761904762"
"2022-02-28T00:00:00.000","Dupage","IL","Passenger","1","0","1","27","28","3.571428571428571428571428571"
"2021-05-31T00:00:00.000","Douglas","NE","Passenger","1","1","2","39","41","4.878048780487804878048780488"
"2021-04-30T00:00:00.000","Whitman","WA","Truck","2","0","2","8681","8683","0.02303351376252447310837268225"
"2020-03-31T00:00:00.000","Charles","MD","Passenger","0","1","1","68","69","1.449275362318840579710144928"
"2021-05-31T00:00:00.000","Dupage","IL","Passenger","1","0","1","36","37","2.702702702702702702702702703"
"2022-02-28T00:00:00.000","Fairbanks North Star","AK","Passenger","0","1","1","67","68","1.470588235294117647058823529"
"2022-01-31T00:00:00.000","Stafford","VA","Passenger","2","0","2","73","75","2.666666666666666666666666667"
"2022-02-28T00:00:00.000","Ferry","WA","Passenger","15","3","18","4285","4303","0.4183128050197536602370439228"
"2022-01-31T00:00:00.000","Suffolk City","VA","Passenger","1","0","1","99","100","1.00"
"2021-04-30T00:00:00.000","Yamhill","OR","Passenger","1","0","1","33","34","2.941176470588235294117647059"
"2020-03-31T00:00:00.000","Whatcom","WA","Truck","3","0","3","44116","44119","0.006799791473061492780888052766"
"2020-03-31T00:00:00.000","Clallam","WA","Truck","1","0","1","22331","22332","0.004477879276374708937847035644"
"2022-02-28T00:00:00.000","Guadalupe","TX","Passenger","1","0","1","29","30","3.333333333333333333333333333"
"2021-05-31T00:00:00.000","Garfield","WA","Truck","0","0","0","1011","1011","0"
"2022-02-28T00:00:00.000","Harrison","MS","Passenger","2","0","2","41","43","4.651162790697674418604651163"
"2022-02-28T00:00:00.000","Hennepin","MN","Passenger","1","0","1","44","45","2.222222222222222222222222222"
"2020-03-31T00:00:00.000","Yakima","WA","Truck","0","0","0","61897","61897","0"
"2021-12-31T00:00:00.000","Douglas","WA","Passenger","112","59","171","28351","28522","0.5995371993548839492321716570"
"2020-03-31T00:00:00.000","Columbia","WA","Passenger","3","3","6","2485","2491","0.2408671216378964271376957045"
"2021-12-31T00:00:00.000","Dupage","IL","Passenger","1","0","1","29","30","3.333333333333333333333333333"
"2021-05-31T00:00:00.000","Bradley","TN","Passenger","1","1","2","0","2","100"
"2021-05-31T00:00:00.000","Guadalupe","TX","Passenger","1","0","1","37","38","2.631578947368421052631578947"
"2020-04-30T00:00:00.000","NULL","NULL","Passenger","7","6","13","1888","1901","0.6838506049447659126775381378"
"2021-12-31T00:00:00.000","Fairfax","VA","Passenger","4","6","10","563","573","1.745200698080279232111692845"
"2020-04-30T00:00:00.000","Alexandria City","VA","Passenger","4","0","4","136","140","2.857142857142857142857142857"
"2022-02-28T00:00:00.000","Alameda","CA","Passenger","1","0","1","155","156","0.6410256410256410256410256410"
"2022-02-28T00:00:00.000","Jefferson","WA","Truck","4","0","4","9349","9353","0.04276702662247407249011012509"
"2021-05-31T00:00:00.000","Carson City","NV","Passenger","1","0","1","10","11","9.090909090909090909090909091"
"2020-03-31T00:00:00.000","Davidson","TN","Passenger","1","0","1","59","60","1.666666666666666666666666667"
"2020-03-31T00:00:00.000","Dekalb","GA","Passenger","1","0","1","73","74","1.351351351351351351351351351"
"2020-04-30T00:00:00.000","Bartow","GA","Passenger","0","1","1","3","4","25.00"
"2022-02-28T00:00:00.000","Bexar","TX","Passenger","2","3","5","347","352","1.420454545454545454545454545"
"2021-05-31T00:00:00.000","Clark","WA","Truck","17","0","17","85140","85157","0.01996312693025822891835081086"
"2021-12-31T00:00:00.000","Harris","TX","Passenger","1","0","1","111","112","0.8928571428571428571428571429"
"2020-03-31T00:00:00.000","District Of Columbia","DC","Passenger","1","2","3","210","213","1.408450704225352112676056338"
"2022-02-28T00:00:00.000","Kitsap","WA","Truck","45","0","45","52972","53017","0.08487843521889205349227606240"
"2021-12-31T00:00:00.000","Hillsborough","FL","Passenger","0","1","1","103","104","0.9615384615384615384615384615"
"2022-02-28T00:00:00.000","Klamath","OR","Passenger","1","0","1","14","15","6.666666666666666666666666667"
"2021-12-31T00:00:00.000","Honolulu","HI","Passenger","3","1","4","240","244","1.639344262295081967213114754"
"2021-12-31T00:00:00.000","Howard","IN","Passenger","0","1","1","4","5","20.0"
"2021-05-31T00:00:00.000","Jefferson","WA","Passenger","329","188","517","25181","25698","2.011829714374659506576387267"
"2021-12-31T00:00:00.000","Island","WA","Passenger","709","347","1056","62456","63512","1.662677919133392114875928958"
"2020-03-31T00:00:00.000","Douglas","NE","Passenger","0","1","1","49","50","2.00"
"2021-05-31T00:00:00.000","Cowlitz","WA","Passenger","233","147","380","73299","73679","0.5157507566606495745056257550"
"2022-02-28T00:00:00.000","Clark","NV","Passenger","4","1","5","411","416","1.201923076923076923076923077"
"2020-03-31T00:00:00.000","Douglas","WA","Truck","0","0","0","12646","12646","0"
"2021-05-31T00:00:00.000","Cumberland","NC","Passenger","0","2","2","408","410","0.4878048780487804878048780488"
"2021-12-31T00:00:00.000","Jefferson","WA","Truck","3","0","3","9535","9538","0.03145313482910463409519815475"
"2021-05-31T00:00:00.000","Kent","DE","Passenger","0","1","1","58","59","1.694915254237288135593220339"
"2020-03-31T00:00:00.000","Erie","NY","Passenger","1","0","1","36","37","2.702702702702702702702702703"
"2022-02-28T00:00:00.000","Cowlitz","WA","Truck","10","0","10","28095","28105","0.03558085749866571784380003558"
"2021-05-31T00:00:00.000","Kitsap","WA","Truck","8","0","8","55210","55218","0.01448802926581911695461624832"
"2021-12-31T00:00:00.000","Kings","NY","Passenger","1","0","1","45","46","2.173913043478260869565217391"
"2021-05-31T00:00:00.000","Kittitas","WA","Truck","1","0","1","14955","14956","0.006686279753944905054827493982"
"2022-02-28T00:00:00.000","Maricopa","AZ","Passenger","1","0","1","561","562","0.1779359430604982206405693950"
"2021-12-31T00:00:00.000","Kitsap","WA","Truck","40","0","40","53964","54004","0.07406858751203614547070587364"
"2021-05-31T00:00:00.000","Klamath","OR","Passenger","1","0","1","20","21","4.761904761904761904761904762"
"2020-04-30T00:00:00.000","Camden","GA","Passenger","1","1","2","151","153","1.307189542483660130718954248"
"2022-02-28T00:00:00.000","El Paso","TX","Passenger","1","0","1","287","288","0.3472222222222222222222222222"
"2021-12-31T00:00:00.000","Lewis","WA","Truck","7","0","7","26362","26369","0.02654632333421821077780727369"
"2022-02-28T00:00:00.000","Montgomery","MD","Passenger","3","5","8","169","177","4.519774011299435028248587571"
"2022-02-28T00:00:00.000","Muscogee","GA","Passenger","0","1","1","124","125","0.800"
"2021-12-31T00:00:00.000","Lincoln","WA","Truck","0","0","0","4771","4771","0"
"2022-02-28T00:00:00.000","New Castle","DE","Passenger","1","0","1","15","16","6.2500"
"2020-03-31T00:00:00.000","Guadalupe","TX","Passenger","2","0","2","53","55","3.636363636363636363636363636"
"2021-05-31T00:00:00.000","Los Angeles","CA","Passenger","7","7","14","773","787","1.778907242693773824650571792"
"2022-02-28T00:00:00.000","Grant","WA","Truck","8","0","8","27106","27114","0.02950505274028177325366969093"
"2022-02-28T00:00:00.000","Grays Harbor","WA","Passenger","207","158","365","48037","48402","0.7541010702037105904714681212"
"2022-02-28T00:00:00.000","Grays Harbor","WA","Truck","12","0","12","20747","20759","0.05780625270966809576569198902"
"2022-02-28T00:00:00.000","Pacific","WA","Passenger","65","64","129","15642","15771","0.8179570097013505801788092068"
"2021-12-31T00:00:00.000","Montgomery","MD","Passenger","3","5","8","180","188","4.255319148936170212765957447"
"2022-02-28T00:00:00.000","Pennington","SD","Passenger","1","0","1","21","22","4.545454545454545454545454545"
"2022-02-28T00:00:00.000","Placer","CA","Passenger","1","0","1","52","53","1.886792452830188679245283019"
"2021-05-31T00:00:00.000","Maui","HI","Passenger","1","0","1","24","25","4.00"
"2021-05-31T00:00:00.000","Glacier","MT","Passenger","0","1","1","4","5","20.0"
"2020-04-30T00:00:00.000","Columbia","GA","Passenger","1","1","2","149","151","1.324503311258278145695364238"
"2022-02-28T00:00:00.000","Hidalgo","TX","Passenger","0","1","1","50","51","1.960784313725490196078431373"
"2021-05-31T00:00:00.000","Mecklenburg","NC","Passenger","1","0","1","69","70","1.428571428571428571428571429"
"2021-12-31T00:00:00.000","Okanogan","WA","Truck","0","0","0","3800","3800","0"
"2022-02-28T00:00:00.000","Queens","NY","Passenger","1","0","1","32","33","3.030303030303030303030303030"
"2020-04-30T00:00:00.000","Columbia","WA","Passenger","3","3","6","2479","2485","0.2414486921529175050301810865"
"2021-05-31T00:00:00.000","Grant","WA","Passenger","105","94","199","67738","67937","0.2929184391421464003414928537"
"2021-05-31T00:00:00.000","Grays Harbor","WA","Passenger","178","142","320","49797","50117","0.6385058962028852485184667877"
"2020-04-30T00:00:00.000","Contra Costa","CA","Passenger","2","0","2","183","185","1.081081081081081081081081081"
"2021-12-31T00:00:00.000","Powhatan","VA","Passenger","1","0","1","1","2","50.0"
"2021-05-31T00:00:00.000","Muscogee","GA","Passenger","0","1","1","147","148","0.6756756756756756756756756757"
"2022-02-28T00:00:00.000","Klickitat","WA","Truck","2","0","2","8096","8098","0.02469745616201531242282044949"
"2022-02-28T00:00:00.000","Salt Lake","UT","Passenger","2","0","2","104","106","1.886792452830188679245283019"
"2021-05-31T00:00:00.000","Harnett","NC","Passenger","0","1","1","145","146","0.6849315068493150684931506849"
"2021-05-31T00:00:00.000","Pacific","WA","Passenger","52","52","104","16223","16327","0.6369816867765051754762050591"
"2020-04-30T00:00:00.000","Dekalb","IN","Passenger","1","0","1","1","2","50.0"
"2021-05-31T00:00:00.000","Palm Beach","FL","Passenger","1","0","1","48","49","2.040816326530612244897959184"
"2021-05-31T00:00:00.000","Hennepin","MN","Passenger","1","0","1","60","61","1.639344262295081967213114754"
"2021-12-31T00:00:00.000","Saint Marys","MD","Passenger","1","1","2","147","149","1.342281879194630872483221477"
"2021-05-31T00:00:00.000","Hillsborough","FL","Passenger","0","1","1","128","129","0.7751937984496124031007751938"
"2021-12-31T00:00:00.000","San Francisco","CA","Passenger","0","1","1","61","62","1.612903225806451612903225806"
"2022-02-28T00:00:00.000","Sarasota","FL","Passenger","1","0","1","18","19","5.263157894736842105263157895"
"2021-05-31T00:00:00.000","Pennington","SD","Passenger","1","0","1","27","28","3.571428571428571428571428571"
"2021-12-31T00:00:00.000","Santa Clara","CA","Passenger","3","0","3","154","157","1.910828025477707006369426752"
"2020-04-30T00:00:00.000","Douglas","NE","Passenger","0","1","1","48","49","2.040816326530612244897959184"
"2020-03-31T00:00:00.000","Kent","DE","Passenger","0","1","1","66","67","1.492537313432835820895522388"
"2021-05-31T00:00:00.000","Platte","MO","Passenger","1","0","1","17","18","5.555555555555555555555555556"
"2020-04-30T00:00:00.000","Douglas","OR","Passenger","1","0","1","38","39","2.564102564102564102564102564"
"2020-04-30T00:00:00.000","Dupage","IL","Passenger","2","0","2","47","49","4.081632653061224489795918367"
"2022-02-28T00:00:00.000","Skagit","WA","Passenger","718","329","1047","88184","89231","1.173359034416290302697493024"
"2021-12-31T00:00:00.000","Spokane","WA","Passenger","1328","781","2109","324145","326254","0.6464288560446768468739080594"
"2021-05-31T00:00:00.000","Jefferson","WA","Truck","0","0","0","9736","9736","0"
"2020-03-31T00:00:00.000","Kittitas","WA","Passenger","105","51","156","30683","30839","0.5058529783715425273193034794"
"2020-03-31T00:00:00.000","Kittitas","WA","Truck","0","0","0","15034","15034","0"
"2022-02-28T00:00:00.000","Okanogan","NULL","Truck","3","0","3","12404","12407","0.02417989844442653340855968405"
"2020-03-31T00:00:00.000","Klamath","OR","Passenger","1","0","1","24","25","4.00"
"2022-02-28T00:00:00.000","Orange","FL","Passenger","1","0","1","65","66","1.515151515151515151515151515"
"2020-03-31T00:00:00.000","Kootenai","ID","Passenger","1","1","2","195","197","1.015228426395939086294416244"
"2021-05-31T00:00:00.000","Klickitat","WA","Truck","1","0","1","8385","8386","0.01192463629859289291676603864"
"2022-02-28T00:00:00.000","Suffolk City","VA","Passenger","1","0","1","99","100","1.00"
"2022-02-28T00:00:00.000","Ozaukee","WI","Passenger","0","1","1","2","3","33.33333333333333333333333333"
"2021-12-31T00:00:00.000","Walla Walla","WA","Passenger","140","89","229","36060","36289","0.6310452203146959133621758660"
"2021-05-31T00:00:00.000","Saint Louis City","MO","Passenger","1","0","1","19","20","5.00"
"2022-02-28T00:00:00.000","Pinellas","FL","Passenger","0","1","1","49","50","2.00"
"2022-02-28T00:00:00.000","Prince William","VA","Truck","1","0","1","21","22","4.545454545454545454545454545"
"2020-03-31T00:00:00.000","Los Angeles","CA","Passenger","7","9","16","984","1000","1.600"
"2021-12-31T00:00:00.000","Whitman","WA","Passenger","69","61","130","21702","21832","0.5954562110663246610480029315"
"2021-12-31T00:00:00.000","Williamson","TX","Passenger","1","0","1","59","60","1.666666666666666666666666667"
"2022-02-28T00:00:00.000","Virginia Beach City","VA","Passenger","2","0","2","453","455","0.4395604395604395604395604396"
"2020-04-30T00:00:00.000","Guadalupe","TX","Passenger","2","0","2","53","55","3.636363636363636363636363636"
"2020-04-30T00:00:00.000","Guilford","NC","Passenger","1","0","1","26","27","3.703703703703703703703703704"
"2022-02-28T00:00:00.000","San Juan","WA","Truck","4","0","4","5807","5811","0.06883496816382722422990879367"
"2021-05-31T00:00:00.000","Skagit","WA","Passenger","606","284","890","92953","93843","0.9483925279456112869366921347"
"2022-01-31T00:00:00.000","Alameda","CA","Passenger","2","0","2","163","165","1.212121212121212121212121212"
"2020-03-31T00:00:00.000","Maui","HI","Passenger","1","0","1","35","36","2.777777777777777777777777778"
"2021-05-31T00:00:00.000","Snohomish","WA","Truck","26","0","26","127947","127973","0.02031678557195658459206238816"
"2020-04-30T00:00:00.000","Harris","TX","Passenger","1","0","1","204","205","0.4878048780487804878048780488"
"2022-02-28T00:00:00.000","Spokane","WA","Truck","56","0","56","99783","99839","0.05609030539168060577529823015"
"2022-02-28T00:00:00.000","Whitman","WA","Passenger","71","57","128","21411","21539","0.5942708575142764288035656251"
"2021-05-31T00:00:00.000","Stevens","WA","Truck","0","0","0","19219","19219","0"
"2021-05-31T00:00:00.000","Sumter","FL","Passenger","0","1","1","8","9","11.11111111111111111111111111"
"2022-02-28T00:00:00.000","Thurston","WA","Passenger","2006","993","2999","191345","194344","1.543139999176717572963405096"
"2021-05-31T00:00:00.000","Montgomery","MD","Passenger","2","4","6","208","214","2.803738317757009345794392523"
"2020-03-31T00:00:00.000","Muscogee","GA","Passenger","0","1","1","172","173","0.5780346820809248554913294798"
"2022-01-31T00:00:00.000","Camden","GA","Passenger","1","0","1","104","105","0.9523809523809523809523809524"
"2020-04-30T00:00:00.000","Honolulu","HI","Passenger","3","0","3","411","414","0.7246376811594202898550724638"
"2022-02-28T00:00:00.000","Ventura","CA","Passenger","1","1","2","201","203","0.9852216748768472906403940887"
"2021-05-31T00:00:00.000","Travis","TX","Passenger","1","0","1","123","124","0.8064516129032258064516129032"
"2022-01-31T00:00:00.000","Clark","NV","Passenger","4","1","5","431","436","1.146788990825688073394495413"
"2021-05-31T00:00:00.000","Virginia Beach City","VA","Passenger","2","0","2","552","554","0.3610108303249097472924187726"
"2020-03-31T00:00:00.000","Otero","NM","Passenger","0","1","1","35","36","2.777777777777777777777777778"
"2022-01-31T00:00:00.000","Columbia","GA","Passenger","1","0","1","91","92","1.086956521739130434782608696"
"2020-03-31T00:00:00.000","Pacific","WA","Passenger","38","36","74","16290","16364","0.4522121730628208262038621364"
"2021-05-31T00:00:00.000","Okanogan","NULL","Truck","2","0","2","13041","13043","0.01533389557617112627463006977"
"2021-05-31T00:00:00.000","Washoe","NV","Passenger","1","0","1","60","61","1.639344262295081967213114754"
"2020-03-31T00:00:00.000","Pacific","WA","Truck","0","0","0","7915","7915","0"
"2022-01-31T00:00:00.000","Cowlitz","WA","Truck","10","0","10","28442","28452","0.03514691410094193729790524392"
"2020-04-30T00:00:00.000","Jefferson","WA","Truck","0","0","0","9755","9755","0"
"2020-03-31T00:00:00.000","Palm Beach","FL","Passenger","0","2","2","64","66","3.030303030303030303030303030"
"2022-01-31T00:00:00.000","Cumberland","NC","Truck","1","0","1","76","77","1.298701298701298701298701299"
"2020-03-31T00:00:00.000","Pend Oreille","WA","Truck","0","0","0","5994","5994","0"
"2021-05-31T00:00:00.000","Whitman","WA","Passenger","63","46","109","22295","22404","0.4865202642385288341367612926"
"2020-04-30T00:00:00.000","Juneau","AK","Passenger","0","1","1","24","25","4.00"
"2022-01-31T00:00:00.000","Danville City","VA","Passenger","1","0","1","0","1","100"
"2021-05-31T00:00:00.000","Pend Oreille","WA","Passenger","14","6","20","9412","9432","0.2120441051738761662425784563"
"2020-03-31T00:00:00.000","Pima","AZ","Passenger","2","1","3","313","316","0.9493670886075949367088607595"
"2022-01-31T00:00:00.000","District Of Columbia","DC","Passenger","3","1","4","170","174","2.298850574712643678160919540"
"2021-06-30T00:00:00.000","NULL","WA","Passenger","0","0","0","3","3","0"
"2020-04-30T00:00:00.000","Kitsap","WA","Truck","1","0","1","55148","55149","0.001813269506246713449019927832"
"2020-03-31T00:00:00.000","Polk","FL","Passenger","1","0","1","68","69","1.449275362318840579710144928"
"2022-01-31T00:00:00.000","El Paso","TX","Passenger","1","0","1","290","291","0.3436426116838487972508591065"
"2021-06-30T00:00:00.000","Albemarle","VA","Passenger","1","0","1","21","22","4.545454545454545454545454545"
"2021-05-31T00:00:00.000","Pinellas","FL","Passenger","0","1","1","59","60","1.666666666666666666666666667"
"2020-04-30T00:00:00.000","Klamath","OR","Passenger","1","0","1","24","25","4.00"
"2022-01-31T00:00:00.000","Fairbanks North Star","AK","Passenger","0","1","1","67","68","1.470588235294117647058823529"
"2021-05-31T00:00:00.000","Plaquemines","LA","Passenger","0","1","1","19","20","5.00"
"2021-05-31T00:00:00.000","Powhatan","VA","Passenger","1","0","1","1","2","50.0"
"2021-06-30T00:00:00.000","Benton","WA","Passenger","529","403","932","137732","138664","0.6721283101598107655916459932"
"2022-01-31T00:00:00.000","Grant","WA","Truck","8","0","8","27437","27445","0.02914920750592093277464018947"
"2021-06-30T00:00:00.000","Benton","WA","Truck","6","0","6","44074","44080","0.01361161524500907441016333938"
"2022-01-31T00:00:00.000","Grays Harbor","WA","Truck","11","0","11","20978","20989","0.05240840440230596979370146267"
"2020-03-31T00:00:00.000","Saint Louis City","MO","Passenger","1","0","1","25","26","3.846153846153846153846153846"
"2021-05-31T00:00:00.000","Saint Louis","MO","Passenger","1","0","1","45","46","2.173913043478260869565217391"
"2021-05-31T00:00:00.000","San Francisco","CA","Passenger","1","1","2","78","80","2.500"
"2022-01-31T00:00:00.000","Kittitas","WA","Passenger","218","67","285","29171","29456","0.9675448126018468223791417708"
"2022-01-31T00:00:00.000","Klamath","OR","Passenger","1","0","1","15","16","6.2500"
"2020-03-31T00:00:00.000","Skagit","WA","Passenger","426","240","666","93995","94661","0.7035632414616367881175985886"
"2020-03-31T00:00:00.000","Skamania","WA","Passenger","32","18","50","8932","8982","0.5566688933422400356268091739"
"2020-04-30T00:00:00.000","Maui","HI","Passenger","1","0","1","35","36","2.777777777777777777777777778"
"2021-06-30T00:00:00.000","Clallam","WA","Passenger","343","220","563","50956","51519","1.092800714299578796172285953"
"2020-03-31T00:00:00.000","Sumter","FL","Passenger","0","1","1","8","9","11.11111111111111111111111111"
"2021-05-31T00:00:00.000","Spartanburg","SC","Passenger","0","1","1","35","36","2.777777777777777777777777778"
"2021-05-31T00:00:00.000","Spokane","WA","Passenger","1078","658","1736","329036","330772","0.5248328153531737873822451719"
"2022-01-31T00:00:00.000","New Castle","DE","Passenger","1","0","1","15","16","6.2500"
"2020-03-31T00:00:00.000","Travis","TX","Passenger","1","2","3","155","158","1.898734177215189873417721519"
"2020-03-31T00:00:00.000","Vigo","IN","Passenger","1","0","1","3","4","25.00"
"2020-04-30T00:00:00.000","Montgomery","MD","Passenger","0","4","4","250","254","1.574803149606299212598425197"
"2022-01-31T00:00:00.000","Orange","FL","Passenger","1","0","1","71","72","1.388888888888888888888888889"
"2020-03-31T00:00:00.000","Wahkiakum","WA","Passenger","6","6","12","3075","3087","0.3887269193391642371234207969"
"2022-01-31T00:00:00.000","Pend Oreille","WA","Truck","1","0","1","5582","5583","0.01791151710549883575138814258"
"2022-01-31T00:00:00.000","Pennington","SD","Passenger","1","0","1","22","23","4.347826086956521739130434783"
"2020-04-30T00:00:00.000","Muscogee","GA","Passenger","0","1","1","171","172","0.5813953488372093023255813953"
"2020-03-31T00:00:00.000","Wahkiakum","WA","Truck","0","0","0","1802","1802","0"
"2021-05-31T00:00:00.000","Ventura","CA","Passenger","1","2","3","253","256","1.17187500"
"2022-01-31T00:00:00.000","Sacramento","CA","Passenger","1","0","1","161","162","0.6172839506172839506172839506"
"2020-04-30T00:00:00.000","Norfolk City","VA","Passenger","2","1","3","360","363","0.8264462809917355371900826446"
"2022-01-31T00:00:00.000","San Juan","WA","Truck","4","0","4","5894","5898","0.06781959986436080027127839946"
"2020-03-31T00:00:00.000","Washtenaw","MI","Passenger","1","0","1","25","26","3.846153846153846153846153846"
"2020-04-30T00:00:00.000","Okanogan","WA","Truck","0","0","0","4058","4058","0"
"2021-06-30T00:00:00.000","Glacier","MT","Passenger","0","1","1","4","5","20.0"
"2022-01-31T00:00:00.000","Skagit","WA","Passenger","705","322","1027","89302","90329","1.136954909276090734979906785"
"2020-03-31T00:00:00.000","Whatcom","WA","Passenger","1119","516","1635","153988","155623","1.050615911529786728182852149"
"2020-04-30T00:00:00.000","Pacific","WA","Passenger","38","36","74","16123","16197","0.4568747298882509106624683583"
"2022-01-31T00:00:00.000","Snohomish","WA","Passenger","7227","2268","9495","528841","538336","1.763768352850264518813529097"
"2022-01-31T00:00:00.000","Spokane","WA","Truck","56","0","56","100846","100902","0.05549939545301381538522526808"
"2022-01-31T00:00:00.000","Stevens","WA","Passenger","62","42","104","29609","29713","0.3500151448860768014000605795"
"2020-04-30T00:00:00.000","NULL","CA","Passenger","1","2","3","222","225","1.333333333333333333333333333"
"2021-06-30T00:00:00.000","Howard","MD","Passenger","0","1","1","69","70","1.428571428571428571428571429"
"2021-05-31T00:00:00.000","Yakima","WA","Truck","2","0","2","62643","62645","0.003192593183813552558065288531"
"2020-04-30T00:00:00.000","Albemarle","VA","Passenger","1","0","1","28","29","3.448275862068965517241379310"
"2021-06-30T00:00:00.000","NULL","NULL","Passenger","8","5","13","1520","1533","0.8480104370515329419439008480"
"2022-02-28T00:00:00.000","NULL","NULL","Truck","2","0","2","229","231","0.8658008658008658008658008658"
"2020-04-30T00:00:00.000","Bell","TX","Passenger","0","1","1","402","403","0.2481389578163771712158808933"
"2021-06-30T00:00:00.000","Anne Arundel","MD","Passenger","3","3","6","365","371","1.617250673854447439353099730"
"2022-02-28T00:00:00.000","Adams","WA","Truck","1","0","1","5288","5289","0.01890716581584420495367744375"
"2020-04-30T00:00:00.000","Saint Marys","MD","Passenger","1","0","1","191","192","0.5208333333333333333333333333"
"2021-06-30T00:00:00.000","Asotin","WA","Passenger","21","18","39","12823","12862","0.3032187840149276939822733634"
"2022-02-28T00:00:00.000","Allegheny","PA","Passenger","1","0","1","36","37","2.702702702702702702702702703"
"2020-04-30T00:00:00.000","San Diego","CA","Passenger","12","9","21","2789","2810","0.7473309608540925266903914591"
"2020-04-30T00:00:00.000","Benton","WA","Truck","0","0","0","43623","43623","0"
"2022-02-28T00:00:00.000","Asotin","WA","Truck","2","0","2","6565","6567","0.03045530683721638495507842242"
"2021-06-30T00:00:00.000","Lincoln","WA","Passenger","7","13","20","7814","7834","0.2552974214960428899668113352"
"2020-04-30T00:00:00.000","Santa Clara","CA","Passenger","3","2","5","272","277","1.805054151624548736462093863"
"2022-02-28T00:00:00.000","Baltimore","MD","Passenger","1","0","1","28","29","3.448275862068965517241379310"
"2022-02-28T00:00:00.000","Bay","FL","Passenger","1","0","1","21","22","4.545454545454545454545454545"
"2020-04-30T00:00:00.000","Shelby","TN","Passenger","0","1","1","85","86","1.162790697674418604651162791"
"2020-04-30T00:00:00.000","Broward","FL","Passenger","1","1","2","106","108","1.851851851851851851851851852"
"2022-02-28T00:00:00.000","Boone","MO","Passenger","0","1","1","6","7","14.28571428571428571428571429"
"2021-06-30T00:00:00.000","Mason","WA","Truck","2","0","2","21530","21532","0.009288500835965075236856771317"
"2020-04-30T00:00:00.000","Skagit","WA","Passenger","431","239","670","93395","94065","0.7122734279487588369744325732"
"2021-06-30T00:00:00.000","Calvert","MD","Passenger","0","2","2","85","87","2.298850574712643678160919540"
"2022-02-28T00:00:00.000","Caddo","LA","Passenger","1","0","1","6","7","14.28571428571428571428571429"
"2020-04-30T00:00:00.000","Bucks","PA","Passenger","1","0","1","19","20","5.00"
"2022-02-28T00:00:00.000","Chelan","WA","Passenger","424","117","541","53070","53611","1.009121262427486896345899162"
"2021-06-30T00:00:00.000","Montgomery","AL","Passenger","0","1","1","30","31","3.225806451612903225806451613"
"2020-04-30T00:00:00.000","Carson City","NV","Passenger","1","0","1","9","10","10.0"
"2020-04-30T00:00:00.000","Tulsa","OK","Passenger","0","1","1","37","38","2.631578947368421052631578947"
"2020-04-30T00:00:00.000","Twin Falls","ID","Passenger","0","1","1","22","23","4.347826086956521739130434783"
"2022-02-28T00:00:00.000","Davidson","TN","Passenger","1","0","1","27","28","3.571428571428571428571428571"
"2022-02-28T00:00:00.000","Dekalb","GA","Passenger","1","0","1","35","36","2.777777777777777777777777778"
"2021-06-30T00:00:00.000","Contra Costa","CA","Passenger","1","0","1","140","141","0.7092198581560283687943262411"
"2021-06-30T00:00:00.000","Orange","CA","Passenger","3","2","5","392","397","1.259445843828715365239294710"
"2022-02-28T00:00:00.000","Douglas","WA","Truck","5","0","5","12290","12295","0.04066693777958519723464823099"
"2022-02-28T00:00:00.000","Erie","NY","Passenger","1","0","1","19","20","5.00"
"2020-04-30T00:00:00.000","Cook","IL","Passenger","1","0","1","207","208","0.4807692307692307692307692308"
"2021-06-30T00:00:00.000","Douglas","WA","Passenger","95","49","144","28762","28906","0.4981664706289351691690306511"
"2022-02-28T00:00:00.000","Franklin","WA","Truck","8","0","8","20361","20369","0.03927536943394373803328587560"
"2022-02-28T00:00:00.000","Frederick","MD","Passenger","2","1","3","65","68","4.411764705882352941176470588"
"2021-06-30T00:00:00.000","Pend Oreille","WA","Passenger","14","7","21","9390","9411","0.2231431303793433216448836468"
"2021-06-30T00:00:00.000","Dupage","IL","Passenger","1","0","1","34","35","2.857142857142857142857142857"
"2021-06-30T00:00:00.000","Plaquemines","LA","Passenger","0","1","1","18","19","5.263157894736842105263157895"
"2020-04-30T00:00:00.000","Whitman","WA","Passenger","46","51","97","22766","22863","0.4242662817652976424791147269"
"2020-04-30T00:00:00.000","Cumberland","NC","Passenger","0","2","2","479","481","0.4158004158004158004158004158"
"2021-06-30T00:00:00.000","Fairfax","VA","Passenger","5","6","11","619","630","1.746031746031746031746031746"
"2020-05-31T00:00:00.000","Ada","ID","Passenger","0","1","1","240","241","0.4149377593360995850622406639"
"2022-02-28T00:00:00.000","Island","WA","Truck","14","0","14","20952","20966","0.06677477821234379471525326719"
"2020-05-31T00:00:00.000","Alameda","CA","Passenger","1","0","1","247","248","0.4032258064516129032258064516"
"2021-06-30T00:00:00.000","Riley","KS","Passenger","1","0","1","46","47","2.127659574468085106382978723"
"2020-04-30T00:00:00.000","District Of Columbia","DC","Passenger","1","2","3","206","209","1.435406698564593301435406699"
"2021-06-30T00:00:00.000","Franklin","WA","Passenger","129","101","230","62612","62842","0.3659972629769899112058814169"
"2020-05-31T00:00:00.000","Anne Arundel","MD","Passenger","0","3","3","407","410","0.7317073170731707317073170732"
"2021-06-30T00:00:00.000","Sacramento","CA","Passenger","2","0","2","190","192","1.041666666666666666666666667"
"2020-05-31T00:00:00.000","Asotin","WA","Passenger","17","13","30","12682","12712","0.2359974826935179358086847074"
"2022-02-28T00:00:00.000","Kent","DE","Passenger","0","1","1","41","42","2.380952380952380952380952381"
"2021-06-30T00:00:00.000","Harris","TX","Passenger","1","0","1","154","155","0.6451612903225806451612903226"
"2022-02-28T00:00:00.000","Liberty","GA","Passenger","1","0","1","86","87","1.149425287356321839080459770"
"2021-06-30T00:00:00.000","Hillsborough","FL","Passenger","0","1","1","123","124","0.8064516129032258064516129032"
"2021-06-30T00:00:00.000","Honolulu","HI","Passenger","4","0","4","308","312","1.282051282051282051282051282"
"2020-04-30T00:00:00.000","Garfield","WA","Passenger","0","1","1","1358","1359","0.07358351729212656364974245769"
"2021-06-30T00:00:00.000","Spartanburg","SC","Passenger","0","1","1","33","34","2.941176470588235294117647059"
"2022-02-28T00:00:00.000","Los Angeles","CA","Passenger","2","4","6","599","605","0.9917355371900826446280991736"
"2020-04-30T00:00:00.000","Glacier","MT","Passenger","0","1","1","5","6","16.66666666666666666666666667"
"2021-06-30T00:00:00.000","Howard","IN","Passenger","0","1","1","3","4","25.00"
"2021-06-30T00:00:00.000","Stafford","VA","Passenger","2","0","2","85","87","2.298850574712643678160919540"
"2020-05-31T00:00:00.000","Camden","GA","Passenger","1","1","2","149","151","1.324503311258278145695364238"
"2021-06-30T00:00:00.000","Island","WA","Passenger","631","329","960","64000","64960","1.477832512315270935960591133"
"2022-02-28T00:00:00.000","Marin","CA","Passenger","0","1","1","24","25","4.00"
"2022-02-28T00:00:00.000","Mason","WA","Passenger","287","164","451","46275","46726","0.9652013868082010015837007234"
"2021-06-30T00:00:00.000","Jefferson","WA","Truck","0","0","0","9738","9738","0"
"2022-02-28T00:00:00.000","Monterey","CA","Passenger","1","0","1","125","126","0.7936507936507936507936507937"
"2022-02-28T00:00:00.000","Montgomery","AL","Passenger","0","1","1","30","31","3.225806451612903225806451613"
"2021-06-30T00:00:00.000","Kings","NY","Passenger","1","0","1","49","50","2.00"
"2022-02-28T00:00:00.000","Moore","NC","Passenger","0","1","1","109","110","0.9090909090909090909090909091"
"2021-06-30T00:00:00.000","Kitsap","WA","Truck","11","0","11","55022","55033","0.01998800719568259044573256046"
"2020-05-31T00:00:00.000","Cowlitz","WA","Truck","0","0","0","29567","29567","0"
"2022-02-28T00:00:00.000","Otero","NM","Passenger","0","1","1","29","30","3.333333333333333333333333333"
"2021-06-30T00:00:00.000","Williams","ND","Passenger","0","1","1","8","9","11.11111111111111111111111111"
"2022-02-28T00:00:00.000","Pacific","WA","Truck","2","0","2","7797","7799","0.02564431337350942428516476471"
"2022-02-28T00:00:00.000","Palm Beach","FL","Passenger","1","0","1","30","31","3.225806451612903225806451613"
"2022-02-28T00:00:00.000","Pima","AZ","Passenger","0","1","1","155","156","0.6410256410256410256410256410"
"2020-05-31T00:00:00.000","District Of Columbia","DC","Passenger","2","2","4","205","209","1.913875598086124401913875598"
"2021-06-30T00:00:00.000","Lewis","WA","Truck","0","0","0","27075","27075","0"
"2021-06-30T00:00:00.000","Lincoln","WA","Truck","0","0","0","4797","4797","0"
"2020-04-30T00:00:00.000","Kittitas","WA","Truck","0","0","0","15003","15003","0"
"2021-07-31T00:00:00.000","Anchorage","AK","Passenger","1","0","1","120","121","0.8264462809917355371900826446"
"2020-05-31T00:00:00.000","El Paso","TX","Passenger","2","0","2","429","431","0.4640371229698375870069605568"
"2022-02-28T00:00:00.000","Saint Marys","MD","Truck","1","0","1","41","42","2.380952380952380952380952381"
"2022-02-28T00:00:00.000","San Bernardino","CA","Passenger","1","2","3","286","289","1.038062283737024221453287197"
"2020-05-31T00:00:00.000","Fairbanks North Star","AK","Passenger","0","1","1","97","98","1.020408163265306122448979592"
"2022-02-28T00:00:00.000","Santa Cruz","CA","Passenger","1","0","1","20","21","4.761904761904761904761904762"
"2022-02-28T00:00:00.000","Sarpy","NE","Passenger","1","0","1","42","43","2.325581395348837209302325581"
"2020-05-31T00:00:00.000","Flathead","MT","Passenger","1","0","1","53","54","1.851851851851851851851851852"
"2022-02-28T00:00:00.000","Skamania","WA","Passenger","61","46","107","8025","8132","1.315789473684210526315789474"
"2020-05-31T00:00:00.000","Franklin","WA","Passenger","65","81","146","61863","62009","0.2354496927865309874373074876"
"2021-06-30T00:00:00.000","Okanogan","WA","Truck","0","0","0","3939","3939","0"
"2021-07-31T00:00:00.000","Boone","MO","Passenger","0","1","1","5","6","16.66666666666666666666666667"
"2022-02-28T00:00:00.000","Vigo","IN","Passenger","1","0","1","3","4","25.00"
"2022-02-28T00:00:00.000","Wake","NC","Passenger","1","0","1","74","75","1.333333333333333333333333333"
"2021-07-31T00:00:00.000","Boulder","CO","Passenger","0","1","1","21","22","4.545454545454545454545454545"
"2022-02-28T00:00:00.000","Walla Walla","WA","Truck","7","0","7","13700","13707","0.05106879696505435179105566499"
"2021-06-30T00:00:00.000","Pierce","WA","Truck","28","0","28","147318","147346","0.01900289115415416774123491646"
"2021-06-30T00:00:00.000","Platte","MO","Passenger","1","0","1","16","17","5.882352941176470588235294118"
"2021-06-30T00:00:00.000","Powhatan","VA","Passenger","1","0","1","1","2","50.0"
"2022-02-28T00:00:00.000","Whatcom","WA","Passenger","1705","680","2385","145109","147494","1.617014929420857797605326318"
"2022-02-28T00:00:00.000","Wichita","TX","Passenger","1","0","1","32","33","3.030303030303030303030303030"
"2020-05-31T00:00:00.000","Grant","WA","Truck","0","0","0","27871","27871","0"
"2020-05-31T00:00:00.000","Grays Harbor","WA","Truck","0","0","0","21256","21256","0"
"2021-07-31T00:00:00.000","Columbia","WA","Passenger","6","2","8","2502","2510","0.3187250996015936254980079681"
"2021-07-31T00:00:00.000","Dekalb","GA","Passenger","1","0","1","48","49","2.040816326530612244897959184"
"2021-06-30T00:00:00.000","Saint Marys","MD","Passenger","1","1","2","163","165","1.212121212121212121212121212"
"2020-04-30T00:00:00.000","Pend Oreille","WA","Passenger","8","6","14","9579","9593","0.1459397477327217762952152611"
"2021-06-30T00:00:00.000","San Francisco","CA","Passenger","0","1","1","76","77","1.298701298701298701298701299"
"2021-07-31T00:00:00.000","Douglas","NE","Passenger","1","1","2","36","38","5.263157894736842105263157895"
"2021-06-30T00:00:00.000","Santa Clara","CA","Passenger","6","1","7","189","196","3.571428571428571428571428571"
"2021-07-31T00:00:00.000","Douglas","OR","Passenger","1","0","1","25","26","3.846153846153846153846153846"
"2021-07-31T00:00:00.000","Dupage","IL","Passenger","1","0","1","35","36","2.777777777777777777777777778"
"2021-06-30T00:00:00.000","Spokane","WA","Passenger","1115","681","1796","329118","330914","0.5427392011217416005366953347"
"2020-04-30T00:00:00.000","Sacramento","CA","Passenger","1","0","1","247","248","0.4032258064516129032258064516"
"2020-04-30T00:00:00.000","Saint Louis","MO","Passenger","1","0","1","62","63","1.587301587301587301587301587"
"2020-05-31T00:00:00.000","King","WA","Truck","6","1","7","185877","185884","0.003765789417055798239762432485"
"2020-05-31T00:00:00.000","Kitsap","WA","Truck","0","0","0","55108","55108","0"
"2021-07-31T00:00:00.000","Guadalupe","TX","Passenger","1","0","1","35","36","2.777777777777777777777777778"
"2020-05-31T00:00:00.000","Klamath","OR","Passenger","1","0","1","23","24","4.166666666666666666666666667"
"2021-07-31T00:00:00.000","Hennepin","MN","Passenger","1","0","1","56","57","1.754385964912280701754385965"
"2020-05-31T00:00:00.000","Leon","FL","Passenger","1","0","1","9","10","10.0"
"2021-06-30T00:00:00.000","Walla Walla","WA","Passenger","113","77","190","36992","37182","0.5109999462105319778387391749"
"2020-05-31T00:00:00.000","Lewis","WA","Truck","0","0","0","26774","26774","0"
"2021-07-31T00:00:00.000","Jefferson","WA","Truck","0","0","0","9711","9711","0"
"2020-04-30T00:00:00.000","Snohomish","WA","Passenger","4594","1866","6460","544798","551258","1.171865079509050208795155807"
"2021-06-30T00:00:00.000","Whitman","WA","Passenger","61","49","110","22216","22326","0.4926990952252978589984771119"
"2020-04-30T00:00:00.000","Spartanburg","SC","Passenger","0","1","1","38","39","2.564102564102564102564102564"
"2020-04-30T00:00:00.000","Stafford","VA","Passenger","1","0","1","84","85","1.176470588235294117647058824"
"2021-06-30T00:00:00.000","Williamson","TX","Passenger","1","0","1","74","75","1.333333333333333333333333333"
"2020-05-31T00:00:00.000","Maui","HI","Passenger","1","0","1","33","34","2.941176470588235294117647059"
"2020-04-30T00:00:00.000","Stevens","WA","Passenger","36","35","71","31801","31872","0.2227660642570281124497991968"
"2020-04-30T00:00:00.000","Sumter","FL","Passenger","0","1","1","8","9","11.11111111111111111111111111"
"2021-07-31T00:00:00.000","Alameda","CA","Passenger","2","0","2","194","196","1.020408163265306122448979592"
"2020-05-31T00:00:00.000","Montgomery","PA","Passenger","1","0","1","20","21","4.761904761904761904761904762"
"2021-07-31T00:00:00.000","Los Angeles","CA","Passenger","7","7","14","734","748","1.871657754010695187165775401"
"2020-04-30T00:00:00.000","Travis","TX","Passenger","1","2","3","155","158","1.898734177215189873417721519"
"2020-04-30T00:00:00.000","Tuolumne","CA","Passenger","0","1","1","8","9","11.11111111111111111111111111"
"2020-05-31T00:00:00.000","New Castle","DE","Passenger","1","0","1","21","22","4.545454545454545454545454545"
"2020-04-30T00:00:00.000","Wahkiakum","WA","Passenger","6","6","12","3041","3053","0.3930560104814936128398296757"
"2021-07-31T00:00:00.000","Montgomery","MD","Passenger","3","4","7","194","201","3.482587064676616915422885572"
"2021-07-31T00:00:00.000","Muscogee","GA","Passenger","0","1","1","138","139","0.7194244604316546762589928058"
"2021-07-31T00:00:00.000","Bucks","PA","Passenger","1","0","1","17","18","5.555555555555555555555555556"
"2021-07-31T00:00:00.000","Okanogan","NULL","Passenger","52","38","90","20868","20958","0.4294302891497280274835385056"
"2021-07-31T00:00:00.000","Oldham","KY","Passenger","0","1","1","4","5","20.0"
"2021-07-31T00:00:00.000","Camden","GA","Passenger","1","0","1","114","115","0.8695652173913043478260869565"
"2021-07-31T00:00:00.000","Pacific","WA","Passenger","55","56","111","16150","16261","0.6826148453354652235409876391"
"2020-04-30T00:00:00.000","Yakima","WA","Truck","0","0","0","61740","61740","0"
"2021-07-31T00:00:00.000","Pierce","WA","Passenger","3861","2090","5951","563158","569109","1.045669634463696761077403450"
"2021-07-31T00:00:00.000","Pinellas","FL","Passenger","0","1","1","58","59","1.694915254237288135593220339"
"2021-07-31T00:00:00.000","Clark","NV","Passenger","4","1","5","504","509","0.9823182711198428290766208251"
"2021-07-31T00:00:00.000","San Bernardino","CA","Passenger","0","1","1","350","351","0.2849002849002849002849002849"
"2021-07-31T00:00:00.000","Columbia","GA","Passenger","1","0","1","113","114","0.8771929824561403508771929825"
"2021-07-31T00:00:00.000","Santa Cruz","CA","Passenger","1","0","1","22","23","4.347826086956521739130434783"
"2021-07-31T00:00:00.000","Cowlitz","WA","Truck","4","0","4","29357","29361","0.01362351418548414563536664283"
"2020-05-31T00:00:00.000","Shasta","CA","Passenger","1","0","1","34","35","2.857142857142857142857142857"
"2021-07-31T00:00:00.000","Skagit","WA","Truck","6","0","6","33239","33245","0.01804782674086328771243796060"
"2021-07-31T00:00:00.000","Cumberland","NC","Truck","1","0","1","89","90","1.111111111111111111111111111"
"2021-07-31T00:00:00.000","Snohomish","WA","Truck","39","0","39","127225","127264","0.03064495851144078451093789288"
"2020-05-31T00:00:00.000","Skagit","WA","Passenger","433","240","673","93102","93775","0.7176752865902426019728072514"
"2020-05-31T00:00:00.000","Snohomish","WA","Passenger","4591","1867","6458","543511","549969","1.174248003069263903965496237"
"2021-07-31T00:00:00.000","Danville City","VA","Passenger","1","0","1","0","1","100"
"2020-05-31T00:00:00.000","Boulder","CO","Passenger","1","1","2","32","34","5.882352941176470588235294118"
"2020-05-31T00:00:00.000","Spokane","WA","Truck","1","0","1","100392","100393","0.0009960853844391541242915342703"
"2021-07-31T00:00:00.000","District Of Columbia","DC","Passenger","3","2","5","199","204","2.450980392156862745098039216"
"2021-07-31T00:00:00.000","Virginia Beach City","VA","Passenger","2","0","2","537","539","0.3710575139146567717996289425"
"2020-05-31T00:00:00.000","Stevens","WA","Passenger","37","35","72","31565","31637","0.2275816291051616777823434586"
"2021-07-31T00:00:00.000","El Paso","TX","Passenger","2","0","2","343","345","0.5797101449275362318840579710"
"2021-07-31T00:00:00.000","Fairbanks North Star","AK","Passenger","0","1","1","80","81","1.234567901234567901234567901"
"2021-07-31T00:00:00.000","Washoe","NV","Passenger","1","0","1","55","56","1.785714285714285714285714286"
"2021-07-31T00:00:00.000","Whitman","WA","Passenger","64","51","115","22101","22216","0.5176449405833633417356859921"
"2021-07-31T00:00:00.000","Wichita","TX","Passenger","1","0","1","34","35","2.857142857142857142857142857"
"2021-07-31T00:00:00.000","Grant","WA","Truck","1","0","1","28272","28273","0.003536943373536589679199236020"
"2020-05-31T00:00:00.000","Columbia","WA","Passenger","4","3","7","2477","2484","0.2818035426731078904991948470"
"2021-07-31T00:00:00.000","Grays Harbor","WA","Truck","7","0","7","21525","21532","0.03250975292587776332899869961"
"2021-08-31T00:00:00.000","Anne Arundel","MD","Passenger","3","4","7","347","354","1.977401129943502824858757062"
"2020-05-31T00:00:00.000","Columbia","WA","Truck","0","0","0","1583","1583","0"
"2021-08-31T00:00:00.000","Asotin","WA","Passenger","22","18","40","12736","12776","0.3130870381966186599874765185"
"2020-05-31T00:00:00.000","Douglas","NE","Passenger","0","1","1","47","48","2.083333333333333333333333333"
"2021-08-31T00:00:00.000","Caddo","LA","Passenger","1","0","1","7","8","12.500"
"2020-05-31T00:00:00.000","Douglas","OR","Passenger","1","0","1","38","39","2.564102564102564102564102564"
"2021-07-31T00:00:00.000","Jones","GA","Passenger","1","0","1","1","2","50.0"
"2021-08-31T00:00:00.000","Chaves","NM","Passenger","1","0","1","5","6","16.66666666666666666666666667"
"2020-06-30T00:00:00.000","NULL","WA","Passenger","0","0","0","4","4","0"
"2021-07-31T00:00:00.000","Kittitas","WA","Passenger","174","68","242","30214","30456","0.7945889151562910428158655109"
"2021-07-31T00:00:00.000","Klamath","OR","Passenger","1","0","1","17","18","5.555555555555555555555555556"
"2020-06-30T00:00:00.000","Albemarle","VA","Passenger","1","0","1","27","28","3.571428571428571428571428571"
"2021-08-31T00:00:00.000","Denton","TX","Passenger","1","0","1","45","46","2.173913043478260869565217391"
"2020-05-31T00:00:00.000","Guadalupe","TX","Passenger","2","0","2","52","54","3.703703703703703703703703704"
"2021-08-31T00:00:00.000","Fairbanks North Star","AK","Passenger","0","1","1","75","76","1.315789473684210526315789474"
"2021-08-31T00:00:00.000","Ferry","WA","Passenger","9","3","12","4404","4416","0.2717391304347826086956521739"
"2020-06-30T00:00:00.000","Benton","WA","Passenger","372","330","702","137035","137737","0.5096669740156965811655546440"
"2021-08-31T00:00:00.000","Franklin","WA","Passenger","144","103","247","62319","62566","0.3947831090368570789246555637"
"2021-08-31T00:00:00.000","Franklin","WA","Truck","5","0","5","20867","20872","0.02395553852050594097355308547"
"2021-08-31T00:00:00.000","Fresno","CA","Passenger","1","0","1","144","145","0.6896551724137931034482758621"
"2021-08-31T00:00:00.000","Grays Harbor","WA","Truck","8","0","8","21448","21456","0.03728560775540641312453392990"
"2021-07-31T00:00:00.000","New Castle","DE","Passenger","1","0","1","17","18","5.555555555555555555555555556"
"2021-08-31T00:00:00.000","Harrison","MS","Passenger","2","0","2","48","50","4.00"
"2021-07-31T00:00:00.000","Orange","FL","Passenger","1","0","1","84","85","1.176470588235294117647058824"
"2020-06-30T00:00:00.000","Clallam","WA","Passenger","242","171","413","51040","51453","0.8026742852700522807222125046"
"2020-05-31T00:00:00.000","Kent","MI","Passenger","0","1","1","20","21","4.761904761904761904761904762"
"2021-07-31T00:00:00.000","Pend Oreille","WA","Truck","1","0","1","5816","5817","0.01719099192023379749011517965"
"2021-07-31T00:00:00.000","Pennington","SD","Passenger","1","0","1","25","26","3.846153846153846153846153846"
"2020-05-31T00:00:00.000","King","WA","Passenger","24627","8016","32643","1396654","1429297","2.283850032568458479938039470"
"2020-06-30T00:00:00.000","Columbia","WA","Truck","0","0","0","1581","1581","0"
"2020-05-31T00:00:00.000","Klickitat","WA","Passenger","56","41","97","15663","15760","0.6154822335025380710659898477"
"2021-08-31T00:00:00.000","Lewis","WA","Truck","4","0","4","26840","26844","0.01490090895544628222321561615"
"2021-07-31T00:00:00.000","Sacramento","CA","Passenger","2","0","2","187","189","1.058201058201058201058201058"
"2021-08-31T00:00:00.000","Maricopa","AZ","Passenger","2","1","3","725","728","0.4120879120879120879120879121"
"2020-05-31T00:00:00.000","Lewis","WA","Passenger","109","117","226","59479","59705","0.3785277614940122267816765765"
"2021-07-31T00:00:00.000","San Juan","WA","Truck","0","0","0","6017","6017","0"
"2021-08-31T00:00:00.000","Milwaukee","WI","Passenger","1","0","1","31","32","3.12500"
"2021-08-31T00:00:00.000","Monterey","CA","Passenger","1","0","1","147","148","0.6756756756756756756756756757"
"2021-08-31T00:00:00.000","Montgomery","PA","Passenger","2","0","2","12","14","14.28571428571428571428571429"
"2021-08-31T00:00:00.000","Moore","NC","Passenger","0","1","1","115","116","0.8620689655172413793103448276"
"2021-07-31T00:00:00.000","Skagit","WA","Passenger","632","296","928","92490","93418","0.9933845725663148429638827635"
"2021-08-31T00:00:00.000","New Castle","DE","Passenger","1","0","1","15","16","6.2500"
"2021-07-31T00:00:00.000","Snohomish","WA","Passenger","6290","2151","8441","543026","551467","1.530644626061033570458431783"
"2021-07-31T00:00:00.000","Spokane","WA","Truck","24","0","24","102903","102927","0.02331749686671135853566119677"
"2020-06-30T00:00:00.000","Greene","MO","Passenger","0","1","1","20","21","4.761904761904761904761904762"
"2021-07-31T00:00:00.000","Stevens","WA","Passenger","53","45","98","30696","30794","0.3182438137299473923491589271"
"2021-08-31T00:00:00.000","Queens","NY","Passenger","1","0","1","42","43","2.325581395348837209302325581"
"2021-07-31T00:00:00.000","Thurston","WA","Passenger","1744","924","2668","199117","201785","1.322199370617241122977426469"
"2021-08-31T00:00:00.000","Saginaw","MI","Passenger","1","0","1","6","7","14.28571428571428571428571429"
"2020-05-31T00:00:00.000","Montgomery","OH","Passenger","0","1","1","58","59","1.694915254237288135593220339"
"2021-08-31T00:00:00.000","San Juan","WA","Passenger","448","141","589","14292","14881","3.958067334184530609502049593"
"2020-05-31T00:00:00.000","Muscogee","GA","Passenger","0","1","1","170","171","0.5847953216374269005847953216"
"2020-05-31T00:00:00.000","Okanogan","NULL","Passenger","31","25","56","20588","20644","0.2712652586708002325130788607"
"2020-05-31T00:00:00.000","Oldham","KY","Passenger","0","1","1","3","4","25.00"
"2021-08-31T00:00:00.000","Thurston","WA","Truck","27","0","27","56551","56578","0.04772172929407190073880306833"
"2021-08-31T00:00:00.000","NULL","WA","Passenger","0","0","0","4","4","0"
"2020-05-31T00:00:00.000","Pacific","WA","Passenger","39","36","75","15993","16068","0.4667662434652725914861837192"
"2020-06-30T00:00:00.000","Jones","GA","Passenger","1","0","1","1","2","50.0"
"2021-08-31T00:00:00.000","Yakima","WA","Passenger","260","170","430","170090","170520","0.2521698334506216279615294394"
"2021-08-31T00:00:00.000","Yamhill","OR","Passenger","1","0","1","29","30","3.333333333333333333333333333"
"2020-05-31T00:00:00.000","Pierce","WA","Passenger","2589","1800","4389","558082","562471","0.7803068958221846104065809615"
"2021-08-31T00:00:00.000","Benton","WA","Passenger","575","414","989","136998","137987","0.7167341851043938921782486756"
"2021-09-30T00:00:00.000","Adams","WA","Passenger","16","16","32","13081","13113","0.2440326393655151376496606421"
"2020-05-31T00:00:00.000","Prince William","VA","Passenger","2","3","5","214","219","2.283105022831050228310502283"
"2021-09-30T00:00:00.000","Arlington","VA","Passenger","0","1","1","109","110","0.9090909090909090909090909091"
"2021-08-31T00:00:00.000","Clallam","WA","Passenger","361","222","583","50753","51336","1.135655290634252766090073243"
"2020-05-31T00:00:00.000","Ramsey","MN","Passenger","1","0","1","34","35","2.857142857142857142857142857"
"2020-05-31T00:00:00.000","Saint Clair","IL","Passenger","1","0","1","138","139","0.7194244604316546762589928058"
"2021-08-31T00:00:00.000","Columbia","WA","Truck","1","0","1","1546","1547","0.06464124111182934712346477052"
"2021-09-30T00:00:00.000","Boulder","CO","Passenger","0","1","1","18","19","5.263157894736842105263157895"
"2020-06-30T00:00:00.000","Los Angeles","CA","Passenger","7","9","16","937","953","1.678908709338929695697796432"
"2020-05-31T00:00:00.000","Skagit","WA","Truck","1","0","1","33324","33325","0.003000750187546886721680420105"
"2020-06-30T00:00:00.000","Mason","WA","Passenger","193","144","337","48352","48689","0.6921481238061985253342644129"
"2021-09-30T00:00:00.000","Clark","NV","Passenger","4","1","5","473","478","1.046025104602510460251046025"
"2020-05-31T00:00:00.000","Skamania","WA","Truck","0","0","0","4186","4186","0"
"2021-09-30T00:00:00.000","Columbia","WA","Truck","1","0","1","1539","1540","0.06493506493506493506493506494"
"2021-08-31T00:00:00.000","Duval","FL","Passenger","0","1","1","267","268","0.3731343283582089552238805970"
"2020-06-30T00:00:00.000","Montgomery","AL","Passenger","0","2","2","36","38","5.263157894736842105263157895"
"2020-05-31T00:00:00.000","Twin Falls","ID","Passenger","0","1","1","21","22","4.545454545454545454545454545"
"2021-08-31T00:00:00.000","Ferry","WA","Truck","0","0","0","3635","3635","0"
"2020-06-30T00:00:00.000","Multnomah","OR","Passenger","4","7","11","657","668","1.646706586826347305389221557"
"2021-08-31T00:00:00.000","Flathead","MT","Passenger","1","0","1","28","29","3.448275862068965517241379310"
"2020-05-31T00:00:00.000","Wahkiakum","WA","Truck","0","0","0","1801","1801","0"
"2021-08-31T00:00:00.000","Greene","MO","Passenger","0","1","1","17","18","5.555555555555555555555555556"
"2021-09-30T00:00:00.000","Hennepin","MN","Passenger","1","0","1","54","55","1.818181818181818181818181818"
"2021-08-31T00:00:00.000","Hamilton","IN","Passenger","1","0","1","22","23","4.347826086956521739130434783"
"2020-06-30T00:00:00.000","Okanogan","NULL","Passenger","33","26","59","20574","20633","0.2859496922405854698783502157"
"2021-09-30T00:00:00.000","Hidalgo","TX","Passenger","0","1","1","53","54","1.851851851851851851851851852"
"2020-05-31T00:00:00.000","Washoe","NV","Passenger","1","0","1","79","80","1.2500"
"2020-06-30T00:00:00.000","Osceola","FL","Passenger","1","0","1","33","34","2.941176470588235294117647059"
"2020-05-31T00:00:00.000","Whatcom","WA","Truck","3","0","3","43939","43942","0.006827181284420372308952710391"
"2021-09-30T00:00:00.000","Lake","IL","Passenger","1","0","1","146","147","0.6802721088435374149659863946"
"2021-08-31T00:00:00.000","King","WA","Truck","128","1","129","184651","184780","0.06981275029765126095897824440"
"2020-06-30T00:00:00.000","Ramsey","MN","Passenger","1","0","1","34","35","2.857142857142857142857142857"
"2021-09-30T00:00:00.000","Manassas City","VA","Passenger","0","1","1","5","6","16.66666666666666666666666667"
"2020-06-30T00:00:00.000","Riverside","CA","Passenger","2","1","3","568","571","0.5253940455341506129597197898"
"2020-06-30T00:00:00.000","Bryan","GA","Passenger","1","0","1","56","57","1.754385964912280701754385965"
"2021-08-31T00:00:00.000","Montgomery","OH","Passenger","0","1","1","61","62","1.612903225806451612903225806"
"2021-09-30T00:00:00.000","Multnomah","OR","Passenger","2","5","7","500","507","1.380670611439842209072978304"
"2020-06-30T00:00:00.000","Bucks","PA","Passenger","1","0","1","19","20","5.00"
"2021-08-31T00:00:00.000","Montgomery","TX","Passenger","0","1","1","23","24","4.166666666666666666666666667"
"2021-08-31T00:00:00.000","Multnomah","OR","Passenger","2","6","8","518","526","1.520912547528517110266159696"
"2020-06-30T00:00:00.000","Camden","GA","Passenger","1","1","2","145","147","1.360544217687074829931972789"
"2021-09-30T00:00:00.000","Okanogan","NULL","Passenger","54","39","93","20743","20836","0.4463428681128815511614513342"
"2021-09-30T00:00:00.000","Okanogan","NULL","Truck","2","0","2","12862","12864","0.01554726368159203980099502488"
"2020-06-30T00:00:00.000","San Bernardino","CA","Passenger","0","1","1","434","435","0.2298850574712643678160919540"
"2021-09-30T00:00:00.000","Okanogan","WA","Passenger","13","6","19","5838","5857","0.3243981560525866484548403620"
"2021-09-30T00:00:00.000","Oldham","KY","Passenger","0","1","1","4","5","20.0"
"2021-08-31T00:00:00.000","Nueces","TX","Passenger","1","0","1","60","61","1.639344262295081967213114754"
"2021-08-31T00:00:00.000","Okanogan","NULL","Passenger","53","40","93","20757","20850","0.4460431654676258992805755396"
"2020-06-30T00:00:00.000","Santa Cruz","CA","Passenger","1","0","1","32","33","3.030303030303030303030303030"
"2021-09-30T00:00:00.000","Pierce","WA","Passenger","4087","2121","6208","559941","566149","1.096531125198490150119491512"
"2021-09-30T00:00:00.000","Pierce","WA","Truck","49","0","49","145529","145578","0.03365893198148071824039346605"
"2021-09-30T00:00:00.000","Pinellas","FL","Passenger","0","1","1","55","56","1.785714285714285714285714286"
"2020-06-30T00:00:00.000","Chesapeake City","VA","Passenger","0","2","2","400","402","0.4975124378109452736318407960"
"2021-08-31T00:00:00.000","Prince William","VA","Passenger","1","1","2","195","197","1.015228426395939086294416244"
"2020-06-30T00:00:00.000","Skagit","WA","Truck","1","0","1","33369","33370","0.002996703626011387473778843272"
"2021-08-31T00:00:00.000","Riverside","CA","Passenger","4","1","5","447","452","1.106194690265486725663716814"
"2020-06-30T00:00:00.000","Clark","WA","Passenger","2144","1111","3255","323643","326898","0.9957234366683185580823376099"
"2020-06-30T00:00:00.000","Stafford","VA","Passenger","1","0","1","84","85","1.176470588235294117647058824"
"2021-09-30T00:00:00.000","Riverside","CA","Passenger","3","0","3","432","435","0.6896551724137931034482758621"
"2021-08-31T00:00:00.000","Saint Clair","IL","Passenger","1","0","1","125","126","0.7936507936507936507936507937"
"2021-08-31T00:00:00.000","Santa Barbara","CA","Passenger","1","0","1","70","71","1.408450704225352112676056338"
"2021-09-30T00:00:00.000","San Bernardino","CA","Passenger","0","1","1","336","337","0.2967359050445103857566765579"
"2021-09-30T00:00:00.000","San Juan","WA","Truck","0","0","0","5995","5995","0"
"2021-08-31T00:00:00.000","Skagit","WA","Truck","9","0","9","33110","33119","0.02717473353664059905190374105"
"2021-09-30T00:00:00.000","Skagit","WA","Truck","10","0","10","32961","32971","0.03032968366139941160413696885"
"2020-06-30T00:00:00.000","District Of Columbia","DC","Passenger","2","2","4","207","211","1.895734597156398104265402844"
"2020-06-30T00:00:00.000","Washoe","NV","Passenger","1","0","1","77","78","1.282051282051282051282051282"
"2020-06-30T00:00:00.000","Douglas","NE","Passenger","0","1","1","46","47","2.127659574468085106382978723"
"2021-08-31T00:00:00.000","Williams","ND","Passenger","0","1","1","8","9","11.11111111111111111111111111"
"2020-06-30T00:00:00.000","Westchester","NY","Passenger","0","1","1","22","23","4.347826086956521739130434783"
"2020-06-30T00:00:00.000","Williams","ND","Passenger","0","1","1","12","13","7.692307692307692307692307692"
"2020-06-30T00:00:00.000","Garfield","WA","Truck","0","0","0","1002","1002","0"
"2021-10-31T00:00:00.000","Asotin","WA","Truck","2","0","2","6729","6731","0.02971326697370375872827217353"
"2020-07-31T00:00:00.000","Allegheny","PA","Passenger","1","0","1","59","60","1.666666666666666666666666667"
"2021-09-30T00:00:00.000","Carroll","MD","Passenger","0","1","1","9","10","10.0"
"2021-10-31T00:00:00.000","Caddo","LA","Passenger","1","0","1","6","7","14.28571428571428571428571429"
"2021-09-30T00:00:00.000","Chaves","NM","Passenger","1","0","1","5","6","16.66666666666666666666666667"
"2021-09-30T00:00:00.000","Chesapeake City","VA","Passenger","1","2","3","338","341","0.8797653958944281524926686217"
"2020-07-31T00:00:00.000","Asotin","WA","Truck","0","0","0","6839","6839","0"
"2021-09-30T00:00:00.000","Clark","WA","Passenger","3251","1500","4751","322306","327057","1.452651984210703333058151943"
"2021-10-31T00:00:00.000","Chaves","NM","Passenger","1","0","1","5","6","16.66666666666666666666666667"
"2020-06-30T00:00:00.000","Jefferson","WA","Passenger","249","154","403","25271","25674","1.569681389732803614551686531"
"2021-10-31T00:00:00.000","Denton","TX","Passenger","1","0","1","41","42","2.380952380952380952380952381"
"2020-07-31T00:00:00.000","Boone","MO","Passenger","0","1","1","7","8","12.500"
"2021-09-30T00:00:00.000","Denton","TX","Passenger","1","0","1","42","43","2.325581395348837209302325581"
"2021-10-31T00:00:00.000","Duval","FL","Passenger","0","1","1","256","257","0.3891050583657587548638132296"
"2020-06-30T00:00:00.000","Kittitas","WA","Passenger","105","49","154","30536","30690","0.5017921146953405017921146953"
"2020-07-31T00:00:00.000","Caddo","LA","Passenger","1","0","1","11","12","8.333333333333333333333333333"
"2021-09-30T00:00:00.000","El Paso","CO","Passenger","1","0","1","536","537","0.1862197392923649906890130354"
"2020-06-30T00:00:00.000","Klamath","OR","Passenger","1","0","1","23","24","4.166666666666666666666666667"
"2021-10-31T00:00:00.000","Ferry","WA","Passenger","11","3","14","4425","4439","0.3153863482766388826312232485"
"2021-10-31T00:00:00.000","Ferry","WA","Truck","0","0","0","3569","3569","0"
"2021-10-31T00:00:00.000","Franklin","WA","Truck","7","0","7","20774","20781","0.03368461575477599730523073962"
"2021-09-30T00:00:00.000","Fresno","CA","Passenger","1","0","1","141","142","0.7042253521126760563380281690"
"2020-06-30T00:00:00.000","Lincoln","WA","Passenger","6","12","18","7815","7833","0.2297970126388356951359632325"
"2021-10-31T00:00:00.000","Garfield","WA","Passenger","0","3","3","1345","1348","0.2225519287833827893175074184"
"2021-09-30T00:00:00.000","Greene","MO","Passenger","0","1","1","16","17","5.882352941176470588235294118"
"2020-07-31T00:00:00.000","Cascade","MT","Passenger","0","1","1","53","54","1.851851851851851851851851852"
"2021-10-31T00:00:00.000","Harrison","MS","Passenger","2","0","2","46","48","4.166666666666666666666666667"
"2021-09-30T00:00:00.000","Hamilton","IN","Passenger","1","0","1","21","22","4.545454545454545454545454545"
"2020-07-31T00:00:00.000","Chaves","NM","Passenger","1","0","1","9","10","10.0"
"2020-06-30T00:00:00.000","Maui","HI","Passenger","1","0","1","32","33","3.030303030303030303030303030"
"2021-09-30T00:00:00.000","Jefferson","WA","Passenger","365","187","552","24855","25407","2.172629590270397921832565828"
"2020-06-30T00:00:00.000","Mecklenburg","NC","Passenger","1","0","1","66","67","1.492537313432835820895522388"
"2021-09-30T00:00:00.000","Klickitat","WA","Passenger","84","48","132","15440","15572","0.8476753146673516568199332135"
"2020-07-31T00:00:00.000","Davidson","TN","Passenger","1","0","1","53","54","1.851851851851851851851851852"
"2020-07-31T00:00:00.000","Dekalb","GA","Passenger","1","0","1","69","70","1.428571428571428571428571429"
"2020-06-30T00:00:00.000","Muscogee","GA","Passenger","0","1","1","170","171","0.5847953216374269005847953216"
"2020-07-31T00:00:00.000","Denton","TX","Passenger","1","0","1","59","60","1.666666666666666666666666667"
"2021-09-30T00:00:00.000","Mecklenburg","NC","Passenger","1","0","1","62","63","1.587301587301587301587301587"
"2020-06-30T00:00:00.000","Nassau","FL","Passenger","1","0","1","25","26","3.846153846153846153846153846"
"2021-09-30T00:00:00.000","Montgomery","OH","Passenger","0","1","1","62","63","1.587301587301587301587301587"
"2021-10-31T00:00:00.000","Maricopa","AZ","Passenger","2","0","2","685","687","0.2911208151382823871906841339"
"2021-09-30T00:00:00.000","Nueces","TX","Passenger","1","0","1","57","58","1.724137931034482758620689655"
"2021-10-31T00:00:00.000","Milwaukee","WI","Passenger","1","0","1","29","30","3.333333333333333333333333333"
"2021-10-31T00:00:00.000","Missoula","MT","Passenger","1","0","1","32","33","3.030303030303030303030303030"
"2020-06-30T00:00:00.000","Pend Oreille","WA","Truck","0","0","0","5978","5978","0"
"2021-10-31T00:00:00.000","Moore","NC","Passenger","0","1","1","112","113","0.8849557522123893805309734513"
"2020-07-31T00:00:00.000","Franklin","WA","Truck","0","0","0","20652","20652","0"
"2021-10-31T00:00:00.000","Nueces","TX","Passenger","1","0","1","56","57","1.754385964912280701754385965"
"2020-07-31T00:00:00.000","Fresno","CA","Passenger","1","0","1","164","165","0.6060606060606060606060606061"
"2021-09-30T00:00:00.000","Saginaw","MI","Passenger","1","0","1","5","6","16.66666666666666666666666667"
"2021-09-30T00:00:00.000","San Juan","WA","Passenger","457","142","599","14232","14831","4.038837569954824354392825838"
"2020-06-30T00:00:00.000","Riley","KS","Passenger","1","0","1","60","61","1.639344262295081967213114754"
"2021-10-31T00:00:00.000","Placer","CA","Passenger","1","0","1","57","58","1.724137931034482758620689655"
"2021-09-30T00:00:00.000","Shelby","OH","Passenger","0","1","1","0","1","100"
"2020-06-30T00:00:00.000","Sacramento","CA","Passenger","1","0","1","245","246","0.4065040650406504065040650407"
"2021-09-30T00:00:00.000","Snohomish","WA","Truck","67","0","67","126230","126297","0.05304955778838768933545531564"
"2021-10-31T00:00:00.000","Queens","NY","Passenger","1","0","1","37","38","2.631578947368421052631578947"
"2021-09-30T00:00:00.000","Stevens","WA","Truck","2","0","2","18887","18889","0.01058817301074699560590820054"
"2021-10-31T00:00:00.000","Saginaw","MI","Passenger","1","0","1","5","6","16.66666666666666666666666667"
"2021-09-30T00:00:00.000","Thurston","WA","Truck","31","0","31","56312","56343","0.05502014447225032390891503825"
"2021-09-30T00:00:00.000","Tipton","TN","Passenger","1","0","1","10","11","9.090909090909090909090909091"
"2020-06-30T00:00:00.000","Shelby","OH","Passenger","0","1","1","1","2","50.0"
"2021-10-31T00:00:00.000","Sarasota","FL","Passenger","1","0","1","22","23","4.347826086956521739130434783"
"2020-06-30T00:00:00.000","Skagit","WA","Passenger","440","245","685","93076","93761","0.7305809451691001589146873434"
"2020-07-31T00:00:00.000","Jefferson","WA","Passenger","263","156","419","25211","25630","1.634802965275068279360124854"
"2021-09-30T00:00:00.000","Washoe","NV","Passenger","1","0","1","52","53","1.886792452830188679245283019"
"2020-06-30T00:00:00.000","Snohomish","WA","Passenger","4624","1881","6505","544180","550685","1.181256071983075623995569155"
"2020-06-30T00:00:00.000","Snohomish","WA","Truck","0","0","0","127287","127287","0"
"2020-07-31T00:00:00.000","Kent","DE","Passenger","0","1","1","64","65","1.538461538461538461538461538"
"2021-09-30T00:00:00.000","Whitman","WA","Truck","2","0","2","8560","8562","0.02335902826442419995328194347"
"2021-09-30T00:00:00.000","Wilson","NC","Passenger","1","0","1","0","1","100"
"2021-10-31T00:00:00.000","Suffolk City","VA","Passenger","1","0","1","106","107","0.9345794392523364485981308411"
"2020-06-30T00:00:00.000","Stevens","WA","Truck","0","0","0","19244","19244","0"
"2021-09-30T00:00:00.000","Yakima","WA","Passenger","269","171","440","169644","170084","0.2586957032995461066296653418"
"2021-09-30T00:00:00.000","Yamhill","OR","Passenger","1","0","1","27","28","3.571428571428571428571428571"
"2020-07-31T00:00:00.000","Kootenai","ID","Passenger","1","0","1","186","187","0.5347593582887700534759358289"
"2021-10-31T00:00:00.000","NULL","CA","Passenger","1","4","5","210","215","2.325581395348837209302325581"
"2021-10-31T00:00:00.000","Allegheny","PA","Passenger","1","0","1","44","45","2.222222222222222222222222222"
"2021-10-31T00:00:00.000","Arlington","VA","Passenger","0","1","1","105","106","0.9433962264150943396226415094"
"2021-10-31T00:00:00.000","Yakima","WA","Passenger","284","172","456","168892","169348","0.2692680161560809693648581619"
"2021-10-31T00:00:00.000","Bell","TX","Passenger","0","1","1","282","283","0.3533568904593639575971731449"
"2021-10-31T00:00:00.000","Benton","WA","Truck","20","0","20","43668","43688","0.04577916132576451199414026735"
"2021-11-30T00:00:00.000","NULL","NULL","Passenger","6","6","12","1323","1335","0.8988764044943820224719101124"
"2020-07-31T00:00:00.000","Los Angeles","CA","Passenger","7","9","16","925","941","1.700318809776833156216790648"
"2021-10-31T00:00:00.000","Bernalillo","NM","Passenger","1","0","1","81","82","1.219512195121951219512195122"
"2021-11-30T00:00:00.000","Adams","WA","Passenger","16","16","32","12950","12982","0.2464951471267909413033430904"
"2021-11-30T00:00:00.000","Adams","WA","Truck","0","0","0","5400","5400","0"
"2021-11-30T00:00:00.000","Arlington","VA","Passenger","0","1","1","104","105","0.9523809523809523809523809524"
"2020-06-30T00:00:00.000","Washtenaw","MI","Passenger","1","0","1","26","27","3.703703703703703703703703704"
"2021-10-31T00:00:00.000","Bradley","TN","Passenger","0","1","1","0","1","100"
"2020-06-30T00:00:00.000","Whitman","WA","Truck","0","0","0","8739","8739","0"
"2021-11-30T00:00:00.000","Bernalillo","NM","Passenger","1","0","1","79","80","1.2500"
"2021-10-31T00:00:00.000","Carson City","NV","Passenger","1","0","1","10","11","9.090909090909090909090909091"
"2020-07-31T00:00:00.000","Mecklenburg","NC","Passenger","1","0","1","67","68","1.470588235294117647058823529"
"2021-10-31T00:00:00.000","Charles","MD","Passenger","1","1","2","56","58","3.448275862068965517241379310"
"2021-10-31T00:00:00.000","Clallam","WA","Truck","3","0","3","22053","22056","0.01360174102285092491838955386"
"2020-07-31T00:00:00.000","Adams","WA","Passenger","9","9","18","13205","13223","0.1361264463434923996067458217"
"2021-11-30T00:00:00.000","Carroll","MD","Passenger","0","1","1","9","10","10.0"
"2020-07-31T00:00:00.000","Monterey","CA","Passenger","1","0","1","178","179","0.5586592178770949720670391061"
"2020-07-31T00:00:00.000","Moore","NC","Passenger","0","2","2","158","160","1.2500"
"2021-11-30T00:00:00.000","Clark","NV","Passenger","4","1","5","445","450","1.111111111111111111111111111"
"2020-07-31T00:00:00.000","Arlington","VA","Passenger","0","2","2","130","132","1.515151515151515151515151515"
"2021-10-31T00:00:00.000","Cumberland","NC","Passenger","0","2","2","366","368","0.5434782608695652173913043478"
"2021-11-30T00:00:00.000","Columbia","GA","Passenger","1","0","1","97","98","1.020408163265306122448979592"
"2020-07-31T00:00:00.000","Nueces","TX","Passenger","1","0","1","80","81","1.234567901234567901234567901"
"2021-10-31T00:00:00.000","Davidson","TN","Passenger","1","0","1","34","35","2.857142857142857142857142857"
"2020-07-31T00:00:00.000","Okanogan","NULL","Passenger","34","27","61","20603","20664","0.2951993805652342237708091367"
"2020-07-31T00:00:00.000","Palm Beach","FL","Passenger","0","1","1","64","65","1.538461538461538461538461538"
"2021-10-31T00:00:00.000","Frederick","MD","Passenger","2","1","3","67","70","4.285714285714285714285714286"
"2021-11-30T00:00:00.000","El Paso","CO","Passenger","1","0","1","520","521","0.1919385796545105566218809981"
"2021-10-31T00:00:00.000","Glacier","MT","Passenger","0","1","1","4","5","20.0"
"2021-11-30T00:00:00.000","Frederick","MD","Passenger","2","1","3","67","70","4.285714285714285714285714286"
"2020-07-31T00:00:00.000","Ramsey","MN","Passenger","1","0","1","33","34","2.941176470588235294117647059"
"2021-10-31T00:00:00.000","Harnett","NC","Passenger","0","1","1","128","129","0.7751937984496124031007751938"
"2020-07-31T00:00:00.000","Saginaw","MI","Passenger","1","0","1","9","10","10.0"
"2021-10-31T00:00:00.000","Hidalgo","TX","Passenger","0","1","1","53","54","1.851851851851851851851851852"
"2020-07-31T00:00:00.000","Columbia","WA","Truck","0","0","0","1588","1588","0"
"2021-11-30T00:00:00.000","Harris","TX","Passenger","1","0","1","121","122","0.8196721311475409836065573770"
"2020-07-31T00:00:00.000","Saint Louis City","MO","Passenger","1","0","1","25","26","3.846153846153846153846153846"
"2021-11-30T00:00:00.000","Hidalgo","TX","Passenger","0","1","1","52","53","1.886792452830188679245283019"
"2020-07-31T00:00:00.000","Cowlitz","WA","Passenger","157","130","287","73649","73936","0.3881735555074659164682969054"
"2021-11-30T00:00:00.000","Honolulu","HI","Passenger","3","1","4","253","257","1.556420233463035019455252918"
"2020-07-31T00:00:00.000","San Bernardino","CA","Passenger","0","1","1","426","427","0.2341920374707259953161592506"
"2021-10-31T00:00:00.000","Kent","DE","Passenger","0","1","1","50","51","1.960784313725490196078431373"
"2020-07-31T00:00:00.000","San Juan","WA","Passenger","314","97","411","14341","14752","2.786062906724511930585683297"
"2021-10-31T00:00:00.000","Kittitas","WA","Truck","4","0","4","14701","14705","0.02720163209792587555253315199"
"2020-07-31T00:00:00.000","San Mateo","CA","Passenger","0","1","1","103","104","0.9615384615384615384615384615"
"2020-07-31T00:00:00.000","Santa Cruz","CA","Passenger","1","0","1","31","32","3.12500"
"2021-11-30T00:00:00.000","Lake","IL","Passenger","1","0","1","144","145","0.6896551724137931034482758621"
"2021-10-31T00:00:00.000","Liberty","GA","Passenger","1","0","1","94","95","1.052631578947368421052631579"
"2020-07-31T00:00:00.000","Skagit","WA","Truck","1","0","1","33449","33450","0.002989536621823617339312406577"
"2020-07-31T00:00:00.000","Snohomish","WA","Truck","0","0","0","127568","127568","0"
"2021-11-30T00:00:00.000","Liberty","GA","Passenger","1","0","1","91","92","1.086956521739130434782608696"
"2020-07-31T00:00:00.000","Franklin","WA","Passenger","73","85","158","62061","62219","0.2539417219820312123306385509"
"2021-11-30T00:00:00.000","Manassas City","VA","Passenger","0","1","1","5","6","16.66666666666666666666666667"
"2020-07-31T00:00:00.000","Stevens","WA","Truck","0","0","0","19251","19251","0"
"2021-10-31T00:00:00.000","Monterey","CA","Passenger","1","0","1","141","142","0.7042253521126760563380281690"
"2020-07-31T00:00:00.000","Grant","WA","Passenger","64","80","144","66891","67035","0.2148131573058849854553591407"
"2020-07-31T00:00:00.000","Grays Harbor","WA","Passenger","124","116","240","49072","49312","0.4866969500324464633354964309"
"2020-07-31T00:00:00.000","Thurston","WA","Truck","0","0","0","57006","57006","0"
"2021-11-30T00:00:00.000","Okanogan","NULL","Truck","2","0","2","12722","12724","0.01571832756994655768626218170"
"2021-11-30T00:00:00.000","Okanogan","WA","Passenger","13","6","19","5792","5811","0.3269660987781793150920667699"
"2021-10-31T00:00:00.000","Okanogan","NULL","Truck","2","0","2","12770","12772","0.01565925461948011274663326026"
"2021-11-30T00:00:00.000","Okanogan","WA","Truck","0","0","0","3823","3823","0"
"2021-11-30T00:00:00.000","Orange","FL","Passenger","1","0","1","77","78","1.282051282051282051282051282"
"2021-11-30T00:00:00.000","Ozaukee","WI","Passenger","0","1","1","2","3","33.33333333333333333333333333"
"2020-07-31T00:00:00.000","Valencia","NM","Passenger","1","0","1","4","5","20.0"
"2021-10-31T00:00:00.000","Otero","NM","Passenger","0","1","1","30","31","3.225806451612903225806451613"
"2021-10-31T00:00:00.000","Ozaukee","WI","Passenger","0","1","1","3","4","25.00"
"2021-10-31T00:00:00.000","Palm Beach","FL","Passenger","1","0","1","38","39","2.564102564102564102564102564"
"2020-07-31T00:00:00.000","Hennepin","MN","Passenger","2","0","2","77","79","2.531645569620253164556962025"
"2021-11-30T00:00:00.000","Pierce","WA","Truck","67","0","67","144350","144417","0.04639343013634128946038208798"
"2021-10-31T00:00:00.000","Pend Oreille","WA","Passenger","18","7","25","9187","9212","0.2713851498046026921406860617"
"2020-07-31T00:00:00.000","Hidalgo","TX","Passenger","0","1","1","64","65","1.538461538461538461538461538"
"2021-10-31T00:00:00.000","Plaquemines","LA","Passenger","0","1","1","18","19","5.263157894736842105263157895"
"2020-07-31T00:00:00.000","Washoe","NV","Passenger","1","0","1","74","75","1.333333333333333333333333333"
"2020-07-31T00:00:00.000","Westchester","NY","Passenger","0","1","1","22","23","4.347826086956521739130434783"
"2021-11-30T00:00:00.000","Saint Marys","MD","Passenger","1","1","2","150","152","1.315789473684210526315789474"
"2021-10-31T00:00:00.000","Saint Louis","MO","Passenger","1","0","1","36","37","2.702702702702702702702702703"
"2020-07-31T00:00:00.000","Kent","MI","Passenger","0","1","1","20","21","4.761904761904761904761904762"
"2021-11-30T00:00:00.000","San Diego","CA","Passenger","13","10","23","2216","2239","1.027244305493523894595801697"
"2021-10-31T00:00:00.000","Saint Louis City","MO","Passenger","1","0","1","18","19","5.263157894736842105263157895"
"2021-11-30T00:00:00.000","San Juan","WA","Truck","0","0","0","5949","5949","0"
"2020-07-31T00:00:00.000","Yakima","WA","Passenger","157","128","285","169984","170269","0.1673822011053098332638354604"
"2020-07-31T00:00:00.000","King","WA","Truck","8","1","9","187088","187097","0.004810339022004628615103395565"
"2021-11-30T00:00:00.000","Santa Clara","CA","Passenger","4","0","4","160","164","2.439024390243902439024390244"
"2020-07-31T00:00:00.000","Klickitat","WA","Truck","0","0","0","8388","8388","0"
"2021-11-30T00:00:00.000","Sarpy","NE","Passenger","1","0","1","47","48","2.083333333333333333333333333"
"2021-10-31T00:00:00.000","Sarpy","NE","Passenger","1","0","1","47","48","2.083333333333333333333333333"
"2021-10-31T00:00:00.000","Sevier","AR","Passenger","0","1","1","0","1","100"
"2021-10-31T00:00:00.000","Skamania","WA","Passenger","61","41","102","8336","8438","1.208817255273761554870822470"
"2020-07-31T00:00:00.000","Lake","IL","Passenger","1","0","1","167","168","0.5952380952380952380952380952"
"2020-08-31T00:00:00.000","Arapahoe","CO","Passenger","1","0","1","120","121","0.8264462809917355371900826446"
"2021-11-30T00:00:00.000","Tipton","TN","Passenger","1","0","1","10","11","9.090909090909090909090909091"
"2020-07-31T00:00:00.000","Larimer","CO","Passenger","0","1","1","33","34","2.941176470588235294117647059"
"2021-10-31T00:00:00.000","Travis","TX","Passenger","1","0","1","90","91","1.098901098901098901098901099"
"2020-08-31T00:00:00.000","Benton","WA","Truck","0","0","0","44027","44027","0"
"2021-10-31T00:00:00.000","Wahkiakum","WA","Passenger","17","8","25","3055","3080","0.8116883116883116883116883117"
"2021-10-31T00:00:00.000","Wake","NC","Passenger","1","0","1","87","88","1.136363636363636363636363636"
"2021-11-30T00:00:00.000","Wilson","NC","Passenger","1","0","1","0","1","100"
"2021-12-31T00:00:00.000","NULL","CA","Passenger","1","4","5","209","214","2.336448598130841121495327103"
"2021-12-31T00:00:00.000","Bell","TX","Passenger","0","1","1","269","270","0.3703703703703703703703703704"
"2021-10-31T00:00:00.000","Whatcom","WA","Passenger","1630","657","2287","150066","152353","1.501119111537022572578157306"
"2021-10-31T00:00:00.000","Yakima","WA","Truck","5","0","5","61683","61688","0.008105304111010245104396316950"
"2021-12-31T00:00:00.000","Bradley","TN","Passenger","0","1","1","0","1","100"
"2021-12-31T00:00:00.000","Bryan","GA","Passenger","1","0","1","50","51","1.960784313725490196078431373"
"2020-08-31T00:00:00.000","Charles","MD","Passenger","1","1","2","66","68","2.941176470588235294117647059"
"2021-12-31T00:00:00.000","Carson City","NV","Passenger","1","0","1","8","9","11.11111111111111111111111111"
"2020-08-31T00:00:00.000","Chelan","WA","Truck","0","0","0","23232","23232","0"
"2021-12-31T00:00:00.000","Clackamas","OR","Passenger","1","0","1","102","103","0.9708737864077669902912621359"
"2020-08-31T00:00:00.000","Chesapeake City","VA","Passenger","0","2","2","395","397","0.5037783375314861460957178841"
"2021-11-30T00:00:00.000","Carson City","NV","Passenger","1","0","1","8","9","11.11111111111111111111111111"
"2020-07-31T00:00:00.000","Montgomery","PA","Passenger","1","0","1","20","21","4.761904761904761904761904762"
"2021-12-31T00:00:00.000","Coryell","TX","Passenger","1","0","1","84","85","1.176470588235294117647058824"
"2020-08-31T00:00:00.000","Clallam","WA","Truck","1","0","1","22207","22208","0.004502881844380403458213256484"
"2021-12-31T00:00:00.000","Cumberland","NC","Passenger","0","2","2","353","355","0.5633802816901408450704225352"
"2020-08-31T00:00:00.000","Clark","WA","Passenger","2262","1131","3393","324196","327589","1.035749063613247087051152511"
"2020-07-31T00:00:00.000","Multnomah","OR","Passenger","4","7","11","652","663","1.659125188536953242835595777"
"2021-11-30T00:00:00.000","Clark","WA","Truck","48","0","48","83532","83580","0.05743000717875089734386216798"
"2021-12-31T00:00:00.000","District Of Columbia","DC","Passenger","3","1","4","176","180","2.222222222222222222222222222"
"2021-11-30T00:00:00.000","Cowlitz","WA","Passenger","276","166","442","71540","71982","0.6140423994887610791586785585"
"2021-11-30T00:00:00.000","Cumberland","NC","Passenger","0","2","2","359","361","0.5540166204986149584487534626"
"2021-12-31T00:00:00.000","Duval","FL","Passenger","0","1","1","243","244","0.4098360655737704918032786885"
"2020-07-31T00:00:00.000","Oklahoma","OK","Passenger","0","1","1","106","107","0.9345794392523364485981308411"
"2021-12-31T00:00:00.000","Ferry","WA","Truck","0","0","0","3525","3525","0"
"2021-12-31T00:00:00.000","Flathead","MT","Passenger","1","0","1","27","28","3.571428571428571428571428571"
"2021-12-31T00:00:00.000","Garfield","WA","Passenger","0","3","3","1337","1340","0.2238805970149253731343283582"
"2021-11-30T00:00:00.000","Dupage","IL","Passenger","1","0","1","31","32","3.12500"
"2021-12-31T00:00:00.000","Garfield","WA","Truck","0","0","0","995","995","0"
"2020-08-31T00:00:00.000","Denver","CO","Passenger","1","0","1","99","100","1.00"
"2021-12-31T00:00:00.000","Goochland","VA","Passenger","2","0","2","70","72","2.777777777777777777777777778"
"2021-11-30T00:00:00.000","Glacier","MT","Passenger","0","1","1","4","5","20.0"
"2020-07-31T00:00:00.000","Pierce","WA","Truck","0","0","0","146401","146401","0"
"2021-12-31T00:00:00.000","Harnett","NC","Passenger","0","1","1","124","125","0.800"
"2021-11-30T00:00:00.000","Grant","WA","Passenger","131","103","234","66579","66813","0.3502312424228817745049616093"
"2020-07-31T00:00:00.000","Pinellas","FL","Passenger","1","1","2","80","82","2.439024390243902439024390244"
"2021-11-30T00:00:00.000","Grays Harbor","WA","Passenger","200","156","356","49215","49571","0.7181618284884307357124124992"
"2021-11-30T00:00:00.000","Harnett","NC","Passenger","0","1","1","125","126","0.7936507936507936507936507937"
"2020-07-31T00:00:00.000","Prince William","VA","Passenger","2","3","5","217","222","2.252252252252252252252252252"
"2021-11-30T00:00:00.000","Hennepin","MN","Passenger","1","0","1","48","49","2.040816326530612244897959184"
"2021-11-30T00:00:00.000","Hillsborough","FL","Passenger","0","1","1","107","108","0.9259259259259259259259259259"
"2021-11-30T00:00:00.000","Howard","IN","Passenger","0","1","1","4","5","20.0"
"2021-12-31T00:00:00.000","Kitsap","WA","Passenger","2202","949","3151","179305","182456","1.726991713070548515806550620"
"2021-12-31T00:00:00.000","Kittitas","WA","Truck","4","0","4","14553","14557","0.02747818918733255478463969224"
"2020-07-31T00:00:00.000","Riverside","CA","Passenger","2","1","3","558","561","0.5347593582887700534759358289"
"2020-08-31T00:00:00.000","Fresno","CA","Passenger","1","0","1","161","162","0.6172839506172839506172839506"
"2021-11-30T00:00:00.000","Jefferson","WA","Truck","2","0","2","9592","9594","0.02084636230977694392328538670"
"2020-07-31T00:00:00.000","Saint Clair","IL","Passenger","1","0","1","137","138","0.7246376811594202898550724638"
"2020-08-31T00:00:00.000","Glacier","MT","Passenger","0","1","1","3","4","25.00"
"2021-11-30T00:00:00.000","Kings","NY","Passenger","1","0","1","45","46","2.173913043478260869565217391"
"2021-11-30T00:00:00.000","Klickitat","WA","Truck","1","0","1","8288","8289","0.01206418144528893714561467004"
"2021-11-30T00:00:00.000","Montgomery","MD","Passenger","3","5","8","182","190","4.210526315789473684210526316"
"2021-12-31T00:00:00.000","Platte","MO","Passenger","1","0","1","14","15","6.666666666666666666666666667"
"2021-11-30T00:00:00.000","Pend Oreille","WA","Passenger","18","7","25","9097","9122","0.2740627055470291602718702039"
"2020-07-31T00:00:00.000","Ventura","CA","Passenger","1","2","3","278","281","1.067615658362989323843416370"
"2021-11-30T00:00:00.000","Pinellas","FL","Passenger","0","1","1","53","54","1.851851851851851851851851852"
"2020-08-31T00:00:00.000","Kern","CA","Passenger","1","1","2","216","218","0.9174311926605504587155963303"
"2021-11-30T00:00:00.000","Plaquemines","LA","Passenger","0","1","1","18","19","5.263157894736842105263157895"
"2021-11-30T00:00:00.000","Powhatan","VA","Passenger","1","0","1","1","2","50.0"
"2021-12-31T00:00:00.000","Snohomish","WA","Passenger","7062","2240","9302","532939","542241","1.715473378073587205688983312"
"2020-08-31T00:00:00.000","Larimer","CO","Passenger","0","1","1","32","33","3.030303030303030303030303030"
"2021-12-31T00:00:00.000","Stevens","WA","Passenger","59","42","101","29941","30042","0.3361959922774781971905998269"
"2021-12-31T00:00:00.000","Suffolk City","VA","Passenger","1","0","1","103","104","0.9615384615384615384615384615"
"2021-11-30T00:00:00.000","San Francisco","CA","Passenger","0","1","1","61","62","1.612903225806451612903225806"
"2020-08-31T00:00:00.000","Lincoln","WA","Passenger","6","11","17","7807","7824","0.2172801635991820040899795501"
"2020-08-31T00:00:00.000","Adams","WA","Truck","0","0","0","5491","5491","0"
"2021-11-30T00:00:00.000","Spartanburg","SC","Passenger","0","1","1","30","31","3.225806451612903225806451613"
"2020-08-31T00:00:00.000","Albemarle","VA","Passenger","1","0","1","24","25","4.00"
"2021-11-30T00:00:00.000","Spokane","WA","Passenger","1284","773","2057","325174","327231","0.6286079252882520299115915057"
"2020-08-31T00:00:00.000","Alexandria City","VA","Passenger","4","0","4","130","134","2.985074626865671641791044776"
"2021-12-31T00:00:00.000","Yakima","WA","Truck","6","0","6","61152","61158","0.009810654370646522123025605808"
"2021-11-30T00:00:00.000","Ventura","CA","Passenger","1","1","2","219","221","0.9049773755656108597285067873"
"2020-08-31T00:00:00.000","Asotin","WA","Truck","0","0","0","6845","6845","0"
"2022-01-31T00:00:00.000","Bay","FL","Passenger","1","0","1","21","22","4.545454545454545454545454545"
"2022-01-31T00:00:00.000","Bexar","TX","Passenger","2","3","5","358","363","1.377410468319559228650137741"
"2020-08-31T00:00:00.000","Bartow","GA","Passenger","0","1","1","3","4","25.00"
"2020-08-31T00:00:00.000","Monterey","CA","Passenger","1","0","1","174","175","0.5714285714285714285714285714"
"2021-11-30T00:00:00.000","Whitman","WA","Passenger","68","60","128","21781","21909","0.5842347893559724314208772651"
"2021-11-30T00:00:00.000","Yakima","WA","Truck","5","0","5","61448","61453","0.008136299285632922721429385058"
"2022-01-31T00:00:00.000","Charles","MD","Truck","1","0","1","12","13","7.692307692307692307692307692"
"2020-08-31T00:00:00.000","Brevard","FL","Passenger","0","1","1","66","67","1.492537313432835820895522388"
"2020-08-31T00:00:00.000","Nassau","FL","Passenger","1","0","1","24","25","4.00"
"2020-08-31T00:00:00.000","Broward","FL","Passenger","1","1","2","99","101","1.980198019801980198019801980"
"2022-01-31T00:00:00.000","Chelan","WA","Passenger","419","114","533","53652","54185","0.9836670665313278582633570176"
"2021-12-31T00:00:00.000","Alexandria City","VA","Passenger","5","0","5","115","120","4.166666666666666666666666667"
"2021-12-31T00:00:00.000","Anchorage","AK","Passenger","1","0","1","105","106","0.9433962264150943396226415094"
"2020-08-31T00:00:00.000","Caddo","LA","Passenger","1","0","1","11","12","8.333333333333333333333333333"
"2021-12-31T00:00:00.000","Bartow","GA","Passenger","0","1","1","2","3","33.33333333333333333333333333"
"2022-01-31T00:00:00.000","Clark","WA","Truck","73","0","73","82317","82390","0.08860298579924748149047214468"
"2020-08-31T00:00:00.000","Otero","NM","Passenger","0","1","1","32","33","3.030303030303030303030303030"
"2022-01-31T00:00:00.000","Cowlitz","WA","Passenger","281","167","448","70312","70760","0.6331260599208592425098925947"
"2020-08-31T00:00:00.000","Pacific","WA","Truck","0","0","0","7902","7902","0"
"2021-12-31T00:00:00.000","Camden","GA","Passenger","1","0","1","106","107","0.9345794392523364485981308411"
"2020-08-31T00:00:00.000","Pend Oreille","WA","Passenger","8","5","13","9511","9524","0.1364972700545989080218395632"
"2021-12-31T00:00:00.000","Charles","MD","Truck","1","0","1","12","13","7.692307692307692307692307692"
"2022-01-31T00:00:00.000","Douglas","WA","Truck","5","0","5","12417","12422","0.04025116728385123168571888585"
"2022-01-31T00:00:00.000","Erie","NY","Passenger","1","0","1","21","22","4.545454545454545454545454545"
"2022-01-31T00:00:00.000","Fairfax","VA","Passenger","4","5","9","551","560","1.607142857142857142857142857"
"2021-12-31T00:00:00.000","Columbia","GA","Passenger","1","0","1","95","96","1.041666666666666666666666667"
"2020-08-31T00:00:00.000","Cook","IL","Passenger","1","0","1","183","184","0.5434782608695652173913043478"
"2021-12-31T00:00:00.000","Columbia","WA","Passenger","6","2","8","2440","2448","0.3267973856209150326797385621"
"2022-01-31T00:00:00.000","Grant","WA","Passenger","137","102","239","65632","65871","0.3628303805923699351763294925"
"2021-12-31T00:00:00.000","Cumberland","NC","Truck","1","0","1","79","80","1.2500"
"2022-01-31T00:00:00.000","Grays Harbor","WA","Passenger","204","160","364","48592","48956","0.7435247977775962088405915516"
"2021-12-31T00:00:00.000","Danville City","VA","Passenger","1","0","1","0","1","100"
"2022-01-31T00:00:00.000","Hamilton","IN","Passenger","1","0","1","15","16","6.2500"
"2020-08-31T00:00:00.000","Riley","KS","Passenger","1","0","1","60","61","1.639344262295081967213114754"
"2021-12-31T00:00:00.000","Douglas","NE","Passenger","1","2","3","29","32","9.37500"
"2021-12-31T00:00:00.000","Douglas","OR","Passenger","1","0","1","21","22","4.545454545454545454545454545"
"2022-01-31T00:00:00.000","Hillsborough","FL","Passenger","0","1","1","101","102","0.9803921568627450980392156863"
"2022-01-31T00:00:00.000","Howard","IN","Passenger","0","1","1","4","5","20.0"
"2021-12-31T00:00:00.000","Fairbanks North Star","AK","Passenger","0","1","1","68","69","1.449275362318840579710144928"
"2022-01-31T00:00:00.000","Island","WA","Truck","14","0","14","21135","21149","0.06619698330890349425504751998"
"2021-12-31T00:00:00.000","Ferry","WA","Passenger","14","3","17","4374","4391","0.3871555454338419494420405375"
"2022-01-31T00:00:00.000","King","WA","Passenger","36078","10079","46157","1337592","1383749","3.335648300378175521716727528"
"2022-01-31T00:00:00.000","Klickitat","WA","Passenger","90","51","141","15021","15162","0.9299564701226751088246933122"
"2021-12-31T00:00:00.000","Grays Harbor","WA","Truck","10","0","10","21157","21167","0.04724335049841734775830301885"
"2020-08-31T00:00:00.000","San Juan","WA","Passenger","322","102","424","14312","14736","2.877307274701411509229098806"
"2020-08-31T00:00:00.000","Franklin","WA","Truck","0","0","0","20722","20722","0"
"2022-01-31T00:00:00.000","Klickitat","WA","Truck","2","0","2","8193","8195","0.02440512507626601586333129957"
"2020-08-31T00:00:00.000","Shelby","OH","Passenger","0","1","1","1","2","50.0"
"2021-12-31T00:00:00.000","Guadalupe","TX","Passenger","1","0","1","30","31","3.225806451612903225806451613"
"2022-01-31T00:00:00.000","Lewis","WA","Passenger","222","169","391","58432","58823","0.6647059823538411845706611360"
"2020-08-31T00:00:00.000","Garfield","WA","Passenger","0","1","1","1364","1365","0.07326007326007326007326007326"
"2021-12-31T00:00:00.000","Harrison","MS","Passenger","2","0","2","42","44","4.545454545454545454545454545"
"2020-08-31T00:00:00.000","Skamania","WA","Passenger","35","22","57","8595","8652","0.6588072122052704576976421637"
"2022-01-31T00:00:00.000","Montgomery","TX","Passenger","0","1","1","14","15","6.666666666666666666666666667"
"2020-08-31T00:00:00.000","Harrison","MS","Passenger","1","0","1","55","56","1.785714285714285714285714286"
"2021-12-31T00:00:00.000","Kittitas","WA","Passenger","210","72","282","29416","29698","0.9495588928547376927739241700"
"2021-12-31T00:00:00.000","Klamath","OR","Passenger","1","0","1","16","17","5.882352941176470588235294118"
"2020-08-31T00:00:00.000","Thurston","WA","Truck","0","0","0","57022","57022","0"
"2022-01-31T00:00:00.000","Philadelphia","PA","Passenger","1","0","1","30","31","3.225806451612903225806451613"
"2022-01-31T00:00:00.000","Pima","AZ","Passenger","0","1","1","164","165","0.6060606060606060606060606061"
"2022-01-31T00:00:00.000","Powhatan","VA","Passenger","1","0","1","1","2","50.0"
"2022-01-31T00:00:00.000","Prince William","VA","Passenger","1","1","2","184","186","1.075268817204301075268817204"
"2020-08-31T00:00:00.000","Wahkiakum","WA","Passenger","6","7","13","3096","3109","0.4181408813123190736571244773"
"2021-12-31T00:00:00.000","Maricopa","AZ","Passenger","2","0","2","629","631","0.3169572107765451664025356577"
"2022-01-31T00:00:00.000","Saint Clair","IL","Passenger","1","0","1","110","111","0.9009009009009009009009009009"
"2022-01-31T00:00:00.000","San Francisco","CA","Passenger","0","1","1","57","58","1.724137931034482758620689655"
"2022-01-31T00:00:00.000","Skamania","WA","Truck","0","0","0","3901","3901","0"
"2022-01-31T00:00:00.000","Spokane","WA","Passenger","1361","782","2143","321472","323615","0.6622066344267107519737960231"
"2021-12-31T00:00:00.000","Muscogee","GA","Passenger","0","1","1","130","131","0.7633587786259541984732824427"
"2020-08-31T00:00:00.000","Whatcom","WA","Passenger","1185","539","1724","152155","153879","1.120360802968566211113927177"
"2021-12-31T00:00:00.000","New Castle","DE","Passenger","1","0","1","13","14","7.142857142857142857142857143"
"2020-08-31T00:00:00.000","Whitman","WA","Truck","0","0","0","8689","8689","0"
"2021-12-31T00:00:00.000","Norfolk City","VA","Passenger","1","1","2","282","284","0.7042253521126760563380281690"
"2022-01-31T00:00:00.000","Thurston","WA","Passenger","1962","984","2946","193678","196624","1.498291154691187240621694198"
"2021-12-31T00:00:00.000","Orange","FL","Passenger","1","0","1","75","76","1.315789473684210526315789474"
"2022-01-31T00:00:00.000","Ventura","CA","Passenger","1","1","2","205","207","0.9661835748792270531400966184"
"2021-12-31T00:00:00.000","Pacific","WA","Passenger","59","65","124","15935","16059","0.7721526869668098885360234137"
"2022-01-31T00:00:00.000","Vigo","IN","Passenger","1","0","1","3","4","25.00"
"2022-01-31T00:00:00.000","Wahkiakum","WA","Truck","0","0","0","1783","1783","0"
"2021-12-31T00:00:00.000","Pend Oreille","WA","Truck","1","0","1","5611","5612","0.01781895937277263007840342124"
"2021-12-31T00:00:00.000","Pennington","SD","Passenger","1","0","1","24","25","4.00"
"2022-01-31T00:00:00.000","Walla Walla","WA","Truck","7","0","7","13877","13884","0.05041774704696053010659752233"
"2021-12-31T00:00:00.000","Philadelphia","PA","Passenger","1","0","1","31","32","3.12500"
"2022-01-31T00:00:00.000","Whatcom","WA","Truck","29","0","29","42779","42808","0.06774434685105587740609231919"
"2021-12-31T00:00:00.000","Placer","CA","Passenger","1","0","1","56","57","1.754385964912280701754385965"
"2021-12-31T00:00:00.000","Queens","NY","Passenger","1","0","1","37","38","2.631578947368421052631578947"
"2022-02-28T00:00:00.000","Albemarle","VA","Passenger","2","0","2","21","23","8.695652173913043478260869565"
"2020-09-30T00:00:00.000","Boulder","CO","Passenger","1","1","2","29","31","6.451612903225806451612903226"
"2021-12-31T00:00:00.000","Salt Lake","UT","Passenger","1","0","1","111","112","0.8928571428571428571428571429"
"2022-02-28T00:00:00.000","Benton","WA","Passenger","656","450","1106","132355","133461","0.8287065135133110047129873146"
"2022-02-28T00:00:00.000","Benton","WA","Truck","31","0","31","42455","42486","0.07296521206985830626559337193"
"2020-08-31T00:00:00.000","Maricopa","AZ","Passenger","4","5","9","1069","1078","0.8348794063079777365491651206"
"2021-12-31T00:00:00.000","San Diego","CA","Passenger","12","10","22","2157","2179","1.009637448370812299219825608"
"2021-12-31T00:00:00.000","Sarasota","FL","Passenger","1","0","1","21","22","4.545454545454545454545454545"
"2020-08-31T00:00:00.000","Mason","WA","Passenger","195","141","336","48416","48752","0.6892024942566458811946176567"
"2020-08-31T00:00:00.000","Mason","WA","Truck","0","0","0","21320","21320","0"
"2021-12-31T00:00:00.000","Skagit","WA","Passenger","703","317","1020","90217","91237","1.117967491259028683538476714"
"2021-12-31T00:00:00.000","Skamania","WA","Truck","0","0","0","3952","3952","0"
"2020-09-30T00:00:00.000","Carson City","NV","Passenger","1","0","1","9","10","10.0"
"2022-02-28T00:00:00.000","Charles","MD","Passenger","1","1","2","48","50","4.00"
"2022-02-28T00:00:00.000","Chesapeake City","VA","Passenger","1","2","3","301","304","0.9868421052631578947368421053"
"2021-12-31T00:00:00.000","Virginia Beach City","VA","Passenger","2","0","2","468","470","0.4255319148936170212765957447"
"2021-12-31T00:00:00.000","Wahkiakum","WA","Truck","0","0","0","1804","1804","0"
"2022-02-28T00:00:00.000","Clallam","WA","Passenger","398","239","637","49045","49682","1.282154502636769856285978825"
"2020-09-30T00:00:00.000","Clackamas","OR","Passenger","1","0","1","148","149","0.6711409395973154362416107383"
"2022-02-28T00:00:00.000","Clallam","WA","Truck","6","0","6","21523","21529","0.02786938548005016489386409030"
"2020-09-30T00:00:00.000","Columbia","WA","Passenger","4","3","7","2492","2499","0.2801120448179271708683473389"
"2021-12-31T00:00:00.000","Whatcom","WA","Truck","29","0","29","43159","43188","0.06714828193016578679262758174"
"2020-08-31T00:00:00.000","Montgomery","AL","Passenger","0","2","2","35","37","5.405405405405405405405405405"
"2022-01-31T00:00:00.000","NULL","NULL","Passenger","5","6","11","1253","1264","0.8702531645569620253164556962"
"2020-09-30T00:00:00.000","Cumberland","NC","Passenger","0","3","3","456","459","0.6535947712418300653594771242"
"2022-01-31T00:00:00.000","Adams","WA","Passenger","17","16","33","12798","12831","0.2571896188917465513210194061"
"2022-01-31T00:00:00.000","Anne Arundel","MD","Passenger","3","4","7","316","323","2.167182662538699690402476780"
"2020-08-31T00:00:00.000","Moore","NC","Passenger","0","2","2","155","157","1.273885350318471337579617834"
"2022-01-31T00:00:00.000","Asotin","WA","Passenger","21","18","39","12433","12472","0.3127004490057729313662604233"
"2020-08-31T00:00:00.000","Norfolk City","VA","Passenger","2","1","3","353","356","0.8426966292134831460674157303"
"2022-02-28T00:00:00.000","Glacier","MT","Passenger","0","1","1","4","5","20.0"
"2020-09-30T00:00:00.000","Deschutes","OR","Passenger","1","0","1","102","103","0.9708737864077669902912621359"
"2022-02-28T00:00:00.000","Howard","MD","Passenger","0","1","1","61","62","1.612903225806451612903225806"
"2022-01-31T00:00:00.000","Calvert","MD","Passenger","0","2","2","75","77","2.597402597402597402597402597"
"2020-08-31T00:00:00.000","Orange","CA","Passenger","4","1","5","459","464","1.077586206896551724137931034"
"2020-09-30T00:00:00.000","Douglas","OR","Passenger","1","0","1","40","41","2.439024390243902439024390244"
"2020-09-30T00:00:00.000","Dupage","IL","Passenger","2","0","2","43","45","4.444444444444444444444444444"
"2022-02-28T00:00:00.000","Kings","CA","Passenger","1","0","1","274","275","0.3636363636363636363636363636"
"2022-02-28T00:00:00.000","Lincoln","WA","Passenger","8","17","25","7517","7542","0.3314770617873243171572527181"
"2020-08-31T00:00:00.000","Placer","CA","Passenger","1","0","1","76","77","1.298701298701298701298701299"
"2022-01-31T00:00:00.000","Douglas","WA","Passenger","113","59","172","28166","28338","0.6069588538358388030206789470"
"2022-02-28T00:00:00.000","Mason","WA","Truck","12","0","12","20486","20498","0.05854229680944482388525709825"
"2020-09-30T00:00:00.000","Goochland","VA","Passenger","3","1","4","152","156","2.564102564102564102564102564"
"2022-01-31T00:00:00.000","Flathead","MT","Passenger","1","0","1","25","26","3.846153846153846153846153846"
"2022-01-31T00:00:00.000","Franklin","WA","Passenger","174","107","281","61180","61461","0.4572005011307983924765298319"
"2020-09-30T00:00:00.000","Guadalupe","TX","Passenger","1","0","1","47","48","2.083333333333333333333333333"
"2022-02-28T00:00:00.000","Orange","CA","Passenger","3","1","4","316","320","1.2500"
"2022-01-31T00:00:00.000","Harris","TX","Passenger","1","0","1","106","107","0.9345794392523364485981308411"
"2020-09-30T00:00:00.000","Hennepin","MN","Passenger","1","0","1","73","74","1.351351351351351351351351351"
"2022-02-28T00:00:00.000","Pend Oreille","WA","Passenger","16","9","25","8767","8792","0.2843494085532302092811646952"
"2022-01-31T00:00:00.000","Howard","MD","Passenger","0","1","1","60","61","1.639344262295081967213114754"
"2022-02-28T00:00:00.000","Plaquemines","LA","Passenger","0","1","1","17","18","5.555555555555555555555555556"
"2022-01-31T00:00:00.000","Island","WA","Passenger","727","347","1074","61907","62981","1.705276194407837284260332481"
"2022-02-28T00:00:00.000","Riley","KS","Passenger","1","0","1","38","39","2.564102564102564102564102564"
"2020-08-31T00:00:00.000","Sarasota","FL","Passenger","1","0","1","18","19","5.263157894736842105263157895"
"2022-02-28T00:00:00.000","Sacramento","CA","Passenger","1","0","1","154","155","0.6451612903225806451612903226"
"2022-01-31T00:00:00.000","King","WA","Truck","226","1","227","179619","179846","0.1262190985621031326801819334"
"2022-01-31T00:00:00.000","Kings","CA","Passenger","1","0","1","284","285","0.3508771929824561403508771930"
"2022-01-31T00:00:00.000","Kitsap","WA","Truck","43","0","43","53589","53632","0.08017601431980906921241050119"
"2022-02-28T00:00:00.000","Shelby","OH","Passenger","0","1","1","0","1","100"
"2022-01-31T00:00:00.000","Lake","IL","Passenger","1","0","1","141","142","0.7042253521126760563380281690"
"2022-02-28T00:00:00.000","Stafford","VA","Passenger","2","0","2","75","77","2.597402597402597402597402597"
"2020-09-30T00:00:00.000","Jefferson","WA","Truck","0","0","0","9746","9746","0"
"2022-01-31T00:00:00.000","Lewis","WA","Truck","9","0","9","26147","26156","0.03440893102920935922923994495"
"2020-08-31T00:00:00.000","Stafford","VA","Passenger","1","0","1","82","83","1.204819277108433734939759036"
"2022-01-31T00:00:00.000","Lincoln","WA","Truck","0","0","0","4742","4742","0"
"2020-08-31T00:00:00.000","Suffolk City","VA","Passenger","1","0","1","120","121","0.8264462809917355371900826446"
"2022-02-28T00:00:00.000","Wahkiakum","WA","Passenger","17","11","28","2989","3017","0.9280742459396751740139211137"
"2020-09-30T00:00:00.000","Kitsap","WA","Passenger","1508","736","2244","183078","185322","1.210865412633146631268818597"
"2022-01-31T00:00:00.000","Montgomery","PA","Passenger","2","0","2","10","12","16.66666666666666666666666667"
"2022-01-31T00:00:00.000","Multnomah","OR","Passenger","1","3","4","432","436","0.9174311926605504587155963303"
"2020-08-31T00:00:00.000","Valencia","NM","Passenger","1","0","1","4","5","20.0"
"2022-01-31T00:00:00.000","Okanogan","WA","Truck","0","0","0","3766","3766","0"
"2022-01-31T00:00:00.000","Pierce","WA","Truck","86","0","86","142053","142139","0.06050415438408881447034241130"
"2022-01-31T00:00:00.000","Platte","MO","Passenger","1","0","1","14","15","6.666666666666666666666666667"
"2020-09-30T00:00:00.000","Ada","ID","Passenger","0","1","1","223","224","0.4464285714285714285714285714"
"2020-09-30T00:00:00.000","Adams","WA","Truck","0","0","0","5490","5490","0"
"2022-01-31T00:00:00.000","Riverside","CA","Passenger","3","0","3","379","382","0.7853403141361256544502617801"
"2020-09-30T00:00:00.000","Alameda","CA","Passenger","1","0","1","239","240","0.4166666666666666666666666667"
"2022-01-31T00:00:00.000","Saint Marys","MD","Passenger","1","1","2","144","146","1.369863013698630136986301370"
"2022-01-31T00:00:00.000","Santa Clara","CA","Passenger","3","0","3","150","153","1.960784313725490196078431373"
"2020-09-30T00:00:00.000","Arlington","VA","Passenger","0","2","2","128","130","1.538461538461538461538461538"
"2020-09-30T00:00:00.000","Manassas City","VA","Passenger","0","1","1","5","6","16.66666666666666666666666667"
"2020-09-30T00:00:00.000","Bartow","GA","Passenger","0","1","1","3","4","25.00"
"2022-01-31T00:00:00.000","Walla Walla","WA","Passenger","143","91","234","35752","35986","0.6502528761184905240927027177"
"2020-09-30T00:00:00.000","Montgomery","MD","Passenger","1","4","5","222","227","2.202643171806167400881057269"
"2022-02-28T00:00:00.000","NULL","WA","Passenger","0","0","0","3","3","0"
"2020-09-30T00:00:00.000","Clark","NV","Passenger","2","1","3","585","588","0.5102040816326530612244897959"
"2020-09-30T00:00:00.000","Oldham","KY","Passenger","0","1","1","4","5","20.0"
"2022-02-28T00:00:00.000","Carroll","MD","Passenger","0","1","1","9","10","10.0"
"2022-02-28T00:00:00.000","Chaves","NM","Passenger","1","0","1","3","4","25.00"
"2020-09-30T00:00:00.000","Columbia","GA","Passenger","1","1","2","135","137","1.459854014598540145985401460"
"2020-09-30T00:00:00.000","Pacific","WA","Passenger","41","39","80","15969","16049","0.4984734251355224624587201695"
"2022-02-28T00:00:00.000","Clark","WA","Passenger","3630","1571","5201","310515","315716","1.647366620633734115470866222"
"2020-09-30T00:00:00.000","Cowlitz","WA","Truck","0","0","0","29679","29679","0"
"2020-09-30T00:00:00.000","Pierce","WA","Passenger","2811","1830","4641","563645","568286","0.8166662560752860355525210897"
"2022-02-28T00:00:00.000","Denton","TX","Passenger","1","0","1","36","37","2.702702702702702702702702703"
"2020-09-30T00:00:00.000","Pinellas","FL","Passenger","1","1","2","75","77","2.597402597402597402597402597"
"2022-02-28T00:00:00.000","El Paso","CO","Passenger","1","1","2","472","474","0.4219409282700421940928270042"
"2020-09-30T00:00:00.000","Placer","CA","Passenger","1","0","1","77","78","1.282051282051282051282051282"
"2020-09-30T00:00:00.000","Dekalb","IN","Passenger","1","0","1","1","2","50.0"
"2022-02-28T00:00:00.000","Ferry","WA","Truck","0","0","0","3425","3425","0"
"2022-02-28T00:00:00.000","Fresno","CA","Passenger","1","0","1","127","128","0.7812500"
"2020-09-30T00:00:00.000","El Dorado","CA","Passenger","1","0","1","28","29","3.448275862068965517241379310"
"2022-02-28T00:00:00.000","Greene","MO","Passenger","0","1","1","13","14","7.142857142857142857142857143"
"2022-02-28T00:00:00.000","Hamilton","IN","Passenger","1","0","1","15","16","6.2500"
"2020-09-30T00:00:00.000","El Paso","TX","Passenger","2","0","2","407","409","0.4889975550122249388753056235"
"2020-09-30T00:00:00.000","Putnam","TN","Passenger","0","1","1","1","2","50.0"
"2020-09-30T00:00:00.000","Fairbanks North Star","AK","Passenger","0","1","1","91","92","1.086956521739130434782608696"
"2022-02-28T00:00:00.000","Jefferson","WA","Passenger","392","200","592","24113","24705","2.396276057478243270592997369"
"2020-09-30T00:00:00.000","Saint Louis","MO","Passenger","1","0","1","59","60","1.666666666666666666666666667"
"2020-09-30T00:00:00.000","Ferry","WA","Passenger","8","3","11","4449","4460","0.2466367713004484304932735426"
"2022-02-28T00:00:00.000","Klickitat","WA","Passenger","90","48","138","14869","15007","0.9195708669287665755980542414"
"2020-09-30T00:00:00.000","Frederick","MD","Passenger","2","1","3","74","77","3.896103896103896103896103896"
"2020-09-30T00:00:00.000","Sarasota","FL","Passenger","1","0","1","19","20","5.00"
"2022-02-28T00:00:00.000","Nueces","TX","Passenger","1","0","1","52","53","1.886792452830188679245283019"
"2020-09-30T00:00:00.000","Grant","WA","Truck","0","0","0","28114","28114","0"
"2022-02-28T00:00:00.000","Okanogan","NULL","Passenger","60","37","97","20040","20137","0.4817003525847941600039727864"
"2020-09-30T00:00:00.000","Grays Harbor","WA","Truck","0","0","0","21478","21478","0"
"2022-02-28T00:00:00.000","Prince Georges","MD","Passenger","1","0","1","112","113","0.8849557522123893805309734513"
"2020-09-30T00:00:00.000","Harrison","MS","Passenger","1","0","1","54","55","1.818181818181818181818181818"
"2022-02-28T00:00:00.000","Prince William","VA","Passenger","1","1","2","182","184","1.086956521739130434782608696"
"2020-09-30T00:00:00.000","Suffolk City","VA","Passenger","1","0","1","120","121","0.8264462809917355371900826446"
"2022-02-28T00:00:00.000","Rock Island","IL","Passenger","0","1","1","12","13","7.692307692307692307692307692"
"2020-09-30T00:00:00.000","Hidalgo","TX","Passenger","0","1","1","62","63","1.587301587301587301587301587"
"2020-09-30T00:00:00.000","Twin Falls","ID","Passenger","0","1","1","18","19","5.263157894736842105263157895"
"2022-02-28T00:00:00.000","San Juan","WA","Passenger","466","146","612","13751","14363","4.260948269860057091136949105"
"2020-09-30T00:00:00.000","Utah","UT","Passenger","0","1","1","104","105","0.9523809523809523809523809524"
"2022-02-28T00:00:00.000","Skagit","WA","Truck","23","0","23","31646","31669","0.07262622754112854842274779753"
"2022-02-28T00:00:00.000","Snohomish","WA","Truck","107","0","107","121589","121696","0.08792400736260846699973704970"
"2022-02-28T00:00:00.000","Stevens","WA","Truck","2","0","2","18260","18262","0.01095170298981491621947212792"
"2022-02-28T00:00:00.000","Tipton","TN","Passenger","1","0","1","11","12","8.333333333333333333333333333"
"2020-09-30T00:00:00.000","Whitman","WA","Passenger","49","50","99","22474","22573","0.4385770610906835600053160856"
"2022-02-28T00:00:00.000","Washoe","NV","Passenger","1","0","1","42","43","2.325581395348837209302325581"
"2022-02-28T00:00:00.000","Whitman","WA","Truck","5","0","5","8350","8355","0.05984440454817474566128067026"
"2022-02-28T00:00:00.000","Williams","ND","Passenger","0","1","1","7","8","12.500"
"2020-09-30T00:00:00.000","Yakima","WA","Truck","0","0","0","62444","62444","0"
"2022-02-28T00:00:00.000","Wilson","NC","Passenger","1","0","1","0","1","100"
"2022-02-28T00:00:00.000","Yakima","WA","Passenger","311","186","497","163716","164213","0.3026556971737925742785284965"
"2022-02-28T00:00:00.000","Yamhill","OR","Passenger","1","0","1","25","26","3.846153846153846153846153846"
"2020-09-30T00:00:00.000","Liberty","GA","Passenger","1","0","1","115","116","0.8620689655172413793103448276"
"2020-10-31T00:00:00.000","Anne Arundel","MD","Passenger","1","3","4","393","397","1.007556675062972292191435768"
"2020-10-31T00:00:00.000","Asotin","WA","Passenger","18","15","33","12696","12729","0.2592505302851755833136931416"
"2020-09-30T00:00:00.000","Maricopa","AZ","Passenger","4","5","9","1051","1060","0.8490566037735849056603773585"
"2020-09-30T00:00:00.000","Monterey","CA","Passenger","1","0","1","169","170","0.5882352941176470588235294118"
"2020-10-31T00:00:00.000","Calvert","MD","Passenger","0","2","2","82","84","2.380952380952380952380952381"
"2020-09-30T00:00:00.000","New Castle","DE","Passenger","1","0","1","23","24","4.166666666666666666666666667"
"2020-10-31T00:00:00.000","Charleston","SC","Passenger","1","0","1","85","86","1.162790697674418604651162791"
"2020-10-31T00:00:00.000","Clark","WA","Truck","0","0","0","84912","84912","0"
"2020-09-30T00:00:00.000","Ozaukee","WI","Passenger","0","1","1","3","4","25.00"
"2020-10-31T00:00:00.000","Douglas","WA","Passenger","82","44","126","28634","28760","0.4381084840055632823365785814"
"2020-10-31T00:00:00.000","Fairbanks North Star","AK","Passenger","0","1","1","92","93","1.075268817204301075268817204"
"2020-10-31T00:00:00.000","Fairfax","VA","Passenger","5","5","10","670","680","1.470588235294117647058823529"
"2020-09-30T00:00:00.000","San Diego","CA","Passenger","14","8","22","2745","2767","0.7950849295265630646910010842"
"2020-10-31T00:00:00.000","Ferry","WA","Passenger","8","3","11","4483","4494","0.2447708055184690698709390298"
"2020-09-30T00:00:00.000","San Juan","WA","Truck","0","0","0","6017","6017","0"
"2020-09-30T00:00:00.000","Shelby","TN","Passenger","0","1","1","75","76","1.315789473684210526315789474"
"2020-10-31T00:00:00.000","Grays Harbor","WA","Truck","0","0","0","21486","21486","0"
"2020-10-31T00:00:00.000","Harrison","MS","Passenger","1","0","1","54","55","1.818181818181818181818181818"
"2020-10-31T00:00:00.000","Howard","IN","Passenger","0","1","1","2","3","33.33333333333333333333333333"
"2020-10-31T00:00:00.000","Island","WA","Passenger","482","304","786","64126","64912","1.210870101059896475228000986"
"2020-10-31T00:00:00.000","Kittitas","WA","Passenger","127","52","179","30382","30561","0.5857138182651091260102745329"
"2020-10-31T00:00:00.000","Benton","WA","Passenger","418","349","767","137371","138138","0.5552418595896856766421983813"
"2020-10-31T00:00:00.000","Lewis","WA","Truck","0","0","0","27091","27091","0"
"2020-10-31T00:00:00.000","Lincoln","WA","Truck","0","0","0","4769","4769","0"
"2020-10-31T00:00:00.000","Bryan","GA","Passenger","1","0","1","57","58","1.724137931034482758620689655"
"2020-10-31T00:00:00.000","Maricopa","AZ","Passenger","4","4","8","1028","1036","0.7722007722007722007722007722"
"2020-10-31T00:00:00.000","Clackamas","OR","Passenger","1","0","1","147","148","0.6756756756756756756756756757"
"2020-10-31T00:00:00.000","Clallam","WA","Passenger","267","178","445","50844","51289","0.8676324358049484294878044025"
"2020-10-31T00:00:00.000","Nassau","NY","Passenger","2","0","2","21","23","8.695652173913043478260869565"
"2020-10-31T00:00:00.000","New Castle","DE","Passenger","1","0","1","22","23","4.347826086956521739130434783"
"2020-10-31T00:00:00.000","Duval","FL","Passenger","0","1","1","319","320","0.312500"
"2020-10-31T00:00:00.000","Pend Oreille","WA","Truck","0","0","0","5893","5893","0"
"2020-10-31T00:00:00.000","Ferry","WA","Truck","0","0","0","3698","3698","0"
"2020-10-31T00:00:00.000","Flathead","MT","Passenger","1","0","1","45","46","2.173913043478260869565217391"
"2020-10-31T00:00:00.000","Placer","CA","Passenger","1","0","1","76","77","1.298701298701298701298701299"
"2020-10-31T00:00:00.000","Powhatan","VA","Passenger","1","0","1","0","1","100"
"2020-10-31T00:00:00.000","Garfield","WA","Truck","0","0","0","1014","1014","0"
"2020-10-31T00:00:00.000","Goochland","VA","Passenger","3","1","4","149","153","2.614379084967320261437908497"
"2020-10-31T00:00:00.000","Howard","MD","Passenger","0","1","1","73","74","1.351351351351351351351351351"
"2020-10-31T00:00:00.000","San Francisco","CA","Passenger","1","1","2","81","83","2.409638554216867469879518072"
"2020-10-31T00:00:00.000","Sarasota","FL","Passenger","1","0","1","19","20","5.00"
"2020-10-31T00:00:00.000","Skamania","WA","Truck","0","0","0","4128","4128","0"
"2020-10-31T00:00:00.000","Spokane","WA","Passenger","873","563","1436","325865","327301","0.4387398755274197145746575782"
"2020-10-31T00:00:00.000","Kitsap","WA","Passenger","1548","752","2300","183087","185387","1.240647941872946862509237433"
"2020-10-31T00:00:00.000","Suffolk City","VA","Passenger","1","0","1","120","121","0.8264462809917355371900826446"
"2020-10-31T00:00:00.000","Leon","FL","Passenger","1","0","1","8","9","11.11111111111111111111111111"
"2020-10-31T00:00:00.000","Lincoln","WA","Passenger","6","10","16","7784","7800","0.2051282051282051282051282051"
"2020-10-31T00:00:00.000","Utah","UT","Passenger","0","1","1","102","103","0.9708737864077669902912621359"
"2020-10-31T00:00:00.000","Wahkiakum","WA","Truck","0","0","0","1802","1802","0"
"2020-10-31T00:00:00.000","Walla Walla","WA","Passenger","90","68","158","36818","36976","0.4273041973171787105149286023"
"2020-10-31T00:00:00.000","Washtenaw","MI","Passenger","1","0","1","22","23","4.347826086956521739130434783"
"2020-10-31T00:00:00.000","Mason","WA","Truck","0","0","0","21339","21339","0"
"2020-10-31T00:00:00.000","Whatcom","WA","Truck","3","0","3","44428","44431","0.006752042492854088361729423151"
"2020-10-31T00:00:00.000","Williamson","TX","Passenger","1","0","1","95","96","1.041666666666666666666666667"
"2020-10-31T00:00:00.000","Monroe","IL","Passenger","1","0","1","2","3","33.33333333333333333333333333"
"2020-11-30T00:00:00.000","Adams","WA","Passenger","10","9","19","13249","13268","0.1432016882725354235755200482"
"2020-10-31T00:00:00.000","Nassau","FL","Passenger","1","0","1","23","24","4.166666666666666666666666667"
"2020-10-31T00:00:00.000","Orange","CA","Passenger","3","2","5","446","451","1.108647450110864745011086475"
"2020-10-31T00:00:00.000","Platte","MO","Passenger","1","0","1","20","21","4.761904761904761904761904762"
"2020-11-30T00:00:00.000","Clark","NV","Passenger","3","1","4","572","576","0.6944444444444444444444444444"
"2020-11-30T00:00:00.000","Columbia","GA","Passenger","1","0","1","134","135","0.7407407407407407407407407407"
"2020-11-30T00:00:00.000","Columbia","WA","Truck","0","0","0","1564","1564","0"
"2020-11-30T00:00:00.000","Contra Costa","CA","Passenger","2","0","2","160","162","1.234567901234567901234567901"
"2020-10-31T00:00:00.000","Riley","KS","Passenger","1","0","1","60","61","1.639344262295081967213114754"
"2020-10-31T00:00:00.000","Santa Barbara","CA","Passenger","1","0","1","80","81","1.234567901234567901234567901"
"2020-11-30T00:00:00.000","Dekalb","IN","Passenger","1","0","1","0","1","100"
"2020-11-30T00:00:00.000","District Of Columbia","DC","Passenger","2","2","4","202","206","1.941747572815533980582524272"
"2020-11-30T00:00:00.000","Duval","FL","Passenger","0","1","1","315","316","0.3164556962025316455696202532"
"2020-11-30T00:00:00.000","Flathead","MT","Passenger","1","0","1","44","45","2.222222222222222222222222222"
"2020-11-30T00:00:00.000","NULL","WA","Passenger","0","0","0","2","2","0"
"2020-11-30T00:00:00.000","Jones","GA","Passenger","1","0","1","1","2","50.0"
"2020-11-30T00:00:00.000","Alexandria City","VA","Passenger","4","0","4","133","137","2.919708029197080291970802920"
"2020-11-30T00:00:00.000","Bartow","GA","Passenger","0","1","1","3","4","25.00"
"2020-11-30T00:00:00.000","Lake","IL","Passenger","2","0","2","160","162","1.234567901234567901234567901"
"2020-11-30T00:00:00.000","Benton","WA","Passenger","440","358","798","137452","138250","0.5772151898734177215189873418"
"2020-11-30T00:00:00.000","Leon","FL","Passenger","1","0","1","8","9","11.11111111111111111111111111"
"2020-11-30T00:00:00.000","Carroll","MD","Passenger","0","1","1","15","16","6.2500"
"2020-11-30T00:00:00.000","Cascade","MT","Passenger","0","1","1","55","56","1.785714285714285714285714286"
"2020-11-30T00:00:00.000","Chaves","NM","Passenger","1","0","1","9","10","10.0"
"2020-11-30T00:00:00.000","Maui","HI","Passenger","1","0","1","27","28","3.571428571428571428571428571"
"2020-11-30T00:00:00.000","Multnomah","OR","Passenger","3","6","9","625","634","1.419558359621451104100946372"
"2020-11-30T00:00:00.000","Denton","TX","Passenger","1","0","1","55","56","1.785714285714285714285714286"
"2020-11-30T00:00:00.000","Orange","FL","Passenger","1","0","1","103","104","0.9615384615384615384615384615"
"2020-11-30T00:00:00.000","El Paso","CO","Passenger","1","0","1","628","629","0.1589825119236883942766295707"
"2020-11-30T00:00:00.000","Pierce","WA","Truck","0","0","0","147523","147523","0"
"2020-11-30T00:00:00.000","Ferry","WA","Passenger","8","3","11","4480","4491","0.2449343130705856156757960365"
"2020-11-30T00:00:00.000","Platte","MO","Passenger","1","0","1","20","21","4.761904761904761904761904762"
"2020-11-30T00:00:00.000","Ferry","WA","Truck","0","0","0","3692","3692","0"
"2020-11-30T00:00:00.000","Riverside","CA","Passenger","3","1","4","542","546","0.7326007326007326007326007326"
"2020-11-30T00:00:00.000","Greene","MO","Passenger","0","1","1","21","22","4.545454545454545454545454545"
"2020-11-30T00:00:00.000","Saint Marys","MD","Passenger","1","0","1","177","178","0.5617977528089887640449438202"
"2020-11-30T00:00:00.000","Harrison","MS","Passenger","1","0","1","56","57","1.754385964912280701754385965"
"2020-11-30T00:00:00.000","San Juan","WA","Truck","0","0","0","6026","6026","0"
"2020-11-30T00:00:00.000","Santa Clara","CA","Passenger","4","2","6","225","231","2.597402597402597402597402597"
"2020-11-30T00:00:00.000","Snohomish","WA","Passenger","5152","1930","7082","546942","554024","1.278283973257476210416877247"
"2020-11-30T00:00:00.000","Stevens","WA","Passenger","39","40","79","31028","31107","0.2539621307101295528337673193"
"2020-11-30T00:00:00.000","Tulsa","OK","Passenger","0","1","1","35","36","2.777777777777777777777777778"
"2020-11-30T00:00:00.000","Maricopa","AZ","Passenger","4","4","8","1009","1017","0.7866273352999016715830875123"
"2020-12-31T00:00:00.000","Asotin","WA","Truck","0","0","0","6829","6829","0"
"2020-11-30T00:00:00.000","Monroe","IL","Passenger","1","0","1","2","3","33.33333333333333333333333333"
"2020-12-31T00:00:00.000","Bay","FL","Passenger","1","0","1","31","32","3.12500"
"2020-12-31T00:00:00.000","Bexar","TX","Passenger","3","5","8","488","496","1.612903225806451612903225806"
"2020-12-31T00:00:00.000","Broward","FL","Passenger","1","1","2","95","97","2.061855670103092783505154639"
"2020-11-30T00:00:00.000","New Castle","DE","Passenger","1","0","1","22","23","4.347826086956521739130434783"
"2020-12-31T00:00:00.000","Caddo","LA","Passenger","1","0","1","10","11","9.090909090909090909090909091"
"2020-11-30T00:00:00.000","Norfolk City","VA","Passenger","2","1","3","343","346","0.8670520231213872832369942197"
"2020-11-30T00:00:00.000","Nueces","TX","Passenger","1","0","1","77","78","1.282051282051282051282051282"
"2020-12-31T00:00:00.000","Chaves","NM","Passenger","1","0","1","9","10","10.0"
"2020-12-31T00:00:00.000","Chelan","WA","Passenger","286","88","374","55507","55881","0.6692793615003310606467314472"
"2020-12-31T00:00:00.000","Cook","IL","Passenger","1","0","1","171","172","0.5813953488372093023255813953"
"2020-11-30T00:00:00.000","Placer","CA","Passenger","1","0","1","75","76","1.315789473684210526315789474"
"2020-12-31T00:00:00.000","Denton","TX","Passenger","1","0","1","54","55","1.818181818181818181818181818"
"2020-12-31T00:00:00.000","Douglas","WA","Truck","0","0","0","12758","12758","0"
"2020-11-30T00:00:00.000","Saginaw","MI","Passenger","1","0","1","8","9","11.11111111111111111111111111"
"2020-12-31T00:00:00.000","Duval","FL","Passenger","0","1","1","311","312","0.3205128205128205128205128205"
"2020-12-31T00:00:00.000","El Paso","TX","Passenger","2","0","2","389","391","0.5115089514066496163682864450"
"2020-11-30T00:00:00.000","San Diego","CA","Passenger","14","7","21","2705","2726","0.7703595011005135730007336757"
"2020-11-30T00:00:00.000","San Juan","WA","Passenger","359","110","469","14388","14857","3.156761122703102914451100491"
"2020-12-31T00:00:00.000","Ferry","WA","Truck","0","0","0","3694","3694","0"
"2020-11-30T00:00:00.000","San Mateo","CA","Passenger","0","1","1","98","99","1.010101010101010101010101010"
"2020-11-30T00:00:00.000","Santa Barbara","CA","Passenger","1","0","1","80","81","1.234567901234567901234567901"
"2020-11-30T00:00:00.000","Sarasota","FL","Passenger","1","0","1","19","20","5.00"
"2020-12-31T00:00:00.000","Fulton","GA","Passenger","1","2","3","78","81","3.703703703703703703703703704"
"2020-12-31T00:00:00.000","Garfield","WA","Passenger","0","2","2","1383","1385","0.1444043321299638989169675090"
"2020-12-31T00:00:00.000","Hamilton","IN","Passenger","1","0","1","27","28","3.571428571428571428571428571"
"2020-11-30T00:00:00.000","Suffolk City","VA","Passenger","1","0","1","120","121","0.8264462809917355371900826446"
"2020-12-31T00:00:00.000","Island","WA","Truck","0","0","0","21820","21820","0"
"2020-12-31T00:00:00.000","Kent","MI","Passenger","0","1","1","17","18","5.555555555555555555555555556"
"2020-11-30T00:00:00.000","Williams","ND","Passenger","0","1","1","11","12","8.333333333333333333333333333"
"2020-12-31T00:00:00.000","Klickitat","WA","Passenger","65","43","108","15351","15459","0.6986221618474674946633029303"
"2020-11-30T00:00:00.000","Yakima","WA","Passenger","182","131","313","170793","171106","0.1829275419915140322373265695"
"2020-12-31T00:00:00.000","NULL","CA","Passenger","1","2","3","205","208","1.442307692307692307692307692"
"2020-12-31T00:00:00.000","Allegheny","PA","Passenger","1","0","1","55","56","1.785714285714285714285714286"
"2020-12-31T00:00:00.000","Arapahoe","CO","Passenger","1","0","1","111","112","0.8928571428571428571428571429"
"2020-12-31T00:00:00.000","Bell","TX","Passenger","0","1","1","350","351","0.2849002849002849002849002849"
"2020-12-31T00:00:00.000","Benton","WA","Truck","0","0","0","44122","44122","0"
"2020-12-31T00:00:00.000","Missoula","MT","Passenger","1","0","1","47","48","2.083333333333333333333333333"
"2020-12-31T00:00:00.000","Monroe","IL","Passenger","1","0","1","2","3","33.33333333333333333333333333"
"2020-12-31T00:00:00.000","Montgomery","OH","Passenger","0","1","1","62","63","1.587301587301587301587301587"
"2020-12-31T00:00:00.000","Boone","MO","Passenger","0","1","1","7","8","12.500"
"2020-12-31T00:00:00.000","Bradley","TN","Passenger","1","1","2","0","2","100"
"2020-12-31T00:00:00.000","Moore","NC","Passenger","0","1","1","147","148","0.6756756756756756756756756757"
"2020-12-31T00:00:00.000","Calvert","MD","Passenger","0","2","2","84","86","2.325581395348837209302325581"
"2020-12-31T00:00:00.000","Nueces","TX","Passenger","1","0","1","76","77","1.298701298701298701298701299"
"2020-12-31T00:00:00.000","Charles","MD","Passenger","1","1","2","62","64","3.12500"
"2020-12-31T00:00:00.000","Pima","AZ","Passenger","1","1","2","266","268","0.7462686567164179104477611940"
"2020-12-31T00:00:00.000","Polk","FL","Passenger","1","0","1","54","55","1.818181818181818181818181818"
"2020-12-31T00:00:00.000","Clallam","WA","Truck","1","0","1","22299","22300","0.004484304932735426008968609865"
"2020-12-31T00:00:00.000","Prince William","VA","Passenger","1","2","3","212","215","1.395348837209302325581395349"
"2020-12-31T00:00:00.000","Davidson","TN","Passenger","1","0","1","43","44","2.272727272727272727272727273"
"2020-12-31T00:00:00.000","Saginaw","MI","Passenger","2","0","2","8","10","20.0"
"2020-12-31T00:00:00.000","Dekalb","GA","Passenger","1","0","1","62","63","1.587301587301587301587301587"
"2020-12-31T00:00:00.000","Saint Clair","IL","Passenger","1","0","1","134","135","0.7407407407407407407407407407"
"2020-12-31T00:00:00.000","Douglas","WA","Passenger","88","45","133","28719","28852","0.4609732427561347566893109663"
"2020-12-31T00:00:00.000","Santa Barbara","CA","Passenger","1","0","1","79","80","1.2500"
"2020-12-31T00:00:00.000","Erie","NY","Passenger","1","0","1","34","35","2.857142857142857142857142857"
"2020-12-31T00:00:00.000","Spokane","WA","Truck","0","0","0","102760","102760","0"
"2020-12-31T00:00:00.000","Fairfax","VA","Passenger","5","5","10","654","664","1.506024096385542168674698795"
"2020-12-31T00:00:00.000","Stevens","WA","Passenger","39","40","79","30970","31049","0.2544365357982543721214853941"
"2020-12-31T00:00:00.000","Flathead","MT","Passenger","1","0","1","41","42","2.380952380952380952380952381"
"2020-12-31T00:00:00.000","Thurston","WA","Passenger","1419","827","2246","200689","202935","1.106758321630078596594968832"
"2020-12-31T00:00:00.000","Howard","MD","Passenger","0","1","1","74","75","1.333333333333333333333333333"
"2020-12-31T00:00:00.000","Walla Walla","WA","Truck","0","0","0","14226","14226","0"
"2020-12-31T00:00:00.000","Island","WA","Passenger","527","308","835","64226","65061","1.283410952798143280920981848"
"2020-12-31T00:00:00.000","Yakima","WA","Passenger","187","137","324","170950","171274","0.1891705687961979051111085162"
"2021-01-31T00:00:00.000","NULL","WA","Passenger","0","0","0","2","2","0"
"2020-12-31T00:00:00.000","Kent","DE","Passenger","0","1","1","59","60","1.666666666666666666666666667"
"2021-01-31T00:00:00.000","Adams","WA","Truck","0","0","0","5495","5495","0"
"2020-12-31T00:00:00.000","Kitsap","WA","Truck","0","0","0","55406","55406","0"
"2020-12-31T00:00:00.000","Kittitas","WA","Truck","0","0","0","14992","14992","0"
"2021-01-31T00:00:00.000","Arapahoe","CO","Passenger","1","0","1","109","110","0.9090909090909090909090909091"
"2021-01-31T00:00:00.000","Bay","FL","Passenger","1","0","1","31","32","3.12500"
"2020-12-31T00:00:00.000","Lincoln","WA","Truck","0","0","0","4782","4782","0"
"2021-01-31T00:00:00.000","Carroll","MD","Passenger","0","1","1","14","15","6.666666666666666666666666667"
"2021-01-31T00:00:00.000","Chelan","WA","Passenger","302","87","389","55439","55828","0.6967829762843017840510138282"
"2021-01-31T00:00:00.000","Clark","WA","Passenger","2593","1255","3848","325046","328894","1.169981817850128004767493478"
"2020-12-31T00:00:00.000","Nassau","NY","Passenger","2","0","2","22","24","8.333333333333333333333333333"
"2020-12-31T00:00:00.000","Otero","NM","Passenger","0","1","1","32","33","3.030303030303030303030303030"
"2020-12-31T00:00:00.000","Pacific","WA","Truck","0","0","0","7949","7949","0"
"2020-12-31T00:00:00.000","Palm Beach","FL","Passenger","0","1","1","54","55","1.818181818181818181818181818"
"2020-12-31T00:00:00.000","Platte","MO","Passenger","1","0","1","20","21","4.761904761904761904761904762"
"2021-01-31T00:00:00.000","Douglas","WA","Truck","0","0","0","12756","12756","0"
"2021-01-31T00:00:00.000","El Dorado","CA","Passenger","1","0","1","27","28","3.571428571428571428571428571"
"2021-01-31T00:00:00.000","El Paso","CO","Passenger","1","0","1","614","615","0.1626016260162601626016260163"
"2021-01-31T00:00:00.000","Erie","NY","Passenger","1","0","1","35","36","2.777777777777777777777777778"
"2021-01-31T00:00:00.000","Frederick","MD","Passenger","2","1","3","71","74","4.054054054054054054054054054"
"2020-12-31T00:00:00.000","Saint Louis City","MO","Passenger","1","0","1","22","23","4.347826086956521739130434783"
"2021-01-31T00:00:00.000","Greene","MO","Passenger","0","1","1","21","22","4.545454545454545454545454545"
"2021-01-31T00:00:00.000","Hamilton","IN","Passenger","1","0","1","27","28","3.571428571428571428571428571"
"2020-12-31T00:00:00.000","Skamania","WA","Passenger","37","23","60","8562","8622","0.6958942240779401530967292971"
"2020-12-31T00:00:00.000","Sumter","FL","Passenger","0","1","1","9","10","10.0"
"2021-01-31T00:00:00.000","Island","WA","Truck","0","0","0","21837","21837","0"
"2020-12-31T00:00:00.000","Travis","TX","Passenger","1","0","1","138","139","0.7194244604316546762589928058"
"2020-12-31T00:00:00.000","Vigo","IN","Passenger","1","0","1","4","5","20.0"
"2020-12-31T00:00:00.000","Wahkiakum","WA","Passenger","6","8","14","3090","3104","0.4510309278350515463917525773"
"2020-12-31T00:00:00.000","Walla Walla","WA","Passenger","102","71","173","36890","37063","0.4667727922726168955562150932"
"2021-01-31T00:00:00.000","Klickitat","WA","Passenger","66","43","109","15345","15454","0.7053190112592209136793063285"
"2020-12-31T00:00:00.000","Whatcom","WA","Passenger","1296","574","1870","152800","154670","1.209025667550268313182905541"
"2020-12-31T00:00:00.000","Williamson","TX","Passenger","1","0","1","92","93","1.075268817204301075268817204"
"2021-01-31T00:00:00.000","Liberty","GA","Passenger","1","0","1","114","115","0.8695652173913043478260869565"
"2021-01-31T00:00:00.000","Alameda","CA","Passenger","2","0","2","231","233","0.8583690987124463519313304721"
"2021-01-31T00:00:00.000","Mason","WA","Passenger","212","148","360","48577","48937","0.7356397000224778797229090463"
"2021-01-31T00:00:00.000","Bexar","TX","Passenger","3","5","8","480","488","1.639344262295081967213114754"
"2021-01-31T00:00:00.000","Montgomery","AL","Passenger","0","1","1","33","34","2.941176470588235294117647059"
"2021-01-31T00:00:00.000","Boulder","CO","Passenger","1","1","2","28","30","6.666666666666666666666666667"
"2021-01-31T00:00:00.000","Montgomery","OH","Passenger","0","1","1","62","63","1.587301587301587301587301587"
"2021-01-31T00:00:00.000","Chelan","WA","Truck","0","0","0","23282","23282","0"
"2021-01-31T00:00:00.000","Otero","NM","Passenger","0","1","1","32","33","3.030303030303030303030303030"
"2021-01-31T00:00:00.000","Pacific","WA","Truck","0","0","0","7958","7958","0"
"2021-01-31T00:00:00.000","Clark","NV","Passenger","4","1","5","558","563","0.8880994671403197158081705151"
"2021-01-31T00:00:00.000","Pima","AZ","Passenger","1","1","2","254","256","0.7812500"
"2021-01-31T00:00:00.000","Polk","FL","Passenger","1","0","1","53","54","1.851851851851851851851851852"
"2021-01-31T00:00:00.000","Cowlitz","WA","Truck","0","0","0","29611","29611","0"
"2021-01-31T00:00:00.000","Dekalb","IN","Passenger","1","0","1","0","1","100"
"2021-01-31T00:00:00.000","Denver","CO","Passenger","1","0","1","97","98","1.020408163265306122448979592"
"2021-01-31T00:00:00.000","Deschutes","OR","Passenger","1","0","1","94","95","1.052631578947368421052631579"
"2021-01-31T00:00:00.000","El Paso","TX","Passenger","2","0","2","382","384","0.5208333333333333333333333333"
"2021-01-31T00:00:00.000","Sarpy","NE","Passenger","1","0","1","60","61","1.639344262295081967213114754"
"2021-01-31T00:00:00.000","Sevier","AR","Passenger","0","1","1","0","1","100"
"2021-01-31T00:00:00.000","Shelby","OH","Passenger","0","1","1","1","2","50.0"
"2021-01-31T00:00:00.000","Fulton","GA","Passenger","0","2","2","74","76","2.631578947368421052631578947"
"2021-01-31T00:00:00.000","Skamania","WA","Passenger","38","24","62","8540","8602","0.7207626133457335503371308998"
"2021-01-31T00:00:00.000","Grant","WA","Truck","0","0","0","28308","28308","0"
"2021-01-31T00:00:00.000","Grays Harbor","WA","Truck","0","0","0","21564","21564","0"
"2021-01-31T00:00:00.000","Tipton","TN","Passenger","1","0","1","12","13","7.692307692307692307692307692"
"2021-01-31T00:00:00.000","Vigo","IN","Passenger","1","0","1","4","5","20.0"
"2021-01-31T00:00:00.000","Walla Walla","WA","Truck","0","0","0","14246","14246","0"
"2021-01-31T00:00:00.000","Whatcom","WA","Passenger","1327","588","1915","152748","154663","1.238175905032231367553972185"
"2021-01-31T00:00:00.000","Whitman","WA","Truck","1","0","1","8690","8691","0.01150615579334944195144402255"
"2021-01-31T00:00:00.000","Jones","GA","Passenger","1","0","1","1","2","50.0"
"2021-01-31T00:00:00.000","Williams","ND","Passenger","0","1","1","12","13","7.692307692307692307692307692"
"2021-01-31T00:00:00.000","Kern","CA","Passenger","1","1","2","206","208","0.9615384615384615384615384615"
"2021-01-31T00:00:00.000","King","WA","Passenger","28512","8546","37058","1386965","1424023","2.602345608181890320591732016"
"2021-02-28T00:00:00.000","Alexandria City","VA","Passenger","4","0","4","133","137","2.919708029197080291970802920"
"2021-01-31T00:00:00.000","Leavenworth","KS","Passenger","0","1","1","114","115","0.8695652173913043478260869565"
"2021-01-31T00:00:00.000","Lewis","WA","Passenger","139","136","275","59867","60142","0.4572511722257324332413288550"
"2021-02-28T00:00:00.000","Boulder","CO","Passenger","1","1","2","29","31","6.451612903225806451612903226"
"2021-01-31T00:00:00.000","Manassas City","VA","Passenger","0","1","1","5","6","16.66666666666666666666666667"
"2021-02-28T00:00:00.000","Columbia","WA","Passenger","5","4","9","2514","2523","0.3567181926278240190249702735"
"2021-01-31T00:00:00.000","Okanogan","WA","Passenger","10","5","15","5868","5883","0.2549719530851606323304436512"
"2021-01-31T00:00:00.000","Oldham","KY","Passenger","0","1","1","4","5","20.0"
"2021-02-28T00:00:00.000","Deschutes","OR","Passenger","1","0","1","93","94","1.063829787234042553191489362"
"2021-02-28T00:00:00.000","Douglas","OR","Passenger","1","0","1","32","33","3.030303030303030303030303030"
"2021-01-31T00:00:00.000","Pierce","WA","Passenger","3210","1901","5111","564669","569780","0.8970128821650461581663098038"
"2021-02-28T00:00:00.000","Dupage","IL","Passenger","1","0","1","40","41","2.439024390243902439024390244"
"2021-01-31T00:00:00.000","Putnam","TN","Passenger","0","1","1","1","2","50.0"
"2021-02-28T00:00:00.000","Glacier","MT","Passenger","0","1","1","4","5","20.0"
"2021-01-31T00:00:00.000","San Juan","WA","Truck","0","0","0","6017","6017","0"
"2021-02-28T00:00:00.000","Hennepin","MN","Passenger","1","0","1","66","67","1.492537313432835820895522388"
"2021-02-28T00:00:00.000","Jefferson","WA","Truck","0","0","0","9751","9751","0"
"2021-01-31T00:00:00.000","Spokane","WA","Truck","0","0","0","102835","102835","0"
"2021-01-31T00:00:00.000","Thurston","WA","Passenger","1445","841","2286","200621","202907","1.126624512707792239794585697"
"2021-01-31T00:00:00.000","Thurston","WA","Truck","0","0","0","57351","57351","0"
"2021-02-28T00:00:00.000","Lincoln","WA","Passenger","8","13","21","7806","7827","0.2683020314296665389037945573"
"2021-02-28T00:00:00.000","NULL","CA","Passenger","1","3","4","201","205","1.951219512195121951219512195"
"2021-02-28T00:00:00.000","Allegheny","PA","Passenger","1","0","1","54","55","1.818181818181818181818181818"
"2021-02-28T00:00:00.000","Manassas City","VA","Passenger","0","1","1","5","6","16.66666666666666666666666667"
"2021-02-28T00:00:00.000","Anchorage","AK","Passenger","1","0","1","133","134","0.7462686567164179104477611940"
"2021-02-28T00:00:00.000","Arapahoe","CO","Passenger","1","0","1","107","108","0.9259259259259259259259259259"
"2021-02-28T00:00:00.000","Mason","WA","Truck","0","0","0","21454","21454","0"
"2021-02-28T00:00:00.000","Bay","FL","Passenger","1","0","1","31","32","3.12500"
"2021-02-28T00:00:00.000","Bell","TX","Passenger","0","1","1","344","345","0.2898550724637681159420289855"
"2021-02-28T00:00:00.000","Benton","WA","Truck","0","0","0","44191","44191","0"
"2021-02-28T00:00:00.000","Montgomery","MD","Passenger","2","4","6","214","220","2.727272727272727272727272727"
"2021-02-28T00:00:00.000","Nassau","FL","Passenger","1","0","1","18","19","5.263157894736842105263157895"
"2021-02-28T00:00:00.000","Boone","MO","Passenger","0","1","1","7","8","12.500"
"2021-02-28T00:00:00.000","Bucks","PA","Passenger","1","0","1","19","20","5.00"
"2021-02-28T00:00:00.000","Okanogan","WA","Passenger","10","5","15","5864","5879","0.2551454328967511481544480354"
"2021-02-28T00:00:00.000","Camden","GA","Passenger","1","1","2","128","130","1.538461538461538461538461538"
"2021-02-28T00:00:00.000","Oldham","KY","Passenger","0","1","1","4","5","20.0"
"2021-02-28T00:00:00.000","Orange","CA","Passenger","3","2","5","422","427","1.170960187353629976580796253"
"2021-02-28T00:00:00.000","Pacific","WA","Passenger","45","43","88","16058","16146","0.5450266319831537222841570668"
"2021-02-28T00:00:00.000","Charles","MD","Passenger","1","1","2","62","64","3.12500"
"2021-02-28T00:00:00.000","Pend Oreille","WA","Passenger","12","4","16","9429","9445","0.1694017998941238750661725781"
"2021-02-28T00:00:00.000","Pierce","WA","Passenger","3273","1921","5194","564043","569237","0.9124494718368623262366993010"
"2021-02-28T00:00:00.000","Clallam","WA","Truck","1","0","1","22334","22335","0.004477277815088426236847996418"
"2021-02-28T00:00:00.000","Pinellas","FL","Passenger","1","1","2","67","69","2.898550724637681159420289855"
"2021-02-28T00:00:00.000","Plaquemines","LA","Passenger","0","1","1","15","16","6.2500"
"2021-02-28T00:00:00.000","Putnam","TN","Passenger","0","1","1","1","2","50.0"
"2021-02-28T00:00:00.000","Riley","KS","Passenger","1","0","1","57","58","1.724137931034482758620689655"
"2021-02-28T00:00:00.000","Davidson","TN","Passenger","1","0","1","42","43","2.325581395348837209302325581"
"2021-02-28T00:00:00.000","Dekalb","GA","Passenger","1","0","1","57","58","1.724137931034482758620689655"
"2021-02-28T00:00:00.000","District Of Columbia","DC","Passenger","2","2","4","203","207","1.932367149758454106280193237"
"2021-02-28T00:00:00.000","Douglas","NE","Passenger","1","1","2","41","43","4.651162790697674418604651163"
"2021-02-28T00:00:00.000","Erie","NY","Passenger","1","0","1","35","36","2.777777777777777777777777778"
"2021-02-28T00:00:00.000","Spartanburg","SC","Passenger","0","1","1","35","36","2.777777777777777777777777778"
"2021-02-28T00:00:00.000","Twin Falls","ID","Passenger","0","1","1","14","15","6.666666666666666666666666667"
"2021-02-28T00:00:00.000","Guadalupe","TX","Passenger","1","0","1","42","43","2.325581395348837209302325581"
"2021-02-28T00:00:00.000","Kent","DE","Passenger","0","1","1","59","60","1.666666666666666666666666667"
"2021-02-28T00:00:00.000","Kittitas","WA","Passenger","150","56","206","30428","30634","0.6724554416661226088659659202"
"2021-03-31T00:00:00.000","Anchorage","AK","Passenger","1","0","1","133","134","0.7462686567164179104477611940"
"2021-02-28T00:00:00.000","Kittitas","WA","Truck","0","0","0","14994","14994","0"
"2021-03-31T00:00:00.000","Anne Arundel","MD","Passenger","3","3","6","375","381","1.574803149606299212598425197"
"2021-02-28T00:00:00.000","Klamath","OR","Passenger","1","0","1","21","22","4.545454545454545454545454545"
"2021-03-31T00:00:00.000","Asotin","WA","Passenger","18","15","33","12792","12825","0.2573099415204678362573099415"
"2021-02-28T00:00:00.000","Los Angeles","CA","Passenger","7","7","14","829","843","1.660735468564650059311981020"
"2021-03-31T00:00:00.000","Boulder","CO","Passenger","1","1","2","29","31","6.451612903225806451612903226"
"2021-02-28T00:00:00.000","Maui","HI","Passenger","1","0","1","26","27","3.703703703703703703703703704"
"2021-03-31T00:00:00.000","Camden","GA","Passenger","1","1","2","127","129","1.550387596899224806201550388"
"2021-02-28T00:00:00.000","Muscogee","GA","Passenger","0","1","1","159","160","0.62500"
"2021-02-28T00:00:00.000","Otero","NM","Passenger","0","1","1","32","33","3.030303030303030303030303030"
"2021-03-31T00:00:00.000","Columbia","WA","Passenger","5","4","9","2524","2533","0.3553099091985787603632056850"
"2021-02-28T00:00:00.000","Pacific","WA","Truck","0","0","0","7970","7970","0"
"2021-02-28T00:00:00.000","Palm Beach","FL","Passenger","0","1","1","53","54","1.851851851851851851851851852"
"2021-02-28T00:00:00.000","Pend Oreille","WA","Truck","1","0","1","5876","5877","0.01701548409052237536157903692"
"2021-02-28T00:00:00.000","Pennington","SD","Passenger","1","0","1","32","33","3.030303030303030303030303030"
"2021-03-31T00:00:00.000","Douglas","NE","Passenger","1","1","2","40","42","4.761904761904761904761904762"
"2021-03-31T00:00:00.000","Douglas","OR","Passenger","1","0","1","31","32","3.12500"
"2021-02-28T00:00:00.000","Pima","AZ","Passenger","1","1","2","252","254","0.7874015748031496062992125984"
"2021-03-31T00:00:00.000","Dupage","IL","Passenger","1","0","1","40","41","2.439024390243902439024390244"
"2021-02-28T00:00:00.000","Polk","FL","Passenger","1","0","1","51","52","1.923076923076923076923076923"
"2021-03-31T00:00:00.000","Fairbanks North Star","AK","Passenger","0","1","1","85","86","1.162790697674418604651162791"
"2021-03-31T00:00:00.000","Ferry","WA","Passenger","10","3","13","4448","4461","0.2914144810580587312261824703"
"2021-02-28T00:00:00.000","Saint Louis City","MO","Passenger","1","0","1","21","22","4.545454545454545454545454545"
"2021-02-28T00:00:00.000","Sevier","AR","Passenger","0","1","1","0","1","100"
"2021-03-31T00:00:00.000","Guadalupe","TX","Passenger","1","0","1","39","40","2.500"
"2021-02-28T00:00:00.000","Skagit","WA","Passenger","566","269","835","92937","93772","0.8904577059250095977477285330"
"2021-03-31T00:00:00.000","Harrison","MS","Passenger","2","0","2","51","53","3.773584905660377358490566038"
"2021-02-28T00:00:00.000","Skamania","WA","Passenger","41","25","66","8492","8558","0.7712082262210796915167095116"
"2021-03-31T00:00:00.000","Hennepin","MN","Passenger","1","0","1","65","66","1.515151515151515151515151515"
"2021-02-28T00:00:00.000","Snohomish","WA","Passenger","5471","1986","7457","546072","553529","1.347174222127476609174948377"
"2021-02-28T00:00:00.000","Sumter","FL","Passenger","0","1","1","9","10","10.0"
"2021-02-28T00:00:00.000","Travis","TX","Passenger","1","0","1","128","129","0.7751937984496124031007751938"
"2021-02-28T00:00:00.000","Vigo","IN","Passenger","1","0","1","3","4","25.00"
"2021-02-28T00:00:00.000","Virginia Beach City","VA","Passenger","2","0","2","576","578","0.3460207612456747404844290657"
"2021-02-28T00:00:00.000","Wahkiakum","WA","Passenger","8","7","15","3091","3106","0.4829362524146812620734063104"
"2021-02-28T00:00:00.000","Wahkiakum","WA","Truck","0","0","0","1817","1817","0"
"2021-03-31T00:00:00.000","Jefferson","WA","Truck","0","0","0","9752","9752","0"
"2021-02-28T00:00:00.000","Washtenaw","MI","Passenger","1","0","1","22","23","4.347826086956521739130434783"
"2021-02-28T00:00:00.000","Whatcom","WA","Passenger","1351","596","1947","152586","154533","1.259925064549319562811826600"
"2021-03-31T00:00:00.000","Kitsap","WA","Truck","2","0","2","55264","55266","0.003618861506170158868020120870"
"2021-03-31T00:00:00.000","Klamath","OR","Passenger","1","0","1","20","21","4.761904761904761904761904762"
"2021-03-31T00:00:00.000","Adams","WA","Passenger","10","11","21","13226","13247","0.1585264588208651015324224353"
"2021-03-31T00:00:00.000","Maricopa","AZ","Passenger","2","2","4","904","908","0.4405286343612334801762114537"
"2021-03-31T00:00:00.000","Chelan","WA","Truck","0","0","0","23350","23350","0"
"2021-03-31T00:00:00.000","Milwaukee","WI","Passenger","1","0","1","33","34","2.941176470588235294117647059"
"2021-03-31T00:00:00.000","Montgomery","MD","Passenger","2","4","6","214","220","2.727272727272727272727272727"
"2021-03-31T00:00:00.000","Columbia","WA","Truck","1","0","1","1577","1578","0.06337135614702154626108998733"
"2021-03-31T00:00:00.000","Muscogee","GA","Passenger","0","1","1","157","158","0.6329113924050632911392405063"
"2021-03-31T00:00:00.000","Contra Costa","CA","Passenger","1","0","1","150","151","0.6622516556291390728476821192"
"2021-03-31T00:00:00.000","New Castle","DE","Passenger","1","0","1","20","21","4.761904761904761904761904762"
"2021-03-31T00:00:00.000","Denver","CO","Passenger","1","0","1","90","91","1.098901098901098901098901099"
"2021-03-31T00:00:00.000","Deschutes","OR","Passenger","1","0","1","92","93","1.075268817204301075268817204"
"2021-03-31T00:00:00.000","Pacific","WA","Passenger","47","46","93","16136","16229","0.5730482469653090147267237661"
"2021-03-31T00:00:00.000","Pennington","SD","Passenger","1","0","1","30","31","3.225806451612903225806451613"
"2021-03-31T00:00:00.000","Placer","CA","Passenger","1","0","1","68","69","1.449275362318840579710144928"
"2021-03-31T00:00:00.000","Franklin","WA","Passenger","108","93","201","62637","62838","0.3198701422706005919984722620"
"2021-03-31T00:00:00.000","Queens","NY","Passenger","1","0","1","44","45","2.222222222222222222222222222"
"2021-03-31T00:00:00.000","Sarasota","FL","Passenger","1","0","1","21","22","4.545454545454545454545454545"
"2021-03-31T00:00:00.000","Skagit","WA","Passenger","569","281","850","93003","93853","0.9056716354298743780166856680"
"2021-03-31T00:00:00.000","Kern","CA","Passenger","1","1","2","201","203","0.9852216748768472906403940887"
"2021-03-31T00:00:00.000","King","WA","Truck","25","1","26","187381","187407","0.01387354794644810492671031498"
"2021-03-31T00:00:00.000","Suffolk City","VA","Passenger","1","0","1","115","116","0.8620689655172413793103448276"
"2021-03-31T00:00:00.000","Lake","IL","Passenger","2","0","2","149","151","1.324503311258278145695364238"
"2021-03-31T00:00:00.000","Twin Falls","ID","Passenger","0","1","1","13","14","7.142857142857142857142857143"
"2021-03-31T00:00:00.000","Leavenworth","KS","Passenger","0","1","1","112","113","0.8849557522123893805309734513"
"2021-03-31T00:00:00.000","Utah","UT","Passenger","0","1","1","95","96","1.041666666666666666666666667"
"2021-03-31T00:00:00.000","Lewis","WA","Passenger","142","140","282","60110","60392","0.4669492648032852033381904888"
"2021-03-31T00:00:00.000","Virginia Beach City","VA","Passenger","2","0","2","575","577","0.3466204506065857885615251300"
"2021-03-31T00:00:00.000","Lewis","WA","Truck","0","0","0","27220","27220","0"
"2021-03-31T00:00:00.000","Whitman","WA","Passenger","56","47","103","22307","22410","0.4596162427487728692547969656"
"2021-03-31T00:00:00.000","Manassas City","VA","Passenger","0","1","1","5","6","16.66666666666666666666666667"
"2021-04-30T00:00:00.000","NULL","NULL","Passenger","8","5","13","1609","1622","0.8014796547472256473489519112"
"2021-04-30T00:00:00.000","Adams","WA","Passenger","11","12","23","13250","13273","0.1732841106004671136894447374"
"2021-03-31T00:00:00.000","Montgomery","PA","Passenger","1","0","1","16","17","5.882352941176470588235294118"
"2021-03-31T00:00:00.000","Montgomery","TX","Passenger","0","1","1","31","32","3.12500"
"2021-03-31T00:00:00.000","Multnomah","OR","Passenger","3","5","8","582","590","1.355932203389830508474576271"
"2021-03-31T00:00:00.000","Okanogan","WA","Passenger","11","5","16","5855","5871","0.2725259751320047692045648101"
"2021-03-31T00:00:00.000","Oldham","KY","Passenger","0","1","1","4","5","20.0"
"2021-04-30T00:00:00.000","Bucks","PA","Passenger","1","0","1","18","19","5.263157894736842105263157895"
"2021-04-30T00:00:00.000","Calvert","MD","Passenger","0","2","2","84","86","2.325581395348837209302325581"
"2021-03-31T00:00:00.000","Pierce","WA","Passenger","3366","1951","5317","564252","569569","0.9335128843037454636751649054"
"2021-03-31T00:00:00.000","Pierce","WA","Truck","6","0","6","147614","147620","0.004064489906516732150115160547"
"2021-04-30T00:00:00.000","Clallam","WA","Passenger","324","211","535","51080","51615","1.036520391359101036520391359"
"2021-04-30T00:00:00.000","Clark","NV","Passenger","4","1","5","543","548","0.9124087591240875912408759124"
"2021-04-30T00:00:00.000","Columbia","GA","Passenger","1","0","1","122","123","0.8130081300813008130081300813"
"2021-03-31T00:00:00.000","Putnam","TN","Passenger","0","1","1","0","1","100"
"2021-04-30T00:00:00.000","Columbia","WA","Truck","1","0","1","1577","1578","0.06337135614702154626108998733"
"2021-04-30T00:00:00.000","Contra Costa","CA","Passenger","1","0","1","150","151","0.6622516556291390728476821192"
"2021-03-31T00:00:00.000","Riverside","CA","Passenger","4","1","5","506","511","0.9784735812133072407045009785"
"2021-03-31T00:00:00.000","Saint Clair","IL","Passenger","1","0","1","133","134","0.7462686567164179104477611940"
"2021-03-31T00:00:00.000","Saint Marys","MD","Passenger","1","0","1","172","173","0.5780346820809248554913294798"
"2021-03-31T00:00:00.000","Santa Clara","CA","Passenger","6","2","8","215","223","3.587443946188340807174887892"
"2021-04-30T00:00:00.000","Douglas","WA","Passenger","89","46","135","28866","29001","0.4655011896141512361642701976"
"2021-03-31T00:00:00.000","Thurston","WA","Truck","7","0","7","57274","57281","0.01222045704509348649639496517"
"2021-04-30T00:00:00.000","Howard","MD","Passenger","0","1","1","74","75","1.333333333333333333333333333"
"2021-04-30T00:00:00.000","Island","WA","Passenger","599","324","923","64226","65149","1.416752367649541819521404780"
"2021-04-30T00:00:00.000","Jones","GA","Passenger","1","0","1","1","2","50.0"
"2021-04-30T00:00:00.000","Anchorage","AK","Passenger","1","0","1","134","135","0.7407407407407407407407407407"
"2021-04-30T00:00:00.000","Kittitas","WA","Passenger","161","61","222","30454","30676","0.7236927891511279175902986048"
"2021-04-30T00:00:00.000","Lake","IL","Passenger","2","0","2","147","149","1.342281879194630872483221477"
"2021-04-30T00:00:00.000","Boulder","CO","Passenger","1","1","2","29","31","6.451612903225806451612903226"
"2021-04-30T00:00:00.000","Clark","WA","Passenger","2814","1355","4169","325892","330061","1.263099851239619343091125580"
"2021-04-30T00:00:00.000","Multnomah","OR","Passenger","2","5","7","570","577","1.213171577123050259965337955"
"2021-04-30T00:00:00.000","Columbia","WA","Passenger","5","4","9","2530","2539","0.3544702638834186687672311934"
"2021-04-30T00:00:00.000","Nassau","NY","Passenger","2","0","2","20","22","9.090909090909090909090909091"
"2021-04-30T00:00:00.000","Okanogan","WA","Truck","0","0","0","3954","3954","0"
"2021-04-30T00:00:00.000","Douglas","NE","Passenger","1","1","2","40","42","4.761904761904761904761904762"
"2021-04-30T00:00:00.000","Orange","FL","Passenger","1","0","1","97","98","1.020408163265306122448979592"
"2021-04-30T00:00:00.000","Douglas","OR","Passenger","1","0","1","30","31","3.225806451612903225806451613"
"2021-04-30T00:00:00.000","Pend Oreille","WA","Truck","1","0","1","5859","5860","0.01706484641638225255972696246"
"2021-04-30T00:00:00.000","Pierce","WA","Truck","13","0","13","147874","147887","0.008790495445847167093794586407"
"2021-04-30T00:00:00.000","Guadalupe","TX","Passenger","1","0","1","38","39","2.564102564102564102564102564"
"2021-04-30T00:00:00.000","Hamilton","IN","Passenger","1","0","1","27","28","3.571428571428571428571428571"
"2021-04-30T00:00:00.000","Riverside","CA","Passenger","4","1","5","498","503","0.9940357852882703777335984095"
"2021-04-30T00:00:00.000","Sacramento","CA","Passenger","2","0","2","205","207","0.9661835748792270531400966184"
"2021-04-30T00:00:00.000","Saint Marys","MD","Passenger","1","0","1","170","171","0.5847953216374269005847953216"
"2021-04-30T00:00:00.000","San Juan","WA","Truck","0","0","0","6024","6024","0"
"2021-04-30T00:00:00.000","King","WA","Passenger","30106","8876","38982","1384297","1423279","2.738886753756642232478663705"
"2021-04-30T00:00:00.000","Santa Clara","CA","Passenger","6","2","8","211","219","3.652968036529680365296803653"
"2021-04-30T00:00:00.000","Klickitat","WA","Passenger","70","47","117","15464","15581","0.7509145754444515756369937745"
"2021-04-30T00:00:00.000","Walla Walla","WA","Passenger","110","74","184","37047","37231","0.4942118127366979130294646934"
"2021-04-30T00:00:00.000","Montgomery","OH","Passenger","0","1","1","64","65","1.538461538461538461538461538"
"2021-04-30T00:00:00.000","Montgomery","TX","Passenger","0","1","1","30","31","3.225806451612903225806451613"
"2021-04-30T00:00:00.000","Muscogee","GA","Passenger","0","1","1","151","152","0.6578947368421052631578947368"
"2021-04-30T00:00:00.000","Williamson","TX","Passenger","1","0","1","83","84","1.190476190476190476190476190"
"2021-04-30T00:00:00.000","Okanogan","NULL","Passenger","49","32","81","20933","21014","0.3854573141715047111449509851"
"2021-04-30T00:00:00.000","Pacific","WA","Passenger","50","47","97","16248","16345","0.5934536555521566228204343836"
"2021-05-31T00:00:00.000","Asotin","WA","Truck","0","0","0","6855","6855","0"
"2021-04-30T00:00:00.000","Philadelphia","PA","Passenger","1","0","1","46","47","2.127659574468085106382978723"
"2021-04-30T00:00:00.000","Pierce","WA","Passenger","3509","2003","5512","566285","571797","0.9639784748783222017604149724"
"2021-04-30T00:00:00.000","Prince William","VA","Passenger","1","1","2","207","209","0.9569377990430622009569377990"
"2021-04-30T00:00:00.000","Ramsey","MN","Passenger","1","0","1","22","23","4.347826086956521739130434783"
"2021-05-31T00:00:00.000","Clark","NV","Passenger","4","1","5","528","533","0.9380863039399624765478424015"
"2021-05-31T00:00:00.000","Columbia","WA","Truck","1","0","1","1565","1566","0.06385696040868454661558109834"
"2021-04-30T00:00:00.000","Skagit","WA","Truck","3","0","3","33472","33475","0.008961911874533233756534727409"
"2021-04-30T00:00:00.000","Skamania","WA","Truck","0","0","0","4108","4108","0"
"2021-04-30T00:00:00.000","Snohomish","WA","Truck","19","0","19","128303","128322","0.01480650239241907077508143576"
"2021-05-31T00:00:00.000","Duval","FL","Passenger","0","1","1","286","287","0.3484320557491289198606271777"
"2021-04-30T00:00:00.000","Virginia Beach City","VA","Passenger","2","0","2","565","567","0.3527336860670194003527336861"
"2021-04-30T00:00:00.000","Wahkiakum","WA","Truck","0","0","0","1831","1831","0"
"2021-05-31T00:00:00.000","Ferry","WA","Truck","0","0","0","3689","3689","0"
"2021-05-31T00:00:00.000","Flathead","MT","Passenger","1","0","1","33","34","2.941176470588235294117647059"
"2021-04-30T00:00:00.000","Washoe","NV","Passenger","1","0","1","62","63","1.587301587301587301587301587"
"2021-05-31T00:00:00.000","Garfield","WA","Passenger","0","2","2","1376","1378","0.1451378809869375907111756168"
"2021-04-30T00:00:00.000","Whatcom","WA","Truck","8","0","8","44485","44493","0.01798035646056683073741936934"
"2021-05-31T00:00:00.000","NULL","NULL","Passenger","8","5","13","1565","1578","0.8238276299112801013941698352"
"2021-05-31T00:00:00.000","Adams","WA","Passenger","11","12","23","13204","13227","0.1738867468057760641112875180"
"2021-05-31T00:00:00.000","Adams","WA","Truck","0","0","0","5467","5467","0"
"2021-05-31T00:00:00.000","Anne Arundel","MD","Passenger","3","3","6","370","376","1.595744680851063829787234043"
"2021-05-31T00:00:00.000","Arlington","VA","Passenger","0","1","1","117","118","0.8474576271186440677966101695"
"2021-05-31T00:00:00.000","Asotin","WA","Passenger","20","15","35","12831","12866","0.2720348204570184983677910773"
"2021-05-31T00:00:00.000","Jones","GA","Passenger","1","0","1","1","2","50.0"
"2021-05-31T00:00:00.000","Caddo","LA","Passenger","1","0","1","8","9","11.11111111111111111111111111"
"2021-05-31T00:00:00.000","Missoula","MT","Passenger","1","0","1","42","43","2.325581395348837209302325581"
"2021-05-31T00:00:00.000","Contra Costa","CA","Passenger","1","0","1","144","145","0.6896551724137931034482758621"
"2021-05-31T00:00:00.000","Moore","NC","Passenger","0","1","1","128","129","0.7751937984496124031007751938"
"2021-05-31T00:00:00.000","Multnomah","OR","Passenger","2","5","7","557","564","1.241134751773049645390070922"
"2021-05-31T00:00:00.000","Nueces","TX","Passenger","1","0","1","70","71","1.408450704225352112676056338"
"2021-05-31T00:00:00.000","Okanogan","NULL","Passenger","49","33","82","20883","20965","0.3911280705938468876699260673"
"2021-05-31T00:00:00.000","El Dorado","CA","Passenger","1","0","1","24","25","4.00"
"2021-05-31T00:00:00.000","Franklin","WA","Passenger","124","99","223","62683","62906","0.3544971862779385114297523289"
"2021-05-31T00:00:00.000","Franklin","WA","Truck","0","0","0","20942","20942","0"
"2021-05-31T00:00:00.000","Frederick","MD","Passenger","2","1","3","66","69","4.347826086956521739130434783"
"2021-05-31T00:00:00.000","Riverside","CA","Passenger","4","1","5","483","488","1.024590163934426229508196721"
"2021-05-31T00:00:00.000","Harris","TX","Passenger","1","0","1","157","158","0.6329113924050632911392405063"
"2021-05-31T00:00:00.000","San Bernardino","CA","Passenger","0","1","1","363","364","0.2747252747252747252747252747"
"2021-05-31T00:00:00.000","Hidalgo","TX","Passenger","0","1","1","56","57","1.754385964912280701754385965"
"2021-05-31T00:00:00.000","Honolulu","HI","Passenger","4","0","4","318","322","1.242236024844720496894409938"
"2021-05-31T00:00:00.000","Santa Barbara","CA","Passenger","1","0","1","73","74","1.351351351351351351351351351"
"2021-05-31T00:00:00.000","Santa Cruz","CA","Passenger","1","0","1","24","25","4.00"
"2021-05-31T00:00:00.000","Skagit","WA","Truck","3","0","3","33443","33446","0.008969682473240447288165998924"
"2021-05-31T00:00:00.000","Snohomish","WA","Passenger","5906","2069","7975","545404","553379","1.441146122277860200694280050"
"2021-05-31T00:00:00.000","Kings","NY","Passenger","1","0","1","48","49","2.040816326530612244897959184"
"2021-05-31T00:00:00.000","Stevens","WA","Passenger","45","44","89","31013","31102","0.2861552311748440614751462928"
"2021-05-31T00:00:00.000","Lake","IL","Passenger","2","0","2","145","147","1.360544217687074829931972789"
"2021-05-31T00:00:00.000","Lewis","WA","Truck","0","0","0","27184","27184","0"
"2021-05-31T00:00:00.000","Liberty","GA","Passenger","1","0","1","105","106","0.9433962264150943396226415094"
"2021-05-31T00:00:00.000","Wichita","TX","Passenger","1","0","1","36","37","2.702702702702702702702702703"
"2021-05-31T00:00:00.000","Mason","WA","Passenger","239","146","385","48627","49012","0.7855219130008977393291438831"
"2021-05-31T00:00:00.000","Yakima","WA","Passenger","226","154","380","171575","171955","0.2209880491989183216539210840"
"2021-06-30T00:00:00.000","NULL","NULL","Truck","2","0","2","283","285","0.7017543859649122807017543860"
"2021-06-30T00:00:00.000","Adams","WA","Truck","0","0","0","5463","5463","0"
"2021-05-31T00:00:00.000","Monterey","CA","Passenger","1","0","1","156","157","0.6369426751592356687898089172"
"2021-05-31T00:00:00.000","Montgomery","PA","Passenger","1","0","1","15","16","6.2500"
"2021-06-30T00:00:00.000","Arapahoe","CO","Passenger","1","0","1","98","99","1.010101010101010101010101010"
"2021-06-30T00:00:00.000","Bay","FL","Passenger","1","0","1","29","30","3.333333333333333333333333333"
"2021-05-31T00:00:00.000","Okanogan","WA","Truck","0","0","0","3948","3948","0"
"2021-05-31T00:00:00.000","Ozaukee","WI","Passenger","0","1","1","3","4","25.00"
"2021-06-30T00:00:00.000","Carroll","MD","Passenger","0","1","1","12","13","7.692307692307692307692307692"
"2021-06-30T00:00:00.000","Charles","MD","Passenger","1","1","2","59","61","3.278688524590163934426229508"
"2021-05-31T00:00:00.000","Pierce","WA","Truck","22","0","22","147469","147491","0.01491616437613142496830315070"
"2021-06-30T00:00:00.000","Chelan","WA","Passenger","344","98","442","55263","55705","0.7934655775962660443407234539"
"2021-06-30T00:00:00.000","Chesapeake City","VA","Passenger","0","3","3","350","353","0.8498583569405099150141643059"
"2021-06-30T00:00:00.000","Clallam","WA","Truck","3","0","3","22228","22231","0.01349466960550582519904637668"
"2021-06-30T00:00:00.000","Clark","WA","Passenger","2968","1445","4413","325512","329925","1.337576721982268697431234371"
"2021-05-31T00:00:00.000","Saint Marys","MD","Passenger","1","1","2","166","168","1.190476190476190476190476190"
"2021-05-31T00:00:00.000","Santa Clara","CA","Passenger","6","2","8","199","207","3.864734299516908212560386473"
"2021-05-31T00:00:00.000","Sarpy","NE","Passenger","1","0","1","55","56","1.785714285714285714285714286"
"2021-06-30T00:00:00.000","Douglas","WA","Truck","2","0","2","12794","12796","0.01562988433885589246639574867"
"2021-06-30T00:00:00.000","El Dorado","CA","Passenger","1","0","1","26","27","3.703703703703703703703703704"
"2021-06-30T00:00:00.000","El Paso","CO","Passenger","1","0","1","569","570","0.1754385964912280701754385965"
"2021-06-30T00:00:00.000","Erie","NY","Passenger","1","0","1","29","30","3.333333333333333333333333333"
"2021-06-30T00:00:00.000","Frederick","MD","Passenger","2","1","3","66","69","4.347826086956521739130434783"
"2021-06-30T00:00:00.000","Greene","MO","Passenger","0","1","1","18","19","5.263157894736842105263157895"
"2021-06-30T00:00:00.000","Hamilton","IN","Passenger","1","0","1","25","26","3.846153846153846153846153846"
"2021-06-30T00:00:00.000","Adams","WA","Passenger","16","14","30","13166","13196","0.2273416186723249469536223098"
"2021-06-30T00:00:00.000","Arlington","VA","Passenger","0","1","1","117","118","0.8474576271186440677966101695"
"2021-06-30T00:00:00.000","Klickitat","WA","Passenger","73","50","123","15485","15608","0.7880574064582265504869297796"
"2021-06-30T00:00:00.000","Clark","WA","Truck","20","0","20","85093","85113","0.02349817301704792452386826924"
"2021-06-30T00:00:00.000","Liberty","GA","Passenger","1","0","1","98","99","1.010101010101010101010101010"
"2021-06-30T00:00:00.000","Columbia","WA","Truck","1","0","1","1556","1557","0.06422607578676942838792549775"
"2021-06-30T00:00:00.000","Cowlitz","WA","Passenger","238","154","392","73097","73489","0.5334131638748656261481310128"
"2021-06-30T00:00:00.000","Mason","WA","Passenger","244","150","394","48574","48968","0.8046070903447149158634210096"
"2021-06-30T00:00:00.000","Montgomery","OH","Passenger","0","1","1","62","63","1.587301587301587301587301587"
"2021-06-30T00:00:00.000","Grant","WA","Passenger","110","96","206","67685","67891","0.3034275529893505766596456084"
"2021-06-30T00:00:00.000","Grays Harbor","WA","Passenger","182","146","328","49780","50108","0.6545860940368803384689071605"
"2021-06-30T00:00:00.000","Otero","NM","Passenger","0","1","1","33","34","2.941176470588235294117647059"
"2021-06-30T00:00:00.000","Ozaukee","WI","Passenger","0","1","1","3","4","25.00"
"2021-06-30T00:00:00.000","Pacific","WA","Truck","0","0","0","8020","8020","0"
"2021-06-30T00:00:00.000","Hennepin","MN","Passenger","1","0","1","58","59","1.694915254237288135593220339"
"2021-06-30T00:00:00.000","Hidalgo","TX","Passenger","0","1","1","56","57","1.754385964912280701754385965"
"2021-06-30T00:00:00.000","Pima","AZ","Passenger","1","1","2","207","209","0.9569377990430622009569377990"
"2021-06-30T00:00:00.000","Polk","FL","Passenger","1","0","1","48","49","2.040816326530612244897959184"
"2021-06-30T00:00:00.000","King","WA","Truck","75","1","76","186147","186223","0.04081128539439274418304935481"
"2021-06-30T00:00:00.000","Klickitat","WA","Truck","1","0","1","8397","8398","0.01190759704691593236484877352"
"2021-06-30T00:00:00.000","Lake","IL","Passenger","1","0","1","147","148","0.6756756756756756756756756757"
"2021-06-30T00:00:00.000","Sarpy","NE","Passenger","1","0","1","53","54","1.851851851851851851851851852"
"2021-06-30T00:00:00.000","Sevier","AR","Passenger","0","1","1","0","1","100"
"2021-06-30T00:00:00.000","Shelby","OH","Passenger","0","1","1","0","1","100"
"2021-06-30T00:00:00.000","Skamania","WA","Passenger","48","36","84","8530","8614","0.9751567216159739958207569074"
"2021-06-30T00:00:00.000","Tipton","TN","Passenger","1","0","1","11","12","8.333333333333333333333333333"
"2021-06-30T00:00:00.000","Montgomery","MD","Passenger","3","4","7","200","207","3.381642512077294685990338164"
"2021-06-30T00:00:00.000","Vigo","IN","Passenger","1","0","1","3","4","25.00"
"2021-06-30T00:00:00.000","Montgomery","PA","Passenger","1","0","1","14","15","6.666666666666666666666666667"
"2021-06-30T00:00:00.000","Wahkiakum","WA","Passenger","15","8","23","3132","3155","0.7290015847860538827258320127"
"2021-06-30T00:00:00.000","Montgomery","TX","Passenger","0","1","1","25","26","3.846153846153846153846153846"
"2021-06-30T00:00:00.000","Walla Walla","WA","Truck","1","0","1","14262","14263","0.007011147724882563275608217065"
"2021-06-30T00:00:00.000","Multnomah","OR","Passenger","2","5","7","538","545","1.284403669724770642201834862"
"2021-06-30T00:00:00.000","Whatcom","WA","Passenger","1488","622","2110","152197","154307","1.367403941493256948809840124"
"2021-06-30T00:00:00.000","Whitman","WA","Truck","2","0","2","8665","8667","0.02307603553709472712587977385"
"2021-06-30T00:00:00.000","Okanogan","NULL","Passenger","51","34","85","20916","21001","0.4047426313032712727965334984"
"2021-06-30T00:00:00.000","Okanogan","NULL","Truck","2","0","2","12989","12991","0.01539527365098914633207605265"
"2021-06-30T00:00:00.000","Wilson","NC","Passenger","1","0","1","0","1","100"
"2021-07-31T00:00:00.000","NULL","CA","Passenger","1","4","5","211","216","2.314814814814814814814814815"
"2021-07-31T00:00:00.000","Allegheny","PA","Passenger","1","0","1","51","52","1.923076923076923076923076923"
"2021-06-30T00:00:00.000","Pinellas","FL","Passenger","0","1","1","58","59","1.694915254237288135593220339"
"2021-07-31T00:00:00.000","Arlington","VA","Passenger","0","1","1","116","117","0.8547008547008547008547008547"
"2021-07-31T00:00:00.000","Bell","TX","Passenger","0","1","1","309","310","0.3225806451612903225806451613"
"2021-06-30T00:00:00.000","Prince William","VA","Passenger","1","1","2","203","205","0.9756097560975609756097560976"
"2021-06-30T00:00:00.000","Riverside","CA","Passenger","4","1","5","474","479","1.043841336116910229645093946"
"2021-07-31T00:00:00.000","Bradley","TN","Passenger","0","1","1","0","1","100"
"2021-06-30T00:00:00.000","Saint Clair","IL","Passenger","1","0","1","128","129","0.7751937984496124031007751938"
"2021-07-31T00:00:00.000","Bryan","GA","Passenger","1","0","1","55","56","1.785714285714285714285714286"
"2021-07-31T00:00:00.000","Carson City","NV","Passenger","1","0","1","10","11","9.090909090909090909090909091"
"2021-06-30T00:00:00.000","Skagit","WA","Truck","6","0","6","33323","33329","0.01800234030423955114164841429"
"2021-07-31T00:00:00.000","Clackamas","OR","Passenger","1","0","1","123","124","0.8064516129032258064516129032"
"2021-06-30T00:00:00.000","Ventura","CA","Passenger","1","2","3","244","247","1.214574898785425101214574899"
"2021-07-31T00:00:00.000","Cumberland","NC","Passenger","0","2","2","391","393","0.5089058524173027989821882952"
"2021-07-31T00:00:00.000","Davidson","TN","Passenger","1","0","1","39","40","2.500"
"2021-07-31T00:00:00.000","El Dorado","CA","Passenger","1","0","1","25","26","3.846153846153846153846153846"
"2021-07-31T00:00:00.000","NULL","NULL","Truck","2","0","2","274","276","0.7246376811594202898550724638"
"2021-07-31T00:00:00.000","El Paso","CO","Passenger","1","0","1","560","561","0.1782531194295900178253119430"
"2021-07-31T00:00:00.000","Adams","WA","Truck","0","0","0","5456","5456","0"
"2021-07-31T00:00:00.000","Albemarle","VA","Passenger","1","0","1","22","23","4.347826086956521739130434783"
"2021-07-31T00:00:00.000","Alexandria City","VA","Passenger","4","0","4","122","126","3.174603174603174603174603175"
"2021-07-31T00:00:00.000","Asotin","WA","Truck","1","0","1","6803","6804","0.01469723691945914168136390359"
"2021-07-31T00:00:00.000","Garfield","WA","Truck","0","0","0","1011","1011","0"
"2021-07-31T00:00:00.000","Bartow","GA","Passenger","0","1","1","2","3","33.33333333333333333333333333"
"2021-07-31T00:00:00.000","Goochland","VA","Passenger","3","0","3","104","107","2.803738317757009345794392523"
"2021-07-31T00:00:00.000","Harnett","NC","Passenger","0","1","1","139","140","0.7142857142857142857142857143"
"2021-07-31T00:00:00.000","Caddo","LA","Passenger","1","0","1","8","9","11.11111111111111111111111111"
"2021-07-31T00:00:00.000","Hidalgo","TX","Passenger","0","1","1","54","55","1.818181818181818181818181818"
"2021-07-31T00:00:00.000","Jefferson","WA","Passenger","349","188","537","25077","25614","2.096509721246193487936284844"
"2021-07-31T00:00:00.000","Kent","DE","Passenger","0","1","1","55","56","1.785714285714285714285714286"
"2021-07-31T00:00:00.000","Kitsap","WA","Passenger","1987","874","2861","182208","185069","1.545909903873690353327677785"
"2021-07-31T00:00:00.000","Kittitas","WA","Truck","2","0","2","14880","14882","0.01343905389060610133046633517"
"2021-07-31T00:00:00.000","Liberty","GA","Passenger","1","0","1","95","96","1.041666666666666666666666667"
"2021-07-31T00:00:00.000","Ferry","WA","Passenger","9","3","12","4418","4430","0.2708803611738148984198645598"
"2021-07-31T00:00:00.000","Franklin","WA","Truck","3","0","3","20922","20925","0.01433691756272401433691756272"
"2021-07-31T00:00:00.000","Frederick","MD","Passenger","2","1","3","66","69","4.347826086956521739130434783"
"2021-07-31T00:00:00.000","Manassas City","VA","Passenger","0","1","1","5","6","16.66666666666666666666666667"
"2021-07-31T00:00:00.000","Garfield","WA","Passenger","0","3","3","1375","1378","0.2177068214804063860667634253"
"2021-07-31T00:00:00.000","Mecklenburg","NC","Passenger","1","0","1","64","65","1.538461538461538461538461538"
"2021-07-31T00:00:00.000","Harrison","MS","Passenger","2","0","2","51","53","3.773584905660377358490566038"
"2021-07-31T00:00:00.000","Okanogan","NULL","Truck","2","0","2","12953","12955","0.01543805480509455808568120417"
"2021-07-31T00:00:00.000","Okanogan","WA","Passenger","13","6","19","5866","5885","0.3228547153780798640611724724"
"2021-07-31T00:00:00.000","Ozaukee","WI","Passenger","0","1","1","3","4","25.00"
"2021-07-31T00:00:00.000","Palm Beach","FL","Passenger","1","0","1","45","46","2.173913043478260869565217391"
"2021-07-31T00:00:00.000","Saint Louis","MO","Passenger","1","0","1","43","44","2.272727272727272727272727273"
"2021-07-31T00:00:00.000","Saint Louis City","MO","Passenger","1","0","1","18","19","5.263157894736842105263157895"
"2021-07-31T00:00:00.000","Maricopa","AZ","Passenger","2","1","3","755","758","0.3957783641160949868073878628"
"2021-07-31T00:00:00.000","Mason","WA","Passenger","244","149","393","48397","48790","0.8054929288788686206189792990"
"2021-07-31T00:00:00.000","Mason","WA","Truck","4","0","4","21454","21458","0.01864106626899058626153415975"
"2021-07-31T00:00:00.000","Sarpy","NE","Passenger","1","0","1","52","53","1.886792452830188679245283019"
"2021-07-31T00:00:00.000","Milwaukee","WI","Passenger","1","0","1","32","33","3.030303030303030303030303030"
"2021-07-31T00:00:00.000","Stevens","WA","Truck","1","0","1","19062","19063","0.005245764045533231915228453024"
"2021-07-31T00:00:00.000","Missoula","MT","Passenger","1","0","1","37","38","2.631578947368421052631578947"
"2021-07-31T00:00:00.000","Tipton","TN","Passenger","1","0","1","10","11","9.090909090909090909090909091"
"2021-07-31T00:00:00.000","Montgomery","AL","Passenger","0","1","1","29","30","3.333333333333333333333333333"
"2021-07-31T00:00:00.000","Travis","TX","Passenger","1","0","1","109","110","0.9090909090909090909090909091"
"2021-07-31T00:00:00.000","Moore","NC","Passenger","0","1","1","123","124","0.8064516129032258064516129032"
"2021-07-31T00:00:00.000","Norfolk City","VA","Passenger","1","1","2","302","304","0.6578947368421052631578947368"
"2021-07-31T00:00:00.000","Orange","CA","Passenger","3","2","5","380","385","1.298701298701298701298701299"
"2021-07-31T00:00:00.000","Yakima","WA","Truck","3","0","3","62393","62396","0.004808000512853388037694724021"
"2021-08-31T00:00:00.000","NULL","CA","Passenger","1","4","5","205","210","2.380952380952380952380952381"
"2021-07-31T00:00:00.000","Placer","CA","Passenger","1","0","1","63","64","1.562500"
"2021-07-31T00:00:00.000","Queens","NY","Passenger","1","0","1","40","41","2.439024390243902439024390244"
"2021-08-31T00:00:00.000","Bradley","TN","Passenger","0","1","1","0","1","100"
"2021-08-31T00:00:00.000","Bryan","GA","Passenger","1","0","1","53","54","1.851851851851851851851851852"
"2021-08-31T00:00:00.000","Carson City","NV","Passenger","1","0","1","10","11","9.090909090909090909090909091"
"2021-07-31T00:00:00.000","San Diego","CA","Passenger","14","9","23","2400","2423","0.9492364836978951712752785803"
"2021-07-31T00:00:00.000","Sarasota","FL","Passenger","1","0","1","20","21","4.761904761904761904761904762"
"2021-08-31T00:00:00.000","Chelan","WA","Truck","6","0","6","23129","23135","0.02593473092716663064620704560"
"2021-08-31T00:00:00.000","Clackamas","OR","Passenger","1","0","1","116","117","0.8547008547008547008547008547"
"2021-08-31T00:00:00.000","Clark","WA","Truck","35","0","35","84495","84530","0.04140541819472376671004377144"
"2021-07-31T00:00:00.000","Stafford","VA","Passenger","2","0","2","84","86","2.325581395348837209302325581"
"2021-07-31T00:00:00.000","Suffolk City","VA","Passenger","1","0","1","114","115","0.8695652173913043478260869565"
"2021-08-31T00:00:00.000","Cowlitz","WA","Passenger","253","163","416","72508","72924","0.5704569140475015084197246448"
"2021-08-31T00:00:00.000","Cumberland","NC","Passenger","0","2","2","385","387","0.5167958656330749354005167959"
"2021-08-31T00:00:00.000","Denver","CO","Passenger","1","0","1","82","83","1.204819277108433734939759036"
"2021-08-31T00:00:00.000","Garfield","WA","Truck","0","0","0","1009","1009","0"
"2021-08-31T00:00:00.000","Goochland","VA","Passenger","3","0","3","99","102","2.941176470588235294117647059"
"2021-08-31T00:00:00.000","Calvert","MD","Passenger","0","2","2","82","84","2.380952380952380952380952381"
"2021-08-31T00:00:00.000","Grant","WA","Passenger","124","103","227","67248","67475","0.3364208966283808818080770656"
"2021-08-31T00:00:00.000","Grays Harbor","WA","Passenger","187","149","336","49635","49971","0.6723899861919913549858918173"
"2021-08-31T00:00:00.000","Chesapeake City","VA","Passenger","0","3","3","342","345","0.8695652173913043478260869565"
"2021-08-31T00:00:00.000","Harnett","NC","Passenger","0","1","1","136","137","0.7299270072992700729927007299"
"2021-08-31T00:00:00.000","Clark","WA","Passenger","3192","1489","4681","323549","328230","1.426134113274228437376230083"
"2021-08-31T00:00:00.000","Hillsborough","FL","Passenger","0","1","1","119","120","0.8333333333333333333333333333"
"2021-08-31T00:00:00.000","Kern","CA","Passenger","1","1","2","185","187","1.069518716577540106951871658"
"2021-08-31T00:00:00.000","Douglas","WA","Passenger","105","53","158","28711","28869","0.5472998718348401399424988742"
"2021-08-31T00:00:00.000","Dupage","IL","Passenger","1","0","1","33","34","2.941176470588235294117647059"
"2021-08-31T00:00:00.000","King","WA","Passenger","32711","9509","42220","1370606","1412826","2.988336851105514762610540859"
"2021-08-31T00:00:00.000","Fairfax","VA","Passenger","5","6","11","602","613","1.794453507340946166394779772"
"2021-08-31T00:00:00.000","Kitsap","WA","Passenger","2027","889","2916","181738","184654","1.579169690339770597983255169"
"2021-08-31T00:00:00.000","Klickitat","WA","Truck","1","0","1","8377","8378","0.01193602291716400095488183337"
"2021-08-31T00:00:00.000","Leavenworth","KS","Passenger","0","1","1","107","108","0.9259259259259259259259259259"
"2021-08-31T00:00:00.000","Lewis","WA","Passenger","194","158","352","59841","60193","0.5847856062997358496835180170"
"2021-08-31T00:00:00.000","Howard","IN","Passenger","0","1","1","3","4","25.00"
"2021-08-31T00:00:00.000","Howard","MD","Passenger","0","1","1","66","67","1.492537313432835820895522388"
"2021-08-31T00:00:00.000","Island","WA","Passenger","658","330","988","63741","64729","1.526363762764757682028148125"
"2021-08-31T00:00:00.000","Jefferson","WA","Passenger","358","187","545","24980","25525","2.135161606268364348677766895"
"2021-08-31T00:00:00.000","Kitsap","WA","Truck","19","0","19","54710","54729","0.03471651226954631000018271849"
"2021-08-31T00:00:00.000","Klickitat","WA","Passenger","83","49","132","15469","15601","0.8460996089994231139029549388"
"2021-08-31T00:00:00.000","Lincoln","WA","Truck","0","0","0","4785","4785","0"
"2021-08-31T00:00:00.000","Mecklenburg","NC","Passenger","1","0","1","63","64","1.562500"
"2021-08-31T00:00:00.000","Philadelphia","PA","Passenger","1","0","1","39","40","2.500"
"2021-08-31T00:00:00.000","Placer","CA","Passenger","1","0","1","58","59","1.694915254237288135593220339"
"2021-08-31T00:00:00.000","Powhatan","VA","Passenger","1","0","1","1","2","50.0"
"2021-08-31T00:00:00.000","Platte","MO","Passenger","1","0","1","14","15","6.666666666666666666666666667"
"2021-08-31T00:00:00.000","Saint Louis","MO","Passenger","1","0","1","42","43","2.325581395348837209302325581"
"2021-08-31T00:00:00.000","Rutherford","TN","Passenger","0","1","1","16","17","5.882352941176470588235294118"
"2021-08-31T00:00:00.000","San Francisco","CA","Passenger","0","1","1","70","71","1.408450704225352112676056338"
"2021-08-31T00:00:00.000","Sarasota","FL","Passenger","1","0","1","20","21","4.761904761904761904761904762"
"2021-08-31T00:00:00.000","Shelby","OH","Passenger","0","1","1","0","1","100"
"2021-08-31T00:00:00.000","Skamania","WA","Truck","0","0","0","4070","4070","0"
"2021-08-31T00:00:00.000","Snohomish","WA","Truck","57","0","57","126653","126710","0.04498461052797727093362796938"
"2021-08-31T00:00:00.000","Spokane","WA","Passenger","1195","716","1911","327324","329235","0.5804364663538202195999817759"
"2021-08-31T00:00:00.000","Stevens","WA","Truck","2","0","2","18980","18982","0.01053629754504267200505742282"
"2021-08-31T00:00:00.000","Suffolk City","VA","Passenger","1","0","1","112","113","0.8849557522123893805309734513"
"2021-08-31T00:00:00.000","Walla Walla","WA","Passenger","120","84","204","36666","36870","0.5532953620829943043124491456"
"2021-08-31T00:00:00.000","Ventura","CA","Passenger","1","2","3","235","238","1.260504201680672268907563025"
"2021-08-31T00:00:00.000","Washoe","NV","Passenger","1","0","1","52","53","1.886792452830188679245283019"
"2021-08-31T00:00:00.000","Whitman","WA","Passenger","66","55","121","22029","22150","0.5462753950338600451467268623"
"2021-08-31T00:00:00.000","Whitman","WA","Truck","2","0","2","8613","8615","0.02321532211259431224608241439"
"2021-08-31T00:00:00.000","Whatcom","WA","Truck","15","0","15","44048","44063","0.03404216689739690897124571636"
"2021-08-31T00:00:00.000","Williamson","TX","Passenger","1","0","1","69","70","1.428571428571428571428571429"
"2021-08-31T00:00:00.000","Yakima","WA","Truck","5","0","5","62210","62215","0.008036647110825363658281764848"
"2021-09-30T00:00:00.000","NULL","WA","Passenger","0","0","0","4","4","0"
"2021-09-30T00:00:00.000","NULL","NULL","Passenger","6","6","12","1395","1407","0.8528784648187633262260127932"
"2021-09-30T00:00:00.000","Alexandria City","VA","Passenger","4","0","4","120","124","3.225806451612903225806451613"
"2021-09-30T00:00:00.000","Anchorage","AK","Passenger","1","0","1","118","119","0.8403361344537815126050420168"
"2021-09-30T00:00:00.000","Benton","WA","Passenger","588","417","1005","136673","137678","0.7299641191766295268670375804"
"2021-09-30T00:00:00.000","Bartow","GA","Passenger","0","1","1","2","3","33.33333333333333333333333333"
"2021-09-30T00:00:00.000","Bryan","GA","Passenger","1","0","1","51","52","1.923076923076923076923076923"
"2021-09-30T00:00:00.000","Clackamas","OR","Passenger","1","0","1","110","111","0.9009009009009009009009009009"
"2021-09-30T00:00:00.000","Clallam","WA","Passenger","369","230","599","50676","51275","1.168210628961482203803022916"
"2021-09-30T00:00:00.000","Camden","GA","Passenger","1","0","1","111","112","0.8928571428571428571428571429"
"2021-09-30T00:00:00.000","Columbia","GA","Passenger","1","0","1","105","106","0.9433962264150943396226415094"
"2021-09-30T00:00:00.000","Duval","FL","Passenger","0","1","1","260","261","0.3831417624521072796934865900"
"2021-09-30T00:00:00.000","Columbia","WA","Passenger","7","2","9","2464","2473","0.3639304488475535786494136676"
"2021-09-30T00:00:00.000","Contra Costa","CA","Passenger","1","0","1","132","133","0.7518796992481203007518796992"
"2021-09-30T00:00:00.000","Cumberland","NC","Truck","1","0","1","86","87","1.149425287356321839080459770"
"2021-09-30T00:00:00.000","Ferry","WA","Truck","0","0","0","3584","3584","0"
"2021-09-30T00:00:00.000","Flathead","MT","Passenger","1","0","1","30","31","3.225806451612903225806451613"
"2021-09-30T00:00:00.000","Danville City","VA","Passenger","1","0","1","0","1","100"
"2021-09-30T00:00:00.000","Garfield","WA","Truck","0","0","0","1008","1008","0"
"2021-09-30T00:00:00.000","Douglas","NE","Passenger","1","1","2","32","34","5.882352941176470588235294118"
"2021-09-30T00:00:00.000","Douglas","OR","Passenger","1","0","1","23","24","4.166666666666666666666666667"
"2021-09-30T00:00:00.000","Goochland","VA","Passenger","2","0","2","93","95","2.105263157894736842105263158"
"2021-09-30T00:00:00.000","Dupage","IL","Passenger","1","0","1","34","35","2.857142857142857142857142857"
"2021-09-30T00:00:00.000","Howard","MD","Passenger","0","1","1","64","65","1.538461538461538461538461538"
"2021-09-30T00:00:00.000","Guadalupe","TX","Passenger","1","0","1","31","32","3.12500"
"2021-09-30T00:00:00.000","Harris","TX","Passenger","1","0","1","131","132","0.7575757575757575757575757576"
"2021-09-30T00:00:00.000","Kitsap","WA","Passenger","2068","906","2974","181428","184402","1.612780772442815153848656739"
"2021-09-30T00:00:00.000","Honolulu","HI","Passenger","4","1","5","272","277","1.805054151624548736462093863"
"2021-09-30T00:00:00.000","Lincoln","WA","Passenger","9","16","25","7717","7742","0.3229139757168690260914492379"
"2021-09-30T00:00:00.000","Jefferson","WA","Truck","1","0","1","9652","9653","0.01035947373873407230912669636"
"2021-09-30T00:00:00.000","Kings","NY","Passenger","1","0","1","47","48","2.083333333333333333333333333"
"2021-09-30T00:00:00.000","Kitsap","WA","Truck","24","0","24","54509","54533","0.04401004896117946931215960978"
"2021-09-30T00:00:00.000","Klamath","OR","Passenger","1","0","1","16","17","5.882352941176470588235294118"
"2021-09-30T00:00:00.000","Mason","WA","Truck","6","0","6","21276","21282","0.02819283901888920214265576544"
"2021-09-30T00:00:00.000","Orange","CA","Passenger","3","1","4","369","373","1.072386058981233243967828418"
"2021-09-30T00:00:00.000","Montgomery","MD","Passenger","3","5","8","186","194","4.123711340206185567010309278"
"2021-09-30T00:00:00.000","Muscogee","GA","Passenger","0","1","1","136","137","0.7299270072992700729927007299"
"2021-09-30T00:00:00.000","Norfolk City","VA","Passenger","1","1","2","294","296","0.6756756756756756756756756757"
"2021-09-30T00:00:00.000","Riley","KS","Passenger","1","0","1","44","45","2.222222222222222222222222222"
"2021-09-30T00:00:00.000","Okanogan","WA","Truck","0","0","0","3869","3869","0"
"2021-09-30T00:00:00.000","Orange","FL","Passenger","1","0","1","84","85","1.176470588235294117647058824"
"2021-09-30T00:00:00.000","Pacific","WA","Passenger","58","60","118","16095","16213","0.7278110158514772096465799050"
"2021-09-30T00:00:00.000","Santa Barbara","CA","Passenger","1","0","1","67","68","1.470588235294117647058823529"
"2021-09-30T00:00:00.000","Pennington","SD","Passenger","1","0","1","24","25","4.00"
"2021-09-30T00:00:00.000","Platte","MO","Passenger","1","0","1","14","15","6.666666666666666666666666667"
"2021-09-30T00:00:00.000","Suffolk City","VA","Passenger","1","0","1","112","113","0.8849557522123893805309734513"
"2021-09-30T00:00:00.000","Saint Marys","MD","Passenger","1","1","2","155","157","1.273885350318471337579617834"
"2021-09-30T00:00:00.000","San Diego","CA","Passenger","13","10","23","2311","2334","0.9854327335047129391602399314"
"2021-09-30T00:00:00.000","Santa Clara","CA","Passenger","5","1","6","175","181","3.314917127071823204419889503"
"2021-09-30T00:00:00.000","Skagit","WA","Passenger","664","305","969","91784","92753","1.044710144146280982825353358"
"2021-09-30T00:00:00.000","Williams","ND","Passenger","0","1","1","8","9","11.11111111111111111111111111"
"2021-09-30T00:00:00.000","Virginia Beach City","VA","Passenger","2","0","2","509","511","0.3913894324853228962818003914"
"2021-10-31T00:00:00.000","Baltimore","MD","Passenger","1","0","1","34","35","2.857142857142857142857142857"
"2021-09-30T00:00:00.000","Whitman","WA","Passenger","67","59","126","21926","22052","0.5713767458733901686921821150"
"2021-10-31T00:00:00.000","Bay","FL","Passenger","1","0","1","23","24","4.166666666666666666666666667"
"2021-10-31T00:00:00.000","Bexar","TX","Passenger","2","4","6","387","393","1.526717557251908396946564885"
"2021-10-31T00:00:00.000","Boone","MO","Passenger","0","1","1","6","7","14.28571428571428571428571429"
"2021-10-31T00:00:00.000","Alameda","CA","Passenger","2","0","2","170","172","1.162790697674418604651162791"
"2021-10-31T00:00:00.000","Anne Arundel","MD","Passenger","3","4","7","333","340","2.058823529411764705882352941"
"2021-10-31T00:00:00.000","Asotin","WA","Passenger","22","18","40","12693","12733","0.3141443493285164533102960810"
"2021-10-31T00:00:00.000","Chelan","WA","Passenger","390","109","499","54603","55102","0.9055932634024173351239519437"
"2021-10-31T00:00:00.000","Camden","GA","Passenger","1","0","1","108","109","0.9174311926605504587155963303"
"2021-10-31T00:00:00.000","Clark","WA","Truck","41","0","41","83828","83869","0.04888576231980827242485304463"
"2021-10-31T00:00:00.000","Cowlitz","WA","Passenger","270","165","435","71861","72296","0.6016930397255726457895319243"
"2021-10-31T00:00:00.000","Dekalb","GA","Passenger","1","0","1","43","44","2.272727272727272727272727273"
"2021-10-31T00:00:00.000","Coryell","TX","Passenger","1","0","1","89","90","1.111111111111111111111111111"
"2021-10-31T00:00:00.000","Cowlitz","WA","Truck","8","0","8","29003","29011","0.02757574713039881424287339285"
"2021-10-31T00:00:00.000","Cumberland","NC","Truck","1","0","1","85","86","1.162790697674418604651162791"
"2021-10-31T00:00:00.000","Danville City","VA","Passenger","1","0","1","0","1","100"
"2021-10-31T00:00:00.000","Douglas","WA","Truck","3","0","3","12635","12638","0.02373793321728121538218072480"
"2021-10-31T00:00:00.000","Dupage","IL","Passenger","1","0","1","32","33","3.030303030303030303030303030"
"2021-10-31T00:00:00.000","District Of Columbia","DC","Passenger","3","1","4","184","188","2.127659574468085106382978723"
"2021-10-31T00:00:00.000","Erie","NY","Passenger","1","0","1","24","25","4.00"
"2021-10-31T00:00:00.000","El Paso","TX","Passenger","2","0","2","314","316","0.6329113924050632911392405063"
"2021-10-31T00:00:00.000","Fairfax","VA","Passenger","5","6","11","589","600","1.833333333333333333333333333"
"2021-10-31T00:00:00.000","Fairbanks North Star","AK","Passenger","0","1","1","71","72","1.388888888888888888888888889"
"2021-10-31T00:00:00.000","Flathead","MT","Passenger","1","0","1","30","31","3.225806451612903225806451613"
"2021-10-31T00:00:00.000","Grant","WA","Passenger","134","101","235","66751","66986","0.3508195742393933060639536620"
"2021-10-31T00:00:00.000","Grays Harbor","WA","Passenger","197","155","352","49352","49704","0.7081924995976178979558989216"
"2021-10-31T00:00:00.000","Franklin","WA","Passenger","150","107","257","62041","62298","0.4125333076503258531574047321"
"2021-10-31T00:00:00.000","Hennepin","MN","Passenger","1","0","1","52","53","1.886792452830188679245283019"
"2021-10-31T00:00:00.000","Grant","WA","Truck","4","0","4","27996","28000","0.01428571428571428571428571429"
"2021-10-31T00:00:00.000","Hillsborough","FL","Passenger","0","1","1","112","113","0.8849557522123893805309734513"
"2021-10-31T00:00:00.000","Howard","IN","Passenger","0","1","1","4","5","20.0"
"2021-10-31T00:00:00.000","Grays Harbor","WA","Truck","8","0","8","21317","21325","0.03751465416178194607268464244"
"2021-10-31T00:00:00.000","Island","WA","Truck","9","0","9","21520","21529","0.04180407822007524734079613545"
"2021-10-31T00:00:00.000","Jefferson","WA","Truck","1","0","1","9614","9615","0.01040041601664066562662506500"
"2021-10-31T00:00:00.000","Klickitat","WA","Truck","1","0","1","8286","8287","0.01206709303728731748521781103"
"2021-10-31T00:00:00.000","King","WA","Truck","157","1","158","182990","183148","0.08626902832681765566645554415"
"2021-10-31T00:00:00.000","Kitsap","WA","Truck","25","0","25","54309","54334","0.04601170537784812456288879891"
"2021-10-31T00:00:00.000","Klamath","OR","Passenger","1","0","1","16","17","5.882352941176470588235294118"
"2021-10-31T00:00:00.000","Los Angeles","CA","Passenger","4","5","9","671","680","1.323529411764705882352941176"
"2021-10-31T00:00:00.000","Lewis","WA","Truck","5","0","5","26662","26667","0.01874976562792965087936400795"
"2021-10-31T00:00:00.000","Montgomery","MD","Passenger","3","5","8","186","194","4.123711340206185567010309278"
"2021-10-31T00:00:00.000","Montgomery","PA","Passenger","2","0","2","12","14","14.28571428571428571428571429"
"2021-10-31T00:00:00.000","Pacific","WA","Truck","0","0","0","7959","7959","0"
"2021-10-31T00:00:00.000","New Castle","DE","Passenger","1","0","1","13","14","7.142857142857142857142857143"
"2021-10-31T00:00:00.000","Pima","AZ","Passenger","0","1","1","181","182","0.5494505494505494505494505495"
"2021-10-31T00:00:00.000","Pinellas","FL","Passenger","0","1","1","55","56","1.785714285714285714285714286"
"2021-10-31T00:00:00.000","Polk","FL","Passenger","1","0","1","43","44","2.272727272727272727272727273"
"2021-10-31T00:00:00.000","Powhatan","VA","Passenger","1","0","1","1","2","50.0"
"2021-10-31T00:00:00.000","Pennington","SD","Passenger","1","0","1","24","25","4.00"
"2021-10-31T00:00:00.000","Platte","MO","Passenger","1","0","1","14","15","6.666666666666666666666666667"
"2021-10-31T00:00:00.000","San Bernardino","CA","Passenger","0","1","1","329","330","0.3030303030303030303030303030"
"2021-10-31T00:00:00.000","San Francisco","CA","Passenger","0","1","1","64","65","1.538461538461538461538461538"
"2021-10-31T00:00:00.000","Santa Cruz","CA","Passenger","1","0","1","24","25","4.00"
"2021-10-31T00:00:00.000","Skagit","WA","Passenger","667","310","977","91302","92279","1.058745760140443654569295289"
"2021-10-31T00:00:00.000","Snohomish","WA","Passenger","6760","2226","8986","537944","546930","1.642989047958605305980655660"
"2021-10-31T00:00:00.000","Spokane","WA","Truck","37","0","37","102219","102256","0.03618369582225003911750899703"
"2021-10-31T00:00:00.000","Spokane","WA","Passenger","1245","755","2000","325826","327826","0.6100797374216810137084916999"
"2021-10-31T00:00:00.000","Stevens","WA","Passenger","56","43","99","30162","30261","0.3271537622682660850599781897"
"2021-10-31T00:00:00.000","Thurston","WA","Passenger","1869","943","2812","197070","199882","1.406830029717533344673357281"
"2021-10-31T00:00:00.000","Ventura","CA","Passenger","1","1","2","224","226","0.8849557522123893805309734513"
"2021-10-31T00:00:00.000","Vigo","IN","Passenger","1","0","1","3","4","25.00"
"2021-10-31T00:00:00.000","Walla Walla","WA","Truck","3","0","3","14065","14068","0.02132499289166903611032129656"
"2021-10-31T00:00:00.000","Whitman","WA","Passenger","65","60","125","21843","21968","0.5690094683175528040786598689"
"2021-10-31T00:00:00.000","Wichita","TX","Passenger","1","0","1","35","36","2.777777777777777777777777778"
"2021-11-30T00:00:00.000","NULL","NULL","Truck","2","0","2","251","253","0.7905138339920948616600790514"
"2021-11-30T00:00:00.000","NULL","CA","Passenger","1","4","5","211","216","2.314814814814814814814814815"
"2021-11-30T00:00:00.000","NULL","WA","Passenger","0","0","0","4","4","0"
"2021-11-30T00:00:00.000","Allegheny","PA","Passenger","1","0","1","42","43","2.325581395348837209302325581"
"2021-11-30T00:00:00.000","Albemarle","VA","Passenger","2","0","2","21","23","8.695652173913043478260869565"
"2021-11-30T00:00:00.000","Bell","TX","Passenger","0","1","1","277","278","0.3597122302158273381294964029"
"2021-11-30T00:00:00.000","Baltimore","MD","Passenger","1","0","1","31","32","3.12500"
"2021-11-30T00:00:00.000","Benton","WA","Truck","23","0","23","43439","43462","0.05291979200220882610096175970"
"2021-11-30T00:00:00.000","Benton","WA","Passenger","625","433","1058","135448","136506","0.7750575066297452126646447775"
"2021-11-30T00:00:00.000","Boone","MO","Passenger","0","1","1","6","7","14.28571428571428571428571429"
"2021-11-30T00:00:00.000","Bradley","TN","Passenger","0","1","1","0","1","100"
"2021-11-30T00:00:00.000","Calvert","MD","Passenger","0","2","2","79","81","2.469135802469135802469135802"
"2021-11-30T00:00:00.000","Clallam","WA","Passenger","379","238","617","50302","50919","1.211728431430310885916848328"
"2021-11-30T00:00:00.000","Charles","MD","Passenger","1","1","2","55","57","3.508771929824561403508771930"
"2021-11-30T00:00:00.000","Columbia","WA","Truck","2","0","2","1543","1545","0.1294498381877022653721682848"
"2021-11-30T00:00:00.000","Clallam","WA","Truck","3","0","3","22035","22038","0.01361285053090117070514565750"
"2021-11-30T00:00:00.000","Dekalb","GA","Passenger","1","0","1","42","43","2.325581395348837209302325581"
"2021-11-30T00:00:00.000","Davidson","TN","Passenger","1","0","1","31","32","3.12500"
"2021-11-30T00:00:00.000","Douglas","WA","Passenger","106","56","162","28467","28629","0.5658597925180760767054385413"
"2021-11-30T00:00:00.000","Erie","NY","Passenger","1","0","1","23","24","4.166666666666666666666666667"
"2021-11-30T00:00:00.000","Fairfax","VA","Passenger","4","6","10","582","592","1.689189189189189189189189189"
"2021-11-30T00:00:00.000","Greene","MO","Passenger","0","1","1","14","15","6.666666666666666666666666667"
"2021-11-30T00:00:00.000","Flathead","MT","Passenger","1","0","1","28","29","3.448275862068965517241379310"
"2021-11-30T00:00:00.000","Howard","MD","Passenger","0","1","1","61","62","1.612903225806451612903225806"
"2021-11-30T00:00:00.000","Island","WA","Passenger","704","348","1052","62890","63942","1.645240999655938193988301899"
"2021-11-30T00:00:00.000","Kent","DE","Passenger","0","1","1","47","48","2.083333333333333333333333333"
"2021-11-30T00:00:00.000","Kings","CA","Passenger","1","0","1","297","298","0.3355704697986577181208053691"
"2021-11-30T00:00:00.000","Kitsap","WA","Truck","33","0","33","54227","54260","0.06081828234426833763361592333"
"2021-11-30T00:00:00.000","Kittitas","WA","Truck","4","0","4","14644","14648","0.02730748225013653741125068269"
"2021-11-30T00:00:00.000","Lincoln","WA","Truck","0","0","0","4779","4779","0"
"2021-11-30T00:00:00.000","Los Angeles","CA","Passenger","4","4","8","658","666","1.201201201201201201201201201"
"2021-11-30T00:00:00.000","Marin","CA","Passenger","0","1","1","27","28","3.571428571428571428571428571"
"2021-11-30T00:00:00.000","Mason","WA","Passenger","272","159","431","47475","47906","0.8996785371352231453262639335"
"2021-11-30T00:00:00.000","Montgomery","AL","Passenger","0","1","1","31","32","3.12500"
"2021-11-30T00:00:00.000","Multnomah","OR","Passenger","2","5","7","471","478","1.464435146443514644351464435"
"2021-11-30T00:00:00.000","Otero","NM","Passenger","0","1","1","30","31","3.225806451612903225806451613"
"2021-11-30T00:00:00.000","Pacific","WA","Truck","1","0","1","7957","7958","0.01256597134958532294546368434"
"2021-11-30T00:00:00.000","Okanogan","NULL","Passenger","54","37","91","20578","20669","0.4402728724176302675504378538"
"2021-11-30T00:00:00.000","Palm Beach","FL","Passenger","1","0","1","36","37","2.702702702702702702702702703"
"2021-11-30T00:00:00.000","Platte","MO","Passenger","1","0","1","14","15","6.666666666666666666666666667"
"2021-11-30T00:00:00.000","Saint Louis City","MO","Passenger","1","0","1","18","19","5.263157894736842105263157895"
"2021-11-30T00:00:00.000","Riverside","CA","Passenger","3","0","3","406","409","0.7334963325183374083129584352"
"2021-11-30T00:00:00.000","Sevier","AR","Passenger","0","1","1","0","1","100"
"2021-11-30T00:00:00.000","Saint Marys","MD","Truck","1","0","1","41","42","2.380952380952380952380952381"
"2021-11-30T00:00:00.000","Skamania","WA","Passenger","60","42","102","8294","8396","1.214864221057646498332539304"
"2021-11-30T00:00:00.000","San Bernardino","CA","Passenger","0","2","2","323","325","0.6153846153846153846153846154"
"2021-11-30T00:00:00.000","Santa Cruz","CA","Passenger","1","0","1","21","22","4.545454545454545454545454545"
"2021-11-30T00:00:00.000","Travis","TX","Passenger","1","0","1","88","89","1.123595505617977528089887640"
"2021-11-30T00:00:00.000","Skagit","WA","Truck","18","0","18","32604","32622","0.05517748758506529336030899393"
"2021-11-30T00:00:00.000","Vigo","IN","Passenger","1","0","1","3","4","25.00"
"2021-11-30T00:00:00.000","Stafford","VA","Passenger","2","0","2","78","80","2.500"
"2021-11-30T00:00:00.000","Wahkiakum","WA","Passenger","17","10","27","3063","3090","0.8737864077669902912621359223"
"2021-11-30T00:00:00.000","Wake","NC","Passenger","1","0","1","82","83","1.204819277108433734939759036"
"2021-11-30T00:00:00.000","Walla Walla","WA","Passenger","136","87","223","36215","36438","0.6119984631428728250727262748"
"2021-11-30T00:00:00.000","Whatcom","WA","Passenger","1657","671","2328","149280","151608","1.535539021687509893936995409"
"2021-11-30T00:00:00.000","Williamson","TX","Passenger","1","0","1","62","63","1.587301587301587301587301587"
"2021-11-30T00:00:00.000","Washoe","NV","Passenger","1","0","1","48","49","2.040816326530612244897959184"
"2021-11-30T00:00:00.000","Wichita","TX","Passenger","1","0","1","34","35","2.857142857142857142857142857"
"2021-12-31T00:00:00.000","Alameda","CA","Passenger","2","0","2","168","170","1.176470588235294117647058824"
"2021-11-30T00:00:00.000","Williams","ND","Passenger","0","1","1","8","9","11.11111111111111111111111111"
"2021-12-31T00:00:00.000","Bexar","TX","Passenger","2","3","5","372","377","1.326259946949602122015915119"
"2021-12-31T00:00:00.000","Allegheny","PA","Passenger","1","0","1","39","40","2.500"
"2021-12-31T00:00:00.000","Asotin","WA","Truck","2","0","2","6696","6698","0.02985965959988056136160047775"
"2021-12-31T00:00:00.000","Boulder","CO","Passenger","0","1","1","16","17","5.882352941176470588235294118"
"2021-12-31T00:00:00.000","Baltimore","MD","Passenger","1","0","1","31","32","3.12500"
"2021-12-31T00:00:00.000","Boone","MO","Passenger","0","1","1","6","7","14.28571428571428571428571429"
"2021-12-31T00:00:00.000","Chelan","WA","Truck","10","0","10","22780","22790","0.04387889425186485300570425625"
"2021-12-31T00:00:00.000","Caddo","LA","Passenger","1","0","1","6","7","14.28571428571428571428571429"
"2021-12-31T00:00:00.000","Clark","NV","Passenger","4","1","5","438","443","1.128668171557562076749435666"
"2021-12-31T00:00:00.000","Chaves","NM","Passenger","1","0","1","4","5","20.0"
"2021-12-31T00:00:00.000","Cowlitz","WA","Truck","10","0","10","28728","28738","0.03479713271626417983158187765"
"2021-12-31T00:00:00.000","Davidson","TN","Passenger","1","0","1","29","30","3.333333333333333333333333333"
"2021-12-31T00:00:00.000","Dekalb","GA","Passenger","1","0","1","41","42","2.380952380952380952380952381"
"2021-12-31T00:00:00.000","Denton","TX","Passenger","1","0","1","40","41","2.439024390243902439024390244"
"2021-12-31T00:00:00.000","El Paso","TX","Passenger","1","0","1","297","298","0.3355704697986577181208053691"
"2021-12-31T00:00:00.000","Franklin","WA","Truck","8","0","8","20661","20669","0.03870530746528617736707145967"
"2021-12-31T00:00:00.000","Fresno","CA","Passenger","1","0","1","134","135","0.7407407407407407407407407407"
"2021-12-31T00:00:00.000","Grant","WA","Truck","7","0","7","27694","27701","0.02526984585394029096422511823"
"2021-12-31T00:00:00.000","Jefferson","WA","Passenger","385","194","579","24521","25100","2.306772908366533864541832669"
"2021-12-31T00:00:00.000","Kent","DE","Passenger","0","1","1","45","46","2.173913043478260869565217391"
"2021-12-31T00:00:00.000","Kern","CA","Passenger","1","1","2","163","165","1.212121212121212121212121212"
"2021-12-31T00:00:00.000","King","WA","Passenger","35336","9989","45325","1347820","1393145","3.253430188530267847209012701"
"2021-12-31T00:00:00.000","Leavenworth","KS","Passenger","0","1","1","99","100","1.00"
"2021-12-31T00:00:00.000","Lewis","WA","Passenger","216","171","387","58973","59360","0.6519541778975741239892183288"
"2021-12-31T00:00:00.000","Los Angeles","CA","Passenger","2","4","6","640","646","0.9287925696594427244582043344"
"2021-12-31T00:00:00.000","Marin","CA","Passenger","0","1","1","26","27","3.703703703703703703703703704"
"2021-12-31T00:00:00.000","Manassas City","VA","Passenger","0","1","1","5","6","16.66666666666666666666666667"
"2021-12-31T00:00:00.000","Mecklenburg","NC","Passenger","1","0","1","57","58","1.724137931034482758620689655"
"2021-12-31T00:00:00.000","Monterey","CA","Passenger","1","0","1","132","133","0.7518796992481203007518796992"
"2021-12-31T00:00:00.000","Moore","NC","Passenger","0","1","1","109","110","0.9090909090909090909090909091"
"2021-12-31T00:00:00.000","Nueces","TX","Passenger","1","0","1","56","57","1.754385964912280701754385965"
"2021-12-31T00:00:00.000","Okanogan","WA","Passenger","13","6","19","5748","5767","0.3294607248135945899080977978"
"2021-12-31T00:00:00.000","Oldham","KY","Passenger","0","1","1","4","5","20.0"
"2021-12-31T00:00:00.000","Okanogan","NULL","Passenger","56","37","93","20471","20564","0.4522466446216689360046683525"
"2021-12-31T00:00:00.000","Palm Beach","FL","Passenger","1","0","1","33","34","2.941176470588235294117647059"
"2021-12-31T00:00:00.000","Pierce","WA","Passenger","4402","2150","6552","551597","558149","1.173880092950090388050502644"
"2021-12-31T00:00:00.000","Saint Louis City","MO","Passenger","1","0","1","17","18","5.555555555555555555555555556"
"2021-12-31T00:00:00.000","San Bernardino","CA","Passenger","1","2","3","315","318","0.9433962264150943396226415094"
"2021-12-31T00:00:00.000","San Juan","WA","Passenger","467","145","612","14024","14636","4.181470347089368679967204154"
"2021-12-31T00:00:00.000","San Juan","WA","Truck","0","0","0","5919","5919","0"
"2021-12-31T00:00:00.000","Santa Cruz","CA","Passenger","1","0","1","21","22","4.545454545454545454545454545"
"2021-12-31T00:00:00.000","Skagit","WA","Truck","22","0","22","32336","32358","0.06798936893503924840843068175"
"2021-12-31T00:00:00.000","Snohomish","WA","Truck","93","0","93","124190","124283","0.07482922040826178962529066727"
"2021-12-31T00:00:00.000","Spokane","WA","Truck","51","0","51","101627","101678","0.05015834300438639627057967309"
"2021-12-31T00:00:00.000","Stevens","WA","Truck","2","0","2","18642","18644","0.01072731173567903883286848316"
"2021-12-31T00:00:00.000","Thurston","WA","Passenger","1920","979","2899","195294","198193","1.462715635769174491530982426"
"2021-12-31T00:00:00.000","Thurston","WA","Truck","44","0","44","55475","55519","0.07925214791332696914569786920"
"2021-12-31T00:00:00.000","Washoe","NV","Passenger","1","0","1","45","46","2.173913043478260869565217391"
"2022-01-31T00:00:00.000","NULL","WA","Passenger","0","0","0","3","3","0"
"2021-12-31T00:00:00.000","Wichita","TX","Passenger","1","0","1","34","35","2.857142857142857142857142857"
"2021-12-31T00:00:00.000","Yakima","WA","Passenger","296","181","477","167515","167992","0.2839420924805943140149530930"
"2022-01-31T00:00:00.000","Benton","WA","Passenger","648","451","1099","133890","134989","0.8141404114409322241071494714"
"2021-12-31T00:00:00.000","Yamhill","OR","Passenger","1","0","1","26","27","3.703703703703703703703703704"
"2022-01-31T00:00:00.000","Carroll","MD","Passenger","0","1","1","9","10","10.0"
"2022-01-31T00:00:00.000","Benton","WA","Truck","32","0","32","42918","42950","0.07450523864959254947613504075"
"2022-01-31T00:00:00.000","Chaves","NM","Passenger","1","0","1","3","4","25.00"
"2022-01-31T00:00:00.000","Clallam","WA","Passenger","396","237","633","49569","50202","1.260905940002390343014222541"
"2022-01-31T00:00:00.000","Cumberland","NC","Passenger","0","2","2","343","345","0.5797101449275362318840579710"
"2022-01-31T00:00:00.000","Charles","MD","Passenger","1","1","2","52","54","3.703703703703703703703703704"
"2022-01-31T00:00:00.000","Chelan","WA","Truck","11","0","11","22548","22559","0.04876102664125182853849904694"
"2022-01-31T00:00:00.000","Chesapeake City","VA","Passenger","1","2","3","312","315","0.9523809523809523809523809524"
"2022-01-31T00:00:00.000","Denton","TX","Passenger","1","0","1","36","37","2.702702702702702702702702703"
"2022-01-31T00:00:00.000","Clallam","WA","Truck","5","0","5","21793","21798","0.02293788420956051013854482063"
"2022-01-31T00:00:00.000","Clark","WA","Passenger","3560","1559","5119","314069","319188","1.603757033472436307129340702"
"2022-01-31T00:00:00.000","Duval","FL","Passenger","0","1","1","227","228","0.4385964912280701754385964912"
"2022-01-31T00:00:00.000","Ferry","WA","Truck","0","0","0","3479","3479","0"
"2022-01-31T00:00:00.000","Greene","MO","Passenger","0","1","1","13","14","7.142857142857142857142857143"
"2022-01-31T00:00:00.000","Honolulu","HI","Passenger","3","1","4","231","235","1.702127659574468085106382979"
"2022-01-31T00:00:00.000","Fresno","CA","Passenger","1","0","1","130","131","0.7633587786259541984732824427"
"2022-01-31T00:00:00.000","Glacier","MT","Passenger","0","1","1","4","5","20.0"
"2022-01-31T00:00:00.000","Kings","NY","Passenger","1","0","1","44","45","2.222222222222222222222222222"
"2022-01-31T00:00:00.000","Kern","CA","Passenger","1","1","2","159","161","1.242236024844720496894409938"
"2022-01-31T00:00:00.000","Nueces","TX","Passenger","1","0","1","53","54","1.851851851851851851851851852"
"2022-01-31T00:00:00.000","Leavenworth","KS","Passenger","0","1","1","96","97","1.030927835051546391752577320"
"2022-01-31T00:00:00.000","Lincoln","WA","Passenger","8","17","25","7629","7654","0.3266266004703423046772929187"
"2022-01-31T00:00:00.000","Monterey","CA","Passenger","1","0","1","129","130","0.7692307692307692307692307692"
"2022-01-31T00:00:00.000","Otero","NM","Passenger","0","1","1","29","30","3.333333333333333333333333333"
"2022-01-31T00:00:00.000","Pacific","WA","Truck","2","0","2","7884","7886","0.02536139994927720010144559980"
"2022-01-31T00:00:00.000","Pend Oreille","WA","Passenger","16","9","25","8921","8946","0.2794545048066174826738207020"
"2022-01-31T00:00:00.000","Plaquemines","LA","Passenger","0","1","1","18","19","5.263157894736842105263157895"
"2022-01-31T00:00:00.000","Williams","ND","Passenger","0","1","1","8","9","11.11111111111111111111111111"
"2022-01-31T00:00:00.000","Prince William","VA","Truck","1","0","1","22","23","4.347826086956521739130434783"
"2022-01-31T00:00:00.000","Yakima","WA","Passenger","304","185","489","165939","166428","0.2938207513158843463840219194"
"2022-01-31T00:00:00.000","Riley","KS","Passenger","1","0","1","39","40","2.500"
"2022-02-28T00:00:00.000","Adams","WA","Passenger","17","16","33","12601","12634","0.2611999366788032293810353016"
"2022-01-31T00:00:00.000","San Juan","WA","Passenger","468","146","614","13888","14502","4.233898772583091987312094883"
"2022-01-31T00:00:00.000","Shelby","OH","Passenger","0","1","1","0","1","100"
"2022-01-31T00:00:00.000","Skamania","WA","Passenger","64","44","108","8147","8255","1.308298001211387038158691702"
"2022-02-28T00:00:00.000","Chelan","WA","Truck","12","0","12","22339","22351","0.05368887298107467227417117802"
"2022-01-31T00:00:00.000","Thurston","WA","Truck","47","0","47","55004","55051","0.08537537919383844071860638317"
"2022-02-28T00:00:00.000","Columbia","WA","Truck","1","0","1","1532","1533","0.06523157208088714938030006523"
"2022-01-31T00:00:00.000","Wahkiakum","WA","Passenger","17","11","28","3001","3029","0.9243974909210960713106635853"
"2022-01-31T00:00:00.000","Wake","NC","Passenger","1","0","1","77","78","1.282051282051282051282051282"
"2022-01-31T00:00:00.000","Whatcom","WA","Passenger","1696","672","2368","146825","149193","1.587205834053876522356947042"
"2022-01-31T00:00:00.000","Whitman","WA","Truck","5","0","5","8414","8419","0.05938947618482004988715999525"
"2022-01-31T00:00:00.000","Yamhill","OR","Passenger","1","0","1","25","26","3.846153846153846153846153846"
"2022-02-28T00:00:00.000","NULL","NULL","Passenger","5","6","11","1212","1223","0.8994276369582992641046606705"
"2022-02-28T00:00:00.000","Alexandria City","VA","Passenger","4","0","4","112","116","3.448275862068965517241379310"
"2022-02-28T00:00:00.000","Franklin","WA","Passenger","180","107","287","60438","60725","0.4726224783861671469740634006"
"2022-02-28T00:00:00.000","Bartow","GA","Passenger","0","1","1","2","3","33.33333333333333333333333333"
"2022-02-28T00:00:00.000","Calvert","MD","Passenger","0","2","2","74","76","2.631578947368421052631578947"
"2022-02-28T00:00:00.000","Charles","MD","Truck","1","0","1","12","13","7.692307692307692307692307692"
"2022-02-28T00:00:00.000","Kern","CA","Passenger","1","1","2","155","157","1.273885350318471337579617834"
"2022-02-28T00:00:00.000","King","WA","Truck","239","1","240","177614","177854","0.1349421435559503862718859289"
"2022-02-28T00:00:00.000","Lake","IL","Passenger","1","0","1","137","138","0.7246376811594202898550724638"
"2022-02-28T00:00:00.000","Clark","WA","Truck","75","0","75","81276","81351","0.09219308920603311575764280710"
"2022-02-28T00:00:00.000","Leavenworth","KS","Passenger","0","1","1","93","94","1.063829787234042553191489362"
"2022-02-28T00:00:00.000","Columbia","GA","Passenger","1","0","1","88","89","1.123595505617977528089887640"
"2022-02-28T00:00:00.000","Lewis","WA","Passenger","226","167","393","57714","58107","0.6763384790128555939903970262"
"2022-02-28T00:00:00.000","Lewis","WA","Truck","9","0","9","25804","25813","0.03486615271374888622012164413"
"2022-02-28T00:00:00.000","Cowlitz","WA","Passenger","285","170","455","69516","69971","0.6502693973217475811407583142"
"2022-02-28T00:00:00.000","Manassas City","VA","Passenger","0","1","1","5","6","16.66666666666666666666666667"
"2022-02-28T00:00:00.000","Douglas","WA","Passenger","116","58","174","27880","28054","0.6202324089256434020104084979"
"2022-02-28T00:00:00.000","Fairfax","VA","Passenger","4","5","9","542","551","1.633393829401088929219600726"
"2022-02-28T00:00:00.000","Montgomery","PA","Passenger","2","0","2","10","12","16.66666666666666666666666667"
"2022-02-28T00:00:00.000","Grant","WA","Passenger","140","99","239","64802","65041","0.3674605248996786642271797789"
"2022-02-28T00:00:00.000","Multnomah","OR","Passenger","1","3","4","413","417","0.9592326139088729016786570743"
"2022-02-28T00:00:00.000","Harris","TX","Passenger","1","0","1","103","104","0.9615384615384615384615384615"
"2022-02-28T00:00:00.000","Hillsborough","FL","Passenger","0","1","1","98","99","1.010101010101010101010101010"
"2022-02-28T00:00:00.000","Okanogan","WA","Passenger","13","6","19","5609","5628","0.3375977256574271499644633973"
"2022-02-28T00:00:00.000","Oldham","KY","Passenger","0","1","1","4","5","20.0"
"2022-02-28T00:00:00.000","Honolulu","HI","Passenger","3","1","4","222","226","1.769911504424778761061946903"
"2022-02-28T00:00:00.000","Howard","IN","Passenger","0","1","1","4","5","20.0"
"2022-02-28T00:00:00.000","Island","WA","Passenger","730","350","1080","61183","62263","1.734577517948059039879222010"
"2022-02-28T00:00:00.000","Pierce","WA","Passenger","4615","2162","6777","539732","546509","1.240052771317581229220378804"
"2022-02-28T00:00:00.000","Pierce","WA","Truck","94","0","94","140141","140235","0.06703034192605269725817377973"
"2022-02-28T00:00:00.000","King","WA","Passenger","36798","10108","46906","1325200","1372106","3.418540550074119637987152596"
"2022-02-28T00:00:00.000","Kings","NY","Passenger","1","0","1","44","45","2.222222222222222222222222222"
"2022-02-28T00:00:00.000","Kittitas","WA","Passenger","219","66","285","28805","29090","0.9797181161911309728429013407"
"2022-02-28T00:00:00.000","Riverside","CA","Passenger","3","0","3","366","369","0.8130081300813008130081300813"
"2022-02-28T00:00:00.000","Lincoln","WA","Truck","0","0","0","4702","4702","0"
"2022-02-28T00:00:00.000","Saint Clair","IL","Passenger","1","0","1","110","111","0.9009009009009009009009009009"
"2022-02-28T00:00:00.000","Santa Clara","CA","Passenger","3","0","3","147","150","2.00"
"2022-02-28T00:00:00.000","Thurston","WA","Truck","47","0","47","54351","54398","0.08640023530276848413544615611"
"2022-02-28T00:00:00.000","Norfolk City","VA","Passenger","1","1","2","268","270","0.7407407407407407407407407407"
"2022-02-28T00:00:00.000","Okanogan","WA","Truck","0","0","0","3719","3719","0"
"2022-02-28T00:00:00.000","Pend Oreille","WA","Truck","1","0","1","5497","5498","0.01818843215714805383775918516"
"2022-02-28T00:00:00.000","Philadelphia","PA","Passenger","1","0","1","30","31","3.225806451612903225806451613"
"2022-02-28T00:00:00.000","Powhatan","VA","Passenger","1","0","1","1","2","50.0"
"2022-02-28T00:00:00.000","Saint Marys","MD","Passenger","1","1","2","137","139","1.438848920863309352517985612"
"2022-02-28T00:00:00.000","San Diego","CA","Passenger","12","10","22","2033","2055","1.070559610705596107055961071"
"2022-02-28T00:00:00.000","San Francisco","CA","Passenger","0","1","1","55","56","1.785714285714285714285714286"
"2022-02-28T00:00:00.000","Skamania","WA","Truck","0","0","0","3856","3856","0"
"2022-02-28T00:00:00.000","Spokane","WA","Passenger","1392","790","2182","317909","320091","0.6816811469238435319955887544"
"2022-02-28T00:00:00.000","Wahkiakum","WA","Truck","0","0","0","1764","1764","0"
"2022-02-28T00:00:00.000","Walla Walla","WA","Passenger","149","93","242","35324","35566","0.6804251251194961480065230838"
"2022-02-28T00:00:00.000","Whatcom","WA","Truck","30","0","30","42312","42342","0.07085163667280714184497661896"
